// MilkShape 3D ASCII

Frames: 1
Frame: 1

Meshes: 18
"Mesh0" 0 0
13
0 -0.300000 3.591208 -0.696330 0.000000 0.000000 0
0 0.000000 3.729912 -0.723920 0.000000 0.000000 0
0 0.000000 3.536028 -0.973738 0.000000 0.000000 0
0 0.810599 3.474658 -1.074276 0.000000 0.000000 0
0 0.926399 2.850085 -1.097037 0.000000 0.000000 0
0 0.300000 3.259063 -0.919220 0.000000 0.000000 0
0 0.300000 3.591208 -0.696330 0.000000 0.000000 0
0 0.926399 3.890499 -0.685852 0.000000 0.000000 0
0 -0.300000 3.259063 -0.919220 0.000000 0.000000 0
0 -0.926400 2.850085 -1.097037 0.000000 0.000000 0
0 -0.810600 3.474658 -1.074276 0.000000 0.000000 0
0 0.000000 3.231473 -1.057924 0.000000 0.000000 0
0 -0.926400 3.890499 -0.685852 0.000000 0.000000 0
13
-0.051577 0.668307 -0.742095
0.000000 0.789994 -0.613115
0.000000 0.556760 -0.830673
-0.368471 0.415833 -0.831452
-0.283693 -0.017659 -0.958753
0.062886 0.340620 -0.938096
0.051576 0.668307 -0.742095
-0.320187 0.692755 -0.646196
-0.062886 0.340620 -0.938096
0.283693 -0.017659 -0.958753
0.368471 0.415833 -0.831452
0.000000 0.266432 -0.963854
0.320187 0.692755 -0.646197
12
0 0 2 1 0 2 1 1
0 3 5 4 3 5 4 1
0 6 3 7 6 3 7 1
0 8 10 9 8 10 9 1
0 5 2 11 5 2 11 1
0 2 6 1 2 6 1 1
0 6 5 3 6 5 3 1
0 2 8 11 2 8 11 1
0 8 2 0 8 2 0 1
0 10 0 12 10 0 12 1
0 0 10 8 0 10 8 1
0 5 6 2 5 6 2 1
"Mesh1" 0 1
0
0
0
"Mesh2" 0 2
0
0
0
"Mesh3" 0 3
72
0 -0.025370 -2.067355 -0.305534 0.000000 0.000000 3
0 0.075624 -2.067355 0.281211 0.000000 0.000000 3
0 -0.133731 -2.067355 -0.010360 0.000000 0.000000 3
0 0.376565 -2.067355 0.228262 0.000000 0.000000 3
0 0.227515 -2.067354 -0.350039 0.000000 0.000000 3
0 -0.133731 -2.067355 -0.010360 0.000000 0.000000 3
0 0.075624 -2.067355 0.281211 0.000000 0.000000 3
0 0.376565 -2.067355 0.228262 0.000000 0.000000 3
0 -0.025370 -2.067355 -0.305534 0.000000 0.000000 3
0 0.376565 -2.067355 0.228262 0.000000 0.000000 3
0 0.227515 -2.067354 -0.350039 0.000000 0.000000 3
0 0.127333 -0.840022 0.560755 0.000000 0.000000 5
0 0.093106 -1.272031 -0.407679 0.000000 0.000000 5
0 -0.083301 -0.840022 -0.427476 0.000000 0.000000 5
0 0.485512 -1.272031 -0.720902 0.000000 0.000000 5
0 0.544021 -1.272031 -0.446392 0.000000 0.000000 5
0 0.379317 -1.272031 -0.411287 0.000000 0.000000 5
0 0.320807 -1.272031 -0.685795 0.000000 0.000000 5
0 -0.302908 -0.948022 -0.380668 0.000000 0.000000 5
0 0.214612 -0.732021 -0.376181 0.000000 0.000000 5
0 -0.126501 -1.380031 -0.360872 0.000000 0.000000 5
0 0.156102 -0.732022 -0.650690 0.000000 0.000000 5
0 0.060729 -1.380032 0.517556 0.000000 0.000000 5
0 0.323536 -1.650030 0.404145 0.000000 0.000000 5
0 0.543143 -1.542031 0.357337 0.000000 0.000000 5
0 0.280336 -1.272031 0.470748 0.000000 0.000000 5
0 -0.092274 -0.948022 0.607562 0.000000 0.000000 5
0 0.544021 -0.624022 -0.446392 0.000000 0.000000 5
0 0.485512 -0.624022 -0.720902 0.000000 0.000000 5
0 0.379317 -1.542031 -0.411287 0.000000 0.000000 5
0 0.159710 -1.650030 -0.364480 0.000000 0.000000 5
0 0.645254 -2.926528 0.573639 0.000000 0.000000 8
0 -0.006967 -2.926529 0.573754 0.000000 0.000000 8
0 -0.000953 -2.908807 -0.212692 0.000000 0.000000 8
0 0.645254 -2.926528 0.573639 0.000000 0.000000 8
0 0.651269 -2.908806 -0.212806 0.000000 0.000000 8
0 0.136511 -2.068794 -0.009062 0.000000 0.000000 10
0 -0.074589 -2.068794 0.281247 0.000000 0.000000 10
0 -0.375207 -2.068794 0.226494 0.000000 0.000000 10
0 0.029923 -2.068794 -0.304881 0.000000 0.000000 10
0 -0.375207 -2.068794 0.226494 0.000000 0.000000 10
0 -0.222690 -2.068794 -0.350903 0.000000 0.000000 10
0 0.029923 -2.068794 -0.304881 0.000000 0.000000 10
0 0.136511 -2.068794 -0.009062 0.000000 0.000000 10
0 -0.074589 -2.068794 0.281247 0.000000 0.000000 10
0 -0.375207 -2.068794 0.226494 0.000000 0.000000 10
0 -0.222690 -2.068794 -0.350903 0.000000 0.000000 10
0 -0.380025 -1.275566 -0.411287 0.000000 0.000000 12
0 -0.544729 -1.275567 -0.446393 0.000000 0.000000 12
0 -0.486220 -1.275567 -0.720902 0.000000 0.000000 12
0 0.302200 -0.951557 -0.380668 0.000000 0.000000 12
0 -0.093814 -1.275567 -0.407679 0.000000 0.000000 12
0 -0.215319 -0.735557 -0.376182 0.000000 0.000000 12
0 0.125793 -1.383566 -0.360872 0.000000 0.000000 12
0 -0.486220 -0.627557 -0.720902 0.000000 0.000000 12
0 -0.281044 -1.275567 0.470748 0.000000 0.000000 12
0 -0.543851 -1.545566 0.357337 0.000000 0.000000 12
0 -0.324244 -1.653566 0.404144 0.000000 0.000000 12
0 -0.061437 -1.383567 0.517556 0.000000 0.000000 12
0 -0.544729 -0.627557 -0.446392 0.000000 0.000000 12
0 -0.156809 -0.735557 -0.650690 0.000000 0.000000 12
0 0.091566 -0.951557 0.607562 0.000000 0.000000 12
0 -0.160418 -1.653566 -0.364480 0.000000 0.000000 12
0 -0.380025 -1.545566 -0.411288 0.000000 0.000000 12
0 -0.128041 -0.843557 0.560755 0.000000 0.000000 12
0 0.082593 -0.843557 -0.427476 0.000000 0.000000 12
0 -0.321515 -1.275566 -0.685795 0.000000 0.000000 12
0 -0.644832 -2.920353 0.573640 0.000000 0.000000 15
0 -0.650847 -2.902631 -0.212806 0.000000 0.000000 15
0 -0.644832 -2.920353 0.573640 0.000000 0.000000 15
0 0.001375 -2.902631 -0.212693 0.000000 0.000000 15
0 0.007389 -2.920353 0.573754 0.000000 0.000000 15
72
-0.433848 -0.155634 -0.626314
-0.288471 -0.120574 0.668629
-0.904918 0.036288 0.090939
0.497868 -0.438183 0.479623
0.330941 -0.012926 -0.549121
-0.904918 0.036288 0.090939
-0.288471 -0.120574 0.668629
0.497868 -0.438183 0.479623
-0.433848 -0.155634 -0.626314
0.497868 -0.438183 0.479623
0.330941 -0.012926 -0.549121
0.704346 -0.190889 0.683709
0.466586 0.302759 -0.831044
0.001316 -0.161315 -0.986902
0.444310 -0.577352 -0.685020
0.685019 -0.577351 0.444314
-0.382470 -0.684389 0.620748
-0.602346 -0.684390 -0.410840
-0.900460 -0.031468 -0.433798
0.287482 -0.772453 0.566278
-0.565904 -0.398442 -0.721801
-0.556503 -0.281983 -0.781531
-0.375910 -0.471143 0.797944
0.008077 -0.867783 0.496878
0.868009 -0.200800 0.454136
0.764901 0.302759 0.568563
-0.642505 0.000391 0.766282
0.891206 -0.176724 0.417755
0.523413 0.253512 -0.813493
0.607392 -0.200799 -0.768606
-0.195232 -0.867782 -0.456988
0.444385 -0.399082 0.344398
-0.292176 -0.489277 0.186466
-0.280456 -0.484277 -0.196844
0.444385 -0.399082 0.344398
0.275093 -0.532537 -0.210409
0.904876 0.036180 0.090939
0.288458 -0.120593 0.668610
-0.497887 -0.438161 0.479647
0.433836 -0.155652 -0.626296
-0.497887 -0.438161 0.479647
-0.330953 -0.012909 -0.549138
0.433836 -0.155652 -0.626296
0.904876 0.036180 0.090939
0.288458 -0.120593 0.668610
-0.497887 -0.438161 0.479647
-0.330953 -0.012909 -0.549138
0.382470 -0.684389 0.620748
-0.685019 -0.577351 0.444314
-0.444310 -0.577352 -0.685021
0.900460 -0.031468 -0.433798
-0.466586 0.302759 -0.831044
-0.287482 -0.772453 0.566278
0.565904 -0.398442 -0.721801
-0.523413 0.253512 -0.813493
-0.764901 0.302759 0.568563
-0.868010 -0.200800 0.454135
-0.008077 -0.867783 0.496878
0.375910 -0.471144 0.797944
-0.891207 -0.176724 0.417755
0.556503 -0.281983 -0.781531
0.642505 0.000391 0.766282
0.195232 -0.867782 -0.456988
-0.607392 -0.200799 -0.768606
-0.704346 -0.190889 0.683709
-0.001316 -0.161314 -0.986902
0.602346 -0.684390 -0.410840
-0.444530 -0.399010 0.344545
-0.275302 -0.532534 -0.210633
-0.444530 -0.399010 0.344545
0.280664 -0.484483 -0.197068
0.292382 -0.489479 0.186671
104
0 34 4 3 34 4 3 1
0 34 35 4 34 35 4 1
0 32 5 33 32 5 33 1
0 5 32 6 5 32 6 1
0 31 6 32 31 6 32 1
0 31 7 6 31 7 6 1
0 33 8 4 33 8 4 1
0 33 4 35 33 4 35 1
0 33 5 8 33 5 8 1
0 9 28 27 9 28 27 1
0 9 10 28 9 10 28 1
0 0 21 28 0 21 28 1
0 22 24 23 22 24 23 1
0 22 25 24 22 25 24 1
0 26 2 1 26 2 1 1
0 29 23 24 29 23 24 1
0 29 30 23 29 30 23 1
0 25 26 11 25 26 11 1
0 25 22 26 25 22 26 1
0 11 13 12 11 13 12 1
0 14 16 15 14 16 15 1
0 14 17 16 14 17 16 1
0 18 13 0 18 13 0 1
0 11 12 25 11 12 25 1
0 2 18 0 2 18 0 1
0 11 19 21 11 19 21 1
0 19 9 27 19 9 27 1
0 27 16 19 27 16 19 1
0 27 15 16 27 15 16 1
0 22 18 26 22 18 26 1
0 22 20 18 22 20 18 1
0 19 17 21 19 17 21 1
0 19 16 17 19 16 17 1
0 12 30 29 12 30 29 1
0 12 20 30 12 20 30 1
0 21 14 28 21 14 28 1
0 21 17 14 21 17 14 1
0 20 12 13 20 12 13 1
0 11 21 13 11 21 13 1
0 0 13 21 0 13 21 1
0 20 23 30 20 23 30 1
0 20 22 23 20 22 23 1
0 20 13 18 20 13 18 1
0 15 28 14 15 28 14 1
0 15 27 28 15 27 28 1
0 11 26 1 11 26 1 1
0 2 26 18 2 26 18 1
0 0 28 10 0 28 10 1
0 19 11 9 19 11 9 1
0 25 29 24 25 29 24 1
0 25 12 29 25 12 29 1
0 11 1 9 11 1 9 1
0 45 68 67 45 68 67 1
0 45 46 68 45 46 68 1
0 36 71 70 36 71 70 1
0 71 36 37 71 36 37 1
0 38 71 37 38 71 37 1
0 38 69 71 38 69 71 1
0 39 70 68 39 70 68 1
0 39 68 46 39 68 46 1
0 36 70 39 36 70 39 1
0 54 40 59 54 40 59 1
0 41 40 54 41 40 54 1
0 60 42 54 60 42 54 1
0 55 57 56 55 57 56 1
0 55 58 57 55 58 57 1
0 43 61 44 43 61 44 1
0 62 56 57 62 56 57 1
0 62 63 56 62 63 56 1
0 58 64 61 58 64 61 1
0 58 55 64 58 55 64 1
0 65 64 55 65 64 55 1
0 66 48 47 66 48 47 1
0 66 49 48 66 49 48 1
0 65 50 42 65 50 42 1
0 65 55 51 65 55 51 1
0 50 43 42 50 43 42 1
0 52 64 65 52 64 65 1
0 40 52 59 40 52 59 1
0 48 52 47 48 52 47 1
0 48 59 52 48 59 52 1
0 53 61 50 53 61 50 1
0 53 58 61 53 58 61 1
0 47 60 66 47 60 66 1
0 47 52 60 47 52 60 1
0 53 63 62 53 63 62 1
0 53 51 63 53 51 63 1
0 66 54 49 66 54 49 1
0 66 60 54 66 60 54 1
0 51 53 65 51 53 65 1
0 52 65 60 52 65 60 1
0 65 42 60 65 42 60 1
0 58 62 57 58 62 57 1
0 58 53 62 58 53 62 1
0 65 53 50 65 53 50 1
0 59 49 54 59 49 54 1
0 59 48 49 59 48 49 1
0 61 64 44 61 64 44 1
0 61 43 50 61 43 50 1
0 54 42 41 54 42 41 1
0 64 52 40 64 52 40 1
0 51 56 63 51 56 63 1
0 51 55 56 51 55 56 1
0 44 64 40 44 64 40 1
"Mesh4" 0 4
8
0 -0.355094 0.989450 -0.136789 0.000000 0.000000 9
0 -0.318145 1.478890 -0.142541 0.000000 0.000000 9
0 -0.000010 1.436596 -0.421637 0.000000 0.000000 9
0 0.356583 0.981517 -0.136696 0.000000 0.000000 9
0 0.318125 1.478890 -0.142541 0.000000 0.000000 9
0 -0.000010 0.840286 -0.469730 0.000000 0.000000 9
0 -0.000010 0.984029 0.329247 0.000000 0.000000 9
0 -0.000010 1.504476 0.252712 0.000000 0.000000 9
8
-0.971599 0.213218 -0.102631
-0.920433 0.079133 -0.382807
0.000000 0.080390 -0.996764
0.971244 0.214802 -0.102693
0.920175 0.079935 -0.383261
-0.000108 0.232256 -0.972655
-0.000085 0.293348 0.956006
-0.000306 0.127841 0.991795
8
0 1 5 2 1 5 2 1
0 6 1 7 6 1 7 1
0 6 0 1 6 0 1 1
0 3 7 4 3 7 4 1
0 3 6 7 3 6 7 1
0 5 4 2 5 4 2 1
0 0 5 1 0 5 1 1
0 5 3 4 5 3 4 1
"Mesh5" 0 5
16
0 -0.747398 0.881462 -0.907442 0.000000 0.000000 1
0 -0.752000 0.933493 -0.907442 0.000000 0.000000 1
0 0.752000 0.933494 -0.907442 0.000000 0.000000 1
0 0.747398 0.881462 -0.907442 0.000000 0.000000 1
0 0.747398 0.538462 -0.907442 0.000000 0.000000 1
0 0.752000 0.483494 -0.907442 0.000000 0.000000 1
0 -0.752000 0.483494 -0.907442 0.000000 0.000000 1
0 -0.747398 0.538462 -0.907442 0.000000 0.000000 1
0 0.800000 0.877244 -0.907442 0.000000 0.000000 1
0 -0.800000 0.877244 -0.907442 0.000000 0.000000 1
0 -0.203412 0.537298 -0.907442 0.000000 0.000000 1
0 -0.123408 0.882639 -0.907442 0.000000 0.000000 1
0 0.123407 0.882639 -0.907442 0.000000 0.000000 1
0 0.203412 0.537298 -0.907442 0.000000 0.000000 1
0 -0.800000 0.539744 -0.907442 0.000000 0.000000 1
0 0.800000 0.539744 -0.907442 0.000000 0.000000 1
16
0.000000 0.000000 -1.000000
0.000000 0.000000 -1.000000
0.000000 0.000000 -1.000000
0.000000 0.000000 -1.000000
0.000000 0.000000 -1.000000
0.000000 0.000000 -1.000000
0.000000 0.000000 -1.000000
0.000000 0.000000 -1.000000
0.000000 0.000000 -1.000000
0.000000 0.000000 -1.000000
0.000000 0.000000 -1.000000
0.000000 0.000000 -1.000000
0.000000 0.000000 -1.000000
0.000000 0.000000 -1.000000
0.000000 0.000000 -1.000000
0.000000 0.000000 -1.000000
14
0 0 2 1 0 2 1 1
0 0 3 2 0 3 2 1
0 4 6 5 4 6 5 1
0 4 7 6 4 7 6 1
0 3 8 2 3 8 2 1
0 9 0 1 9 0 1 1
0 10 12 11 10 12 11 1
0 10 13 12 10 13 12 1
0 7 14 6 7 14 6 1
0 14 0 9 14 0 9 1
0 14 7 0 14 7 0 1
0 15 4 5 15 4 5 1
0 4 8 3 4 8 3 1
0 4 15 8 4 15 8 1
"Mesh6" 0 6
30
0 -0.525239 3.665731 -0.057516 0.689142 0.067701 0
0 -1.100001 3.332021 0.549663 0.906302 0.167654 0
0 -0.000004 3.498409 0.716814 0.490694 0.110105 0
0 -1.400001 3.328468 0.346110 0.988400 0.168555 0
0 -0.900001 3.524914 -0.007444 0.846362 0.103389 0
0 -0.000004 3.498409 0.716814 0.490694 0.110105 0
0 1.100002 3.359200 0.549663 0.106333 0.145385 0
0 0.525231 3.665731 -0.057516 0.325893 0.068359 0
0 1.250001 1.624913 -0.007444 0.096534 0.584902 0
0 1.400001 2.375434 0.496110 0.039860 0.319703 0
0 0.925000 0.992807 0.499663 0.158482 0.731934 0
0 -1.400001 3.328468 -0.360997 0.988400 0.168555 0
0 -0.925001 0.992807 0.499663 0.841518 0.729736 0
0 -1.400001 2.375436 0.496110 0.988400 0.335083 0
0 -1.250001 1.624914 -0.007444 0.931726 0.600283 0
0 1.100002 2.524913 0.942556 0.106333 0.356817 0
0 -1.100001 2.524915 0.942556 0.906302 0.372197 0
0 0.900002 3.552093 -0.007444 0.180804 0.088135 0
0 0.000000 0.967807 0.649663 0.490693 0.751431 0
0 1.400002 3.355646 0.346110 0.039860 0.146286 0
0 1.400002 3.355646 -0.360997 0.039860 0.146286 0
0 1.162501 1.055306 -0.107444 0.040179 0.701172 0
0 -1.162501 1.055307 -0.107444 0.919643 0.692383 0
0 -1.400001 2.178990 -0.007444 0.988400 0.384869 0
0 1.400001 2.178988 -0.007444 0.039860 0.369488 0
0 -1.000002 0.417807 0.549664 0.868520 0.906197 2
0 -0.000002 0.467807 0.699664 0.490693 0.878145 2
0 0.999999 0.417806 0.549664 0.144117 0.890816 2
0 1.299998 0.246359 -0.078891 0.093269 0.934265 2
0 -1.300002 0.246360 -0.078891 0.950617 0.949646 2
30
-0.445796 0.770775 -0.125731
-0.326859 0.847920 0.417366
-0.005888 0.686668 0.608973
-0.692713 0.349208 0.514567
-0.301187 0.953219 0.025673
-0.005888 0.686668 0.608973
0.465379 0.736386 0.491078
0.413004 0.778290 -0.125950
0.969046 -0.236343 0.071353
0.179599 -0.041501 0.666681
0.774111 -0.104897 0.624299
-0.729086 0.298263 -0.490893
-0.774111 -0.104896 0.624299
-0.196789 -0.087093 0.615229
-0.969047 -0.236342 0.071353
0.499734 -0.143275 0.854247
-0.511691 -0.062278 0.856909
0.275982 0.960777 0.027214
0.000000 -0.052662 0.998612
0.688608 0.263363 0.529925
0.725228 0.290550 -0.497335
0.989229 -0.000975 0.146372
-0.989229 -0.000974 0.146371
-0.311334 -0.201937 0.006282
0.311333 -0.201939 0.006282
-0.544804 0.167461 0.813174
0.000000 0.213528 0.969935
0.544804 0.167462 0.813174
0.979684 0.177425 0.086967
-0.979684 0.177425 0.086968
31
0 0 2 1 0 2 1 1
0 3 4 1 3 4 1 1
0 5 7 6 5 7 6 1
0 8 10 9 8 10 9 1
0 4 3 11 4 3 11 1
0 12 14 13 12 14 13 1
0 10 15 9 10 15 9 1
0 13 16 12 13 16 12 1
0 16 3 1 16 3 1 1
0 16 13 3 16 13 3 1
0 6 7 17 6 7 17 1
0 0 1 4 0 1 4 1
0 25 18 26 25 18 26 1
0 18 27 26 18 27 26 1
0 10 28 27 10 28 27 1
0 29 12 25 29 12 25 1
0 9 6 19 9 6 19 1
0 9 15 6 9 15 6 1
0 17 19 6 17 19 6 1
0 17 20 19 17 20 19 1
0 8 21 10 8 21 10 1
0 21 28 10 21 28 10 1
0 22 14 12 22 14 12 1
0 29 22 12 29 22 12 1
0 13 14 23 13 14 23 1
0 8 9 24 8 9 24 1
0 18 16 15 18 16 15 1
0 18 15 10 18 15 10 1
0 16 18 12 16 18 12 1
0 18 25 12 18 25 12 1
0 27 18 10 27 18 10 1
"Mesh7" 0 7
41
0 1.400002 3.355646 -0.360997 0.984375 0.084301 0
0 1.100002 3.359200 -0.714550 0.892857 0.083357 0
0 0.900002 3.552093 -0.007444 0.821429 0.062869 0
0 -1.100001 3.332021 -0.714550 0.107143 0.090578 0
0 -0.900001 3.524914 -0.007444 0.178571 0.070090 0
0 -0.525239 3.665731 -0.057516 0.312415 0.032677 0
0 -0.000004 3.346188 -0.758167 0.495536 0.083740 0
0 1.100002 2.724913 -0.907444 0.892857 0.251880 0
0 0.412501 2.692553 -0.971054 0.647321 0.260477 0
0 -0.425000 1.117807 -0.989551 0.348214 0.678869 0
0 -1.100001 1.117808 -0.914550 0.107143 0.678869 0
0 -1.100001 2.724915 -0.907444 0.107143 0.251879 0
0 -0.412500 2.692554 -0.971054 0.352679 0.260477 0
0 -1.400001 2.375436 -0.560997 0.015625 0.266108 0
0 0.525231 3.665731 -0.057516 0.687582 0.032677 0
0 1.400001 2.375434 -0.560997 0.984375 0.266108 0
0 1.400001 2.178988 -0.007444 0.984375 0.318302 0
0 1.250001 1.624913 -0.007444 0.946428 0.544137 0
0 -1.250001 1.624914 -0.007444 0.053571 0.544137 0
0 -1.400001 2.178990 -0.007444 0.015625 0.318302 0
0 0.000000 0.417807 -1.164550 0.500000 0.880232 0
0 1.100001 1.117806 -0.914550 0.892857 0.678869 0
0 1.162501 1.055306 -0.107444 0.915178 0.695475 0
0 -1.162501 1.055307 -0.107444 0.084821 0.695475 0
0 -1.400001 3.328468 -0.360997 0.015625 0.091522 0
0 0.425000 1.117807 -0.989550 0.651786 0.678869 0
0 0.525231 3.665731 -0.057516 0.685941 0.584528 0
0 -0.000004 3.346188 -0.758167 0.500088 0.720320 0
0 -0.525239 3.665731 -0.057516 0.314236 0.584528 0
0 -0.000004 3.498409 0.716814 0.546963 0.655633 0
0 -0.000004 3.498409 0.716814 0.484463 0.655633 0
0 -0.000002 0.024914 -1.207443 0.500000 0.984619 2
0 1.099998 0.074913 -0.807443 0.892856 0.971335 2
0 -1.100002 0.074914 -0.807443 0.107143 0.971335 2
0 1.299998 0.246359 -0.078891 0.964285 0.941164 2
0 -1.300002 0.246360 -0.078891 0.035714 0.941164 2
0 -0.000010 0.840286 -0.469730 0.500086 0.448862 9
0 -0.355094 0.989450 -0.136789 0.374441 0.385474 9
0 0.356583 0.981517 -0.136696 0.626265 0.388846 9
0 -0.000010 0.984029 0.329247 0.546961 0.387778 9
0 -0.000010 0.984029 0.329247 0.484461 0.387778 9
41
0.725228 0.290550 -0.497335
0.273741 0.707324 -0.651735
0.275982 0.960777 0.027214
-0.292495 0.705916 -0.645080
-0.301187 0.953219 0.025673
-0.445796 0.770775 -0.125731
-0.004759 0.546847 -0.834748
0.540097 0.132503 -0.831107
0.052411 0.161555 -0.985471
-0.062530 0.090505 -0.993931
-0.781608 0.023598 -0.623324
-0.471189 0.117188 -0.874213
-0.034926 0.165533 -0.985586
-0.206529 -0.092090 -0.606488
0.413004 0.778290 -0.125950
0.206048 -0.092834 -0.606517
0.311333 -0.201939 0.006282
0.969046 -0.236343 0.071353
-0.969047 -0.236342 0.071353
-0.311334 -0.201937 0.006282
0.000000 0.090229 -0.995921
0.715944 0.022960 -0.697780
0.989229 -0.000975 0.146372
-0.989229 -0.000974 0.146371
-0.729086 0.298263 -0.490893
0.044101 0.092012 -0.994781
0.413004 0.778290 -0.125950
-0.004759 0.546847 -0.834748
-0.445796 0.770775 -0.125731
-0.005888 0.686668 0.608973
-0.005888 0.686668 0.608973
0.000000 -0.020638 -0.991405
0.637485 0.082145 -0.760554
-0.637485 0.082144 -0.760554
0.979684 0.177425 0.086967
-0.979684 0.177425 0.086968
-0.000108 0.232256 -0.972655
-0.971599 0.213218 -0.102631
0.971244 0.214802 -0.102693
-0.000085 0.293348 0.956006
-0.000085 0.293348 0.956006
48
0 0 2 1 0 2 1 1
0 3 5 4 3 5 4 1
0 3 6 5 3 6 5 1
0 7 0 1 7 0 1 1
0 1 8 7 1 8 7 1
0 9 11 10 9 11 10 1
0 9 12 11 9 12 11 1
0 11 13 10 11 13 10 1
0 6 1 14 6 1 14 1
0 15 17 16 15 17 16 1
0 18 13 19 18 13 19 1
0 14 1 2 14 1 2 1
0 32 20 31 32 20 31 1
0 20 10 33 20 10 33 1
0 21 20 32 21 20 32 1
0 20 33 31 20 33 31 1
0 34 21 32 34 21 32 1
0 10 35 33 10 35 33 1
0 34 22 21 34 22 21 1
0 23 35 10 23 35 10 1
0 18 23 10 18 23 10 1
0 22 17 21 22 17 21 1
0 24 11 3 24 11 3 1
0 11 24 13 11 24 13 1
0 15 7 21 15 7 21 1
0 7 15 0 7 15 0 1
0 12 3 11 12 3 11 1
0 4 24 3 4 24 3 1
0 13 18 10 13 18 10 1
0 17 15 21 17 15 21 1
0 20 25 9 20 25 9 1
0 8 21 7 8 21 7 1
0 8 25 21 8 25 21 1
0 25 12 9 25 12 9 1
0 25 8 12 25 8 12 1
0 6 12 8 6 12 8 1
0 10 20 9 10 20 9 1
0 20 21 25 20 21 25 1
0 8 1 6 8 1 6 1
0 3 12 6 3 12 6 1
0 26 36 27 26 36 27 1
0 36 28 27 36 28 27 1
0 36 37 28 36 37 28 1
0 38 36 26 38 36 26 1
0 39 26 29 39 26 29 1
0 39 38 26 39 38 26 1
0 37 30 28 37 30 28 1
0 37 40 30 37 40 30 1
"Mesh8" 0 8
242
0 2.236044 2.952392 2.197423 0.477679 0.982422 0
0 0.798736 2.877976 2.967516 0.013393 0.980225 0
0 1.136744 4.820271 2.383505 0.250000 0.527588 0
0 1.930531 3.304963 2.561037 0.281250 0.806640 0
0 1.754373 5.170746 1.596827 0.475446 0.531983 0
0 0.001514 -2.122846 3.172015 0.762508 0.815469 0
0 -0.352433 -1.602133 2.494188 0.555044 0.787535 0
0 0.000000 -1.142370 0.603764 0.762508 0.952462 0
0 0.757414 -0.664351 3.815474 0.953527 0.581283 0
0 0.352433 -1.602133 2.494188 0.845443 0.870592 0
0 -0.352433 -1.602133 2.494188 0.657325 0.870592 0
0 0.352433 -1.602133 2.494188 0.982328 0.787535 0
0 0.037007 -1.390123 4.485610 0.770250 0.477621 0
0 0.757414 -0.664351 3.815474 0.975535 0.453934 0
0 0.032651 0.797537 4.454792 0.777603 0.038392 0
0 -0.722990 -0.664351 3.815474 0.571238 0.453934 0
0 -0.722990 -0.664351 3.815474 0.558429 0.581283 0
0 0.032651 0.797537 4.454792 0.760098 0.130284 0
0 0.723445 -3.128586 2.670597 0.656250 0.516602 0
0 1.382344 -4.421821 2.026315 0.741071 0.890137 0
0 0.994485 -3.300014 1.836998 0.825893 0.494629 0
0 0.931684 -4.421821 1.412189 0.698560 0.825431 0
0 1.382344 -4.421821 2.026315 0.828625 0.825431 0
0 0.723445 -3.128586 2.670597 0.810293 0.496092 0
0 0.994485 -3.300014 1.836998 0.804851 0.558895 0
0 0.931684 -4.421821 1.412189 0.788565 0.844737 0
0 0.272785 -3.128586 2.056471 0.617688 0.515214 0
0 1.443161 -4.001025 1.486019 0.863839 0.804443 0
0 1.338477 -2.760184 1.541815 0.803571 0.626465 0
0 1.997776 -1.373899 1.068998 0.928098 0.283068 0
0 1.493370 -1.373899 2.157095 0.718750 0.252929 0
0 1.338477 -2.760184 1.541815 0.788001 0.835550 0
0 0.842972 -2.404655 1.498933 0.670966 0.800364 0
0 0.000000 -1.142370 0.603764 0.471861 0.675437 0
0 1.293633 -2.404655 2.113059 0.716518 0.782471 0
0 1.493370 -1.373899 2.157095 0.765625 0.452880 0
0 0.352433 -1.602133 2.494188 0.598214 0.468261 0
0 1.293633 -2.404655 2.113059 0.669643 0.582520 0
0 0.842972 -2.404655 1.498933 0.720982 0.786865 0
0 0.352433 -1.602133 2.494188 0.924107 0.444092 0
0 0.000000 -1.142370 0.603764 0.625000 0.494629 0
0 0.938655 1.460436 1.046200 0.718440 0.268998 0
0 1.997776 -1.373899 1.068998 0.895632 0.845805 0
0 0.000000 -1.142370 0.603764 0.561402 0.798687 0
0 1.293633 -2.404655 2.113059 0.803022 0.311732 0
0 0.842972 -2.404655 1.498933 0.672957 0.311732 0
0 1.293633 -2.404655 2.113059 0.904018 0.778077 0
0 1.493370 -1.373899 2.157095 0.591518 0.879150 0
0 1.997776 -1.373899 1.068998 0.917411 0.898925 0
0 0.938655 1.460436 1.046200 0.964286 0.417724 0
0 0.352433 -1.602133 2.494188 0.776786 0.956055 0
0 1.493370 -1.373899 2.157095 0.975446 0.969238 0
0 0.739660 0.678526 3.354746 0.959821 0.430908 0
0 1.382344 -4.421821 2.026315 0.008929 0.745117 0
0 0.931684 -4.421821 1.412189 0.008929 0.551758 0
0 1.443161 -4.001025 1.486019 0.129464 0.652832 0
0 0.931684 -4.421821 1.412189 0.691919 1.000000 0
0 0.994485 -3.300014 1.836998 0.706752 0.888976 0
0 1.443161 -4.001025 1.486019 0.812726 0.958354 0
0 1.338477 -2.760184 1.541815 0.886161 0.250732 0
0 1.293633 -2.404655 2.113059 0.691964 0.248535 0
0 0.842972 -2.404655 1.498933 0.765559 0.330753 0
0 1.338477 -2.760184 1.541815 0.894061 0.421343 0
0 0.739660 0.678526 3.354746 0.618304 0.378174 0
0 0.000000 -1.142370 0.603764 0.584646 0.447920 0
0 1.997776 -1.373899 1.068998 0.942011 0.507731 0
0 1.338477 -2.760184 1.541815 0.824075 0.865846 0
0 0.902813 5.441647 1.048949 0.886161 0.050781 0
0 0.269951 4.087576 0.930873 0.863839 0.494629 0
0 -0.621385 4.014771 2.280267 0.584821 0.518799 0
0 0.285185 5.091173 1.835626 0.743304 0.085938 0
0 0.269951 4.087576 0.930873 0.018605 0.508149 0
0 0.902813 5.441647 1.048949 0.021730 0.042315 0
0 1.207528 4.670427 0.011473 0.258929 0.413330 0
0 -0.167724 3.870449 2.938679 0.747768 0.692383 0
0 0.597223 3.627102 3.064299 0.962054 0.685791 0
0 1.136744 4.820271 2.383505 0.970982 0.334229 0
0 0.876504 5.524502 2.133507 0.770089 0.338623 0
0 0.285185 5.091173 1.835626 0.569196 0.338623 0
0 1.488559 3.699908 1.714904 0.859375 0.494629 0
0 1.754373 5.170746 1.596827 0.886233 0.050635 0
0 1.136744 4.820271 2.383505 0.740353 0.085322 0
0 0.597223 3.627102 3.064299 0.578125 0.516602 0
0 1.754373 5.170746 1.596827 0.021730 0.042315 0
0 1.488559 3.699908 1.714904 0.018605 0.508149 0
0 2.214102 4.350212 0.659083 0.258929 0.413330 0
0 1.676066 3.894971 0.085023 0.500000 0.542968 0
0 1.936002 4.712059 0.085023 0.500000 0.228760 0
0 2.214102 4.350212 0.659083 0.282629 0.238925 0
0 0.269951 4.087576 0.930873 0.037946 0.441895 0
0 1.207528 4.670427 0.011473 0.282629 0.238925 0
0 1.936002 4.712059 0.085023 0.481411 0.074136 0
0 1.754373 5.170746 1.596827 0.975446 0.037597 0
0 1.488559 3.699908 1.714904 0.975637 0.976255 0
0 0.269951 4.087576 0.930873 0.837497 0.664555 0
0 1.676066 3.894971 0.085023 0.683940 0.976255 0
0 1.627970 3.507701 1.308840 0.618993 0.942079 0
0 1.448196 3.346337 0.062160 0.591135 0.664793 0
0 1.296990 3.899461 0.094055 0.825018 0.610986 0
0 0.938655 1.460436 1.046200 0.555804 0.652832 0
0 1.448196 3.346337 0.062160 0.616071 0.132080 0
0 1.627970 3.507701 1.308840 0.856377 0.215225 0
0 1.296990 3.899461 0.094055 0.802693 0.701736 0
0 0.734372 3.826964 -0.624217 0.894093 0.387033 0
0 0.341318 3.510620 -0.752549 0.779636 0.104302 0
0 0.782492 3.495203 0.162467 0.659467 0.333975 0
0 0.341318 3.510620 -0.752549 0.781250 0.149658 0
0 1.007022 3.361753 -0.852856 0.651786 0.334229 0
0 1.448196 3.346337 0.062160 0.770089 0.404541 0
0 0.782492 3.495203 0.162467 0.899554 0.211182 0
0 0.938655 1.460436 1.046200 0.698621 0.891423 0
0 1.488559 3.699908 1.714904 0.944183 0.340127 0
0 0.782492 3.495203 0.162467 0.628886 0.390520 0
0 1.296990 3.899461 0.094055 0.928571 0.742920 0
0 0.597223 3.627102 3.064299 0.612921 0.203408 0
0 1.627970 3.507701 1.308840 0.752232 0.786865 0
0 0.341318 3.510620 -0.752549 0.013393 0.538574 0
0 0.734372 3.826964 -0.624217 0.125000 0.646240 0
0 1.007022 3.361753 -0.852856 0.011161 0.742920 0
0 1.007022 3.361753 -0.852856 0.645956 0.331624 0
0 0.734372 3.826964 -0.624217 0.858746 0.175949 0
0 0.597223 3.627102 3.064299 0.705357 0.187012 0
0 0.739660 0.678526 3.354746 0.944196 0.472657 0
0 1.627970 3.507701 1.308840 0.595982 0.912109 0
0 1.488559 3.699908 1.714904 0.823449 0.196203 0
0 0.597223 3.627102 3.064299 0.612921 0.203408 0
0 1.296990 3.899461 0.094055 0.778202 0.176453 0
0 1.488559 3.699908 1.714904 0.621083 0.755830 0
0 0.352433 -1.602133 2.494188 0.825893 0.971435 0
0 0.739660 0.678526 3.354746 0.970982 0.611084 0
0 0.000000 0.276590 3.771558 0.756696 0.659424 0
0 -0.352433 -1.602133 2.494188 0.662946 0.973633 0
0 0.739660 0.678526 3.354746 0.886161 0.793457 0
0 0.597223 3.627102 3.064299 0.821429 0.230957 0
0 -0.167724 3.870449 2.938679 0.595982 0.217773 0
0 -0.739661 0.678526 3.354746 0.529018 0.580323 0
0 -0.167724 3.870449 2.938679 0.845982 0.103516 0
0 -0.621385 4.014771 2.280267 0.609375 0.096924 0
0 -0.739661 0.678526 3.354746 0.676339 0.839600 0
0 0.269951 4.087576 0.930873 0.899554 0.386963 0
0 -0.477989 3.672266 0.160054 0.645089 0.395752 0
0 -1.165458 3.899461 0.244501 0.651786 0.189209 0
0 0.938655 1.460436 1.046200 0.916295 0.749520 0
0 -0.938655 1.460436 1.046198 0.568692 0.749520 0
0 0.269951 4.087576 0.930873 0.792478 0.211517 0
0 -0.938655 1.460436 1.046198 0.607489 0.284379 0
0 0.938655 1.460436 1.046200 0.921565 0.284379 0
0 0.000000 -1.142370 0.603764 0.764527 0.814068 0
0 -0.994485 -3.300014 1.836998 0.750000 0.637451 0
0 -1.382344 -4.421821 2.026315 0.736607 0.947266 0
0 -0.723445 -3.128586 2.670597 0.879464 0.720947 0
0 -0.723445 -3.128586 2.670597 0.652934 0.539741 0
0 -1.382344 -4.421821 2.026315 0.631144 0.891733 0
0 -0.931684 -4.421821 1.412189 0.785743 0.891733 0
0 -0.272785 -3.128586 2.056471 0.868304 0.740723 0
0 -0.931684 -4.421821 1.412189 0.752232 0.947266 0
0 -0.994485 -3.300014 1.836998 0.745536 0.661621 0
0 -1.443161 -4.001025 1.486019 0.607143 0.898925 0
0 -1.493370 -1.373899 2.157095 0.743304 0.325439 0
0 -1.997776 -1.373899 1.068998 0.591518 0.329834 0
0 -1.338477 -2.760184 1.541814 0.645089 0.633057 0
0 0.000000 -1.142370 0.603764 0.589286 0.437500 0
0 -0.842972 -2.404655 1.498933 0.663382 0.784983 0
0 -1.338477 -2.760184 1.541814 0.546347 0.820169 0
0 -0.352433 -1.602133 2.494188 0.915179 0.246338 0
0 -1.293633 -2.404655 2.113059 0.805804 0.540771 0
0 -0.352433 -1.602133 2.494188 0.933036 0.562745 0
0 0.000000 -1.142370 0.603764 0.858277 0.814068 0
0 -1.997776 -1.373899 1.068998 0.524047 0.861185 0
0 -0.938655 1.460436 1.046198 0.701239 0.284379 0
0 -0.842972 -2.404655 1.498933 0.816176 0.342701 0
0 -1.293633 -2.404655 2.113059 0.661577 0.342701 0
0 -1.293633 -2.404655 2.113059 0.879464 0.835205 0
0 -0.938655 1.460436 1.046198 0.611607 0.525391 0
0 -1.997776 -1.373899 1.068998 0.602679 0.940674 0
0 -1.493370 -1.373899 2.157095 0.823661 0.929687 0
0 -0.739661 0.678526 3.354746 0.571429 0.408936 0
0 -1.493370 -1.373899 2.157095 0.522321 0.969238 0
0 -0.352433 -1.602133 2.494188 0.738839 0.969238 0
0 -1.443161 -4.001025 1.486019 0.129464 0.652832 0
0 -0.931684 -4.421821 1.412189 0.008929 0.745117 0
0 -1.382344 -4.421821 2.026315 0.008929 0.551758 0
0 -1.443161 -4.001025 1.486019 0.595982 0.890137 0
0 -1.293633 -2.404655 2.113059 0.966518 0.474854 0
0 -1.338477 -2.760184 1.541814 0.801339 0.422119 0
0 -1.338477 -2.760184 1.541814 0.805804 0.492432 0
0 -0.739661 0.678526 3.354746 0.950893 0.551758 0
0 -1.338477 -2.760184 1.541814 0.676998 0.894305 0
0 -1.997776 -1.373899 1.068998 0.580357 0.514404 0
0 0.000000 -1.142370 0.603764 0.907207 0.525527 0
0 -1.165458 3.899461 0.244501 0.803571 0.055176 0
0 -1.121252 3.471872 0.296815 0.689732 0.123291 0
0 -1.407320 3.507701 1.134416 0.870536 0.173828 0
0 -0.938655 1.460436 1.046198 0.611607 0.525391 0
0 -0.477989 3.672266 0.160054 0.729911 0.496826 0
0 -0.733192 3.507682 -0.778268 0.609375 0.444092 0
0 -1.088425 3.810213 -0.562596 0.720982 0.171631 0
0 -1.165458 3.899461 0.244501 0.872768 0.244141 0
0 -0.477989 3.672266 0.160054 0.781250 0.149658 0
0 -1.121252 3.471872 0.296815 0.651786 0.334229 0
0 -1.376454 3.307288 -0.641506 0.770089 0.404541 0
0 -0.733192 3.507682 -0.778268 0.899554 0.211182 0
0 -0.477989 3.672266 0.160054 0.768573 0.329712 0
0 0.269951 4.087576 0.930873 0.963691 0.220333 0
0 -0.938655 1.460436 1.046198 0.648397 0.912240 0
0 -1.407320 3.507701 1.134416 0.598214 0.327636 0
0 -0.621385 4.014771 2.280267 0.750000 0.745117 0
0 -1.165458 3.899461 0.244501 0.727679 0.125488 0
0 -1.376454 3.307288 -0.641506 0.013393 0.538574 0
0 -1.088425 3.810213 -0.562596 0.125000 0.646240 0
0 -0.733192 3.507682 -0.778268 0.011161 0.742920 0
0 -1.165458 3.899461 0.244501 0.825893 0.393555 0
0 -1.088425 3.810213 -0.562596 0.796875 0.145263 0
0 -1.376454 3.307288 -0.641506 0.629464 0.149658 0
0 -1.121252 3.471872 0.296815 0.631696 0.329834 0
0 -1.407320 3.507701 1.134416 0.892857 0.918701 0
0 -0.739661 0.678526 3.354746 0.558036 0.345214 0
0 -0.621385 4.014771 2.280267 0.928571 0.154053 0
0 0.269951 4.087576 0.930873 0.910714 0.347413 0
0 0.285185 5.091173 1.835626 0.250000 0.527588 0
0 -0.826944 3.907983 2.617991 0.013393 0.980225 0
0 -0.601628 4.367959 1.068123 0.477679 0.982422 0
0 -0.664614 4.643376 1.587776 0.281250 0.806640 0
0 0.902813 5.441647 1.048949 0.475446 0.531983 0
0 0.269951 4.087576 0.930873 0.578125 0.178223 0
0 1.488559 3.699908 1.714904 0.823449 0.196203 0
0 0.938655 1.460436 1.046200 0.700893 0.789062 0
0 1.488559 3.699908 1.714904 0.037946 0.441895 0
0 1.936002 4.712059 0.085023 0.481411 0.074136 0
0 0.902813 5.441647 1.048949 0.587054 0.088135 0
0 1.754373 5.170746 1.596827 0.926339 0.090332 0
0 1.936002 4.712059 0.085023 0.734375 0.626465 0
0 0.902813 5.441647 1.048949 0.564732 0.031006 0
0 -0.621385 4.014771 2.280267 0.558036 0.690186 0
0 1.448196 3.346337 0.062160 0.926158 0.427167 0
0 -1.121252 3.471872 0.296815 0.600762 0.382490 0
0 -0.167724 3.870449 2.938679 0.752232 0.103516 0
0 -1.407320 3.507701 1.134416 0.727679 0.107910 0
0 0.739660 0.678526 3.354746 0.917411 0.736328 0
0 0.272785 -3.128586 2.056471 0.680228 0.496092 0
0 -0.272785 -3.128586 2.056471 0.807533 0.539741 0
0 -0.842972 -2.404655 1.498933 0.964286 0.536377 0
242
0.235430 -0.864234 -0.444604
0.243356 -0.385083 0.890219
0.067587 0.325438 0.614880
0.602839 0.143884 0.784782
0.796332 0.506098 0.320674
-0.001459 -0.996568 -0.082770
-0.478348 -0.630899 0.610859
0.000298 -0.572780 -0.819709
0.618656 0.614809 -0.489157
0.401398 -0.684886 0.608120
-0.478348 -0.630899 0.610859
0.401398 -0.684886 0.608120
0.008081 -0.637770 0.770184
0.618656 0.614809 -0.489157
0.025710 0.590424 0.806684
-0.868155 0.378499 -0.321007
-0.868155 0.378499 -0.321007
0.025710 0.590424 0.806684
0.079986 -0.037610 0.996086
0.900672 -0.276179 0.335432
0.704531 0.288593 -0.648344
-0.528713 -0.544647 -0.651016
0.900672 -0.276179 0.335432
0.079986 -0.037610 0.996086
0.704531 0.288593 -0.648344
-0.528713 -0.544647 -0.651016
-0.742374 -0.080206 -0.665167
0.795217 0.035011 -0.605313
0.592862 -0.680870 -0.430036
0.887848 -0.108755 -0.447099
0.818465 -0.071930 0.570037
0.592862 -0.680870 -0.430036
-0.951210 -0.301808 -0.064116
0.000298 -0.572780 -0.819709
0.407196 -0.288785 0.866484
0.818465 -0.071930 0.570037
0.401398 -0.684886 0.608120
0.407196 -0.288785 0.866484
-0.951210 -0.301808 -0.064116
0.401398 -0.684886 0.608120
0.000298 -0.572780 -0.819709
0.661660 -0.006738 -0.749774
0.887848 -0.108755 -0.447099
0.000298 -0.572780 -0.819709
0.407196 -0.288785 0.866484
-0.951210 -0.301808 -0.064116
0.407196 -0.288785 0.866484
0.818465 -0.071930 0.570037
0.887848 -0.108755 -0.447099
0.661660 -0.006738 -0.749774
0.401398 -0.684886 0.608120
0.818465 -0.071930 0.570037
0.691745 -0.071581 0.718585
0.900672 -0.276179 0.335432
-0.528713 -0.544647 -0.651016
0.795217 0.035011 -0.605313
-0.528713 -0.544647 -0.651016
0.704531 0.288593 -0.648344
0.795217 0.035011 -0.605313
0.592862 -0.680870 -0.430036
0.407196 -0.288785 0.866484
-0.951210 -0.301808 -0.064116
0.592862 -0.680870 -0.430036
0.691745 -0.071581 0.718585
0.000298 -0.572780 -0.819709
0.887848 -0.108755 -0.447099
0.592862 -0.680870 -0.430036
-0.375486 0.838285 -0.393002
-0.173045 0.181297 -0.968084
-0.765798 0.627297 0.141607
-0.272801 0.536618 0.351278
-0.173045 0.181297 -0.968084
-0.375486 0.838285 -0.393002
-0.361198 0.246358 -0.899357
-0.285094 0.408955 0.866878
0.531990 0.144286 0.834367
0.067587 0.325438 0.614880
-0.047704 0.863942 0.501326
-0.272801 0.536618 0.351278
0.637708 -0.669822 0.380352
0.796332 0.506098 0.320674
0.067587 0.325438 0.614880
0.531990 0.144286 0.834367
0.796332 0.506098 0.320674
0.637708 -0.669822 0.380352
0.982834 -0.181212 -0.034632
0.233489 -0.677210 -0.697760
0.573883 0.513076 -0.638287
0.982834 -0.181212 -0.034632
-0.173045 0.181297 -0.968084
-0.361198 0.246358 -0.899357
0.573883 0.513076 -0.638287
0.796332 0.506098 0.320674
0.637708 -0.669822 0.380352
-0.173045 0.181297 -0.968084
0.233489 -0.677210 -0.697760
0.984163 0.151573 0.091915
0.740037 -0.419969 -0.525330
0.080514 0.994408 0.068341
0.661660 -0.006738 -0.749774
0.740037 -0.419969 -0.525330
0.984163 0.151573 0.091915
0.080514 0.994408 0.068341
0.319067 0.756373 -0.571048
-0.996667 -0.081295 -0.006738
-0.993453 0.112543 0.019632
-0.996667 -0.081295 -0.006738
0.380908 0.031573 -0.924074
0.740037 -0.419969 -0.525330
-0.993453 0.112543 0.019632
0.661660 -0.006738 -0.749774
0.637708 -0.669822 0.380352
-0.993453 0.112543 0.019632
0.080514 0.994408 0.068341
0.531990 0.144286 0.834367
0.984163 0.151573 0.091915
-0.996667 -0.081295 -0.006738
0.319067 0.756373 -0.571048
0.380908 0.031573 -0.924074
0.380908 0.031573 -0.924074
0.319067 0.756373 -0.571048
0.531990 0.144286 0.834367
0.691745 -0.071581 0.718585
0.984163 0.151573 0.091915
0.637708 -0.669822 0.380352
0.531990 0.144286 0.834367
0.080514 0.994408 0.068341
0.637708 -0.669822 0.380352
0.401398 -0.684886 0.608120
0.691745 -0.071581 0.718585
-0.004793 -0.214581 0.976694
-0.478348 -0.630899 0.610859
0.691745 -0.071581 0.718585
0.531990 0.144286 0.834367
-0.285094 0.408955 0.866878
-0.795207 -0.020730 0.605984
-0.285094 0.408955 0.866878
-0.765798 0.627297 0.141607
-0.795207 -0.020730 0.605984
-0.173045 0.181297 -0.968084
0.713027 -0.025717 -0.700665
-0.623073 0.767387 -0.151317
0.661660 -0.006738 -0.749774
-0.618103 -0.069778 -0.782994
-0.173045 0.181297 -0.968084
-0.618103 -0.069778 -0.782994
0.661660 -0.006738 -0.749774
0.000298 -0.572780 -0.819709
-0.704531 0.288593 -0.648344
-0.900672 -0.276179 0.335432
-0.079986 -0.037609 0.996086
-0.079986 -0.037609 0.996086
-0.900672 -0.276179 0.335432
0.528714 -0.544647 -0.651016
0.742374 -0.080206 -0.665167
0.528714 -0.544647 -0.651016
-0.704531 0.288593 -0.648344
-0.795217 0.035011 -0.605314
-0.818465 -0.071930 0.570037
-0.887848 -0.108755 -0.447099
-0.592862 -0.680870 -0.430036
0.000298 -0.572780 -0.819709
0.951210 -0.301808 -0.064116
-0.592862 -0.680870 -0.430036
-0.478348 -0.630899 0.610859
-0.407196 -0.288785 0.866484
-0.478348 -0.630899 0.610859
0.000298 -0.572780 -0.819709
-0.887848 -0.108755 -0.447099
-0.618103 -0.069778 -0.782994
0.951210 -0.301808 -0.064116
-0.407196 -0.288785 0.866484
-0.407196 -0.288785 0.866484
-0.618103 -0.069778 -0.782994
-0.887848 -0.108755 -0.447099
-0.818465 -0.071930 0.570037
-0.795207 -0.020730 0.605984
-0.818465 -0.071930 0.570037
-0.478348 -0.630899 0.610859
-0.795217 0.035011 -0.605314
0.528714 -0.544647 -0.651016
-0.900672 -0.276179 0.335432
-0.795217 0.035011 -0.605314
-0.407196 -0.288785 0.866484
-0.592862 -0.680870 -0.430036
-0.592862 -0.680870 -0.430036
-0.795207 -0.020730 0.605984
-0.592862 -0.680870 -0.430036
-0.887848 -0.108755 -0.447099
0.000298 -0.572780 -0.819709
-0.623073 0.767387 -0.151317
-0.780865 -0.510432 -0.360150
-0.996610 0.082150 0.004379
-0.618103 -0.069778 -0.782994
0.713027 -0.025717 -0.700665
0.434333 0.135942 -0.890435
-0.107649 0.873000 -0.475691
-0.623073 0.767387 -0.151317
0.713027 -0.025717 -0.700665
-0.780865 -0.510432 -0.360150
-0.751242 -0.582473 -0.310420
0.434333 0.135942 -0.890435
0.713027 -0.025717 -0.700665
-0.173045 0.181297 -0.968084
-0.618103 -0.069778 -0.782994
-0.996610 0.082150 0.004379
-0.765798 0.627297 0.141607
-0.623073 0.767387 -0.151317
-0.751242 -0.582473 -0.310420
-0.107649 0.873000 -0.475691
0.434333 0.135942 -0.890435
-0.623073 0.767387 -0.151317
-0.107649 0.873000 -0.475691
-0.751242 -0.582473 -0.310420
-0.780865 -0.510432 -0.360150
-0.996610 0.082150 0.004379
-0.795207 -0.020730 0.605984
-0.765798 0.627297 0.141607
-0.173045 0.181297 -0.968084
-0.272801 0.536618 0.351278
-0.962399 0.073933 0.261384
-0.245963 -0.764995 -0.595218
-0.710421 0.703511 -0.019365
-0.375486 0.838285 -0.393002
-0.173045 0.181297 -0.968084
0.637708 -0.669822 0.380352
0.661660 -0.006738 -0.749774
0.637708 -0.669822 0.380352
0.573883 0.513076 -0.638287
-0.375486 0.838285 -0.393002
0.796332 0.506098 0.320674
0.573883 0.513076 -0.638287
-0.375486 0.838285 -0.393002
-0.765798 0.627297 0.141607
0.740037 -0.419969 -0.525330
-0.780865 -0.510432 -0.360150
-0.285094 0.408955 0.866878
-0.996610 0.082150 0.004379
0.691745 -0.071581 0.718585
-0.742374 -0.080206 -0.665167
0.742374 -0.080206 -0.665167
0.951210 -0.301808 -0.064116
134
0 0 2 1 0 2 1 1
0 1 2 3 1 2 3 1
0 3 2 4 3 2 4 1
0 3 4 0 3 4 0 1
0 3 0 1 3 0 1 1
0 2 0 4 2 0 4 1
0 5 7 6 5 7 6 1
0 8 10 9 8 10 9 1
0 7 5 11 7 5 11 1
0 12 14 13 12 14 13 1
0 15 14 12 15 14 12 1
0 12 6 15 12 6 15 1
0 8 17 16 8 17 16 1
0 12 11 5 12 11 5 1
0 18 20 19 18 20 19 1
0 21 23 22 21 23 22 1
0 24 26 25 24 26 25 1
0 27 19 20 27 19 20 1
0 28 30 29 28 30 29 1
0 31 33 32 31 33 32 1
0 34 36 35 34 36 35 1
0 30 28 37 30 28 37 1
0 38 40 39 38 40 39 1
0 41 43 42 41 43 42 1
0 23 45 44 23 45 44 1
0 39 46 38 39 46 38 1
0 47 49 48 47 49 48 1
0 50 52 51 50 52 51 1
0 53 55 54 53 55 54 1
0 56 58 57 56 58 57 1
0 59 18 60 59 18 60 1
0 26 62 61 26 62 61 1
0 49 47 63 49 47 63 1
0 64 66 65 64 66 65 1
0 67 69 68 67 69 68 1
0 67 70 69 67 70 69 1
0 71 73 72 71 73 72 1
0 74 76 75 74 76 75 1
0 74 78 77 74 78 77 1
0 79 81 80 79 81 80 1
0 79 82 81 79 82 81 1
0 83 85 84 83 85 84 1
0 86 88 87 86 88 87 1
0 89 86 90 89 86 90 1
0 91 72 73 91 72 73 1
0 77 92 76 77 92 76 1
0 93 95 94 93 95 94 1
0 96 98 97 96 98 97 1
0 99 101 100 99 101 100 1
0 102 104 103 102 104 103 1
0 102 105 104 102 105 104 1
0 106 108 107 106 108 107 1
0 106 109 108 106 109 108 1
0 110 112 111 110 112 111 1
0 113 115 114 113 115 114 1
0 116 118 117 116 118 117 1
0 97 120 119 97 120 119 1
0 97 98 120 97 98 120 1
0 121 123 122 121 123 122 1
0 124 126 125 124 126 125 1
0 102 127 105 102 127 105 1
0 128 130 129 128 130 129 1
0 130 128 131 130 128 131 1
0 132 134 133 132 134 133 1
0 130 131 135 130 131 135 1
0 136 138 137 136 138 137 1
0 139 141 140 139 141 140 1
0 142 144 143 142 144 143 1
0 145 147 146 145 147 146 1
0 148 150 149 148 150 149 1
0 151 153 152 151 153 152 1
0 154 156 155 154 156 155 1
0 149 157 148 149 157 148 1
0 158 160 159 158 160 159 1
0 161 163 162 161 163 162 1
0 164 165 158 164 165 158 1
0 160 158 165 160 158 165 1
0 161 162 166 161 162 166 1
0 167 169 168 167 169 168 1
0 170 151 171 170 151 171 1
0 172 166 162 172 166 162 1
0 173 175 174 173 175 174 1
0 176 178 177 176 178 177 1
0 179 181 180 179 181 180 1
0 182 155 156 182 155 156 1
0 150 184 183 150 184 183 1
0 154 185 156 154 185 156 1
0 175 173 186 175 173 186 1
0 187 189 188 187 189 188 1
0 190 192 191 190 192 191 1
0 192 193 191 192 193 191 1
0 194 196 195 194 196 195 1
0 194 197 196 194 197 196 1
0 198 200 199 198 200 199 1
0 198 201 200 198 201 200 1
0 202 204 203 202 204 203 1
0 205 207 206 205 207 206 1
0 208 210 209 208 210 209 1
0 211 213 212 211 213 212 1
0 211 214 213 211 214 213 1
0 215 217 216 215 217 216 1
0 207 218 206 207 218 206 1
0 219 221 220 219 221 220 1
0 219 220 222 219 220 222 1
0 219 222 223 219 222 223 1
0 223 222 221 223 222 221 1
0 221 222 220 221 222 220 1
0 221 219 223 221 219 223 1
0 224 226 225 224 226 225 1
0 86 227 88 86 227 88 1
0 90 86 87 90 86 87 1
0 83 228 85 83 228 85 1
0 229 231 230 229 231 230 1
0 232 77 78 232 77 78 1
0 77 232 92 77 232 92 1
0 78 74 233 78 74 233 1
0 76 74 77 76 74 77 1
0 112 110 234 112 110 234 1
0 204 202 235 204 202 235 1
0 135 236 130 135 236 130 1
0 236 129 130 236 129 130 1
0 173 237 186 173 237 186 1
0 101 99 238 101 99 238 1
0 10 8 16 10 8 16 1
0 11 12 13 11 12 13 1
0 6 12 5 6 12 5 1
0 45 23 239 45 23 239 1
0 18 59 20 18 59 20 1
0 62 26 24 62 26 24 1
0 151 170 240 151 170 240 1
0 185 154 241 185 154 241 1
0 184 150 148 184 150 148 1
0 153 151 240 153 151 240 1
0 23 21 239 23 21 239 1
"Mesh9" 0 9
76
0 1.437498 -0.726863 -0.055667 0.960909 0.258616 2
0 1.099998 0.074913 -0.807443 0.801348 0.155633 2
0 1.299999 -1.000086 -0.832443 0.880188 0.442759 2
0 -0.000001 -0.800086 -1.082443 0.499588 0.279112 2
0 -0.203313 -1.925086 0.092556 0.463955 0.427586 2
0 0.196687 -1.925086 0.092556 0.532938 0.427586 2
0 0.349999 -1.825086 0.892557 0.585817 0.399596 2
0 -0.400001 -1.775086 -0.907443 0.396115 0.385600 2
0 0.299999 -1.775086 -0.907443 0.568571 0.385600 2
0 -0.450001 -1.825086 0.892557 0.378869 0.399596 2
0 -0.000002 0.024914 -1.207443 0.499844 0.166865 2
0 -1.300002 0.246360 -0.078891 0.143521 0.043402 2
0 -0.000002 0.467807 0.699664 0.499844 0.025661 2
0 1.299998 0.246359 -0.078891 0.856167 0.043403 2
0 -1.100002 0.074914 -0.807443 0.198340 0.155633 2
0 -1.300002 -1.000086 -0.832443 0.118989 0.442759 2
0 -1.437502 -0.726863 -0.055667 0.038268 0.258616 2
0 -1.000002 0.417807 0.549664 0.225749 0.036720 2
0 -1.075001 -0.803640 0.721110 0.163299 0.280106 2
0 -0.000001 -0.603640 1.071110 0.499638 0.163480 2
0 0.999999 0.417806 0.549664 0.773939 0.036721 2
0 1.074999 -0.803640 0.721110 0.835879 0.280106 2
0 -1.135013 -1.063162 -0.200975 0.815000 0.929070 4
0 -0.804507 -1.175944 0.854117 0.694408 0.938315 4
0 0.376236 -1.175944 0.854118 0.263588 0.938315 4
0 -0.242739 -0.386071 -1.541831 0.489435 0.873566 4
0 -1.245793 -0.914349 -1.263667 0.855420 0.916872 4
0 -0.687251 -1.506114 0.793184 0.651625 0.965382 4
0 0.136494 -1.506114 0.793184 0.351063 0.965382 4
0 0.599043 -1.043344 -0.246087 0.182293 0.927446 4
0 0.815791 -0.914349 -1.263667 0.103208 0.916872 4
0 0.680606 -3.749619 -1.404623 0.185542 0.818274 6
0 0.986703 -3.917872 -0.245509 0.029263 0.818274 6
0 -1.258587 -3.947558 -0.395510 0.960220 0.818274 6
0 -0.883804 -4.246368 0.948992 0.756350 0.838711 6
0 -1.258587 -3.947558 -0.395510 0.963824 0.722233 6
0 -0.883804 -4.246368 0.948992 0.760644 0.717907 6
0 -0.782031 -4.225507 0.862007 0.716023 0.499326 6
0 -1.178548 -3.922231 -0.397759 0.937824 0.499326 6
0 -0.855243 -3.741386 -1.328248 0.716023 0.499326 6
0 0.581527 -3.741386 -1.328248 0.272421 0.499326 6
0 0.680606 -3.749619 -1.404623 0.246317 0.710639 6
0 -0.883803 -3.749621 -1.404623 0.722518 0.718599 6
0 0.904232 -3.925514 -0.308695 0.050620 0.499326 6
0 0.472757 -4.225507 0.862006 0.272421 0.499326 6
0 0.524114 -4.246368 0.948992 0.322500 0.709947 6
0 0.986703 -3.917872 -0.245509 0.049479 0.706313 6
0 -0.883803 -3.749621 -1.404623 0.756350 0.818274 6
0 0.524114 -4.246368 0.948992 0.242641 0.838711 6
0 -0.815865 -0.914349 -1.263667 0.058116 0.859657 11
0 1.134938 -1.063162 -0.200975 0.922626 0.874866 11
0 -0.376311 -1.175944 0.854118 0.079765 0.932830 11
0 0.804434 -1.175944 0.854117 0.893926 0.932830 11
0 1.245719 -0.914349 -1.263667 0.935228 0.859657 11
0 0.242665 -0.386071 -1.541831 0.508473 0.848278 11
0 -0.136569 -1.506114 0.793184 0.220826 0.953498 11
0 0.687177 -1.506114 0.793184 0.788825 0.953498 11
0 -0.599116 -1.043344 -0.246087 0.100075 0.875359 11
0 0.890937 -3.749670 -1.412171 0.722518 0.733980 13
0 0.859264 -3.715573 -1.306775 0.700398 0.499326 13
0 1.181622 -3.896419 -0.394705 0.922199 0.499326 13
0 1.304713 -3.947607 -0.395510 0.963824 0.737614 13
0 0.785707 -4.199695 0.868633 0.700398 0.499326 13
0 0.890937 -4.246417 0.945126 0.760644 0.733288 13
0 -0.469081 -4.199695 0.868632 0.256796 0.499326 13
0 -0.516981 -4.246417 0.945127 0.322500 0.725328 13
0 0.890937 -3.749670 -1.412171 0.819708 0.788764 13
0 -0.991606 -3.917921 -0.245510 0.015227 0.788764 13
0 -0.673472 -3.749667 -1.412170 0.154122 0.788764 13
0 -0.516981 -4.246417 0.945127 0.220702 0.807640 13
0 1.304713 -3.947607 -0.395510 0.992209 0.788764 13
0 0.890937 -4.246417 0.945126 0.819708 0.807640 13
0 -0.900821 -3.899701 -0.260347 0.034995 0.499326 13
0 -0.577004 -3.715573 -1.306776 0.256796 0.499326 13
0 -0.673472 -3.749667 -1.412170 0.246317 0.726020 13
0 -0.991606 -3.917921 -0.245510 0.049479 0.721694 13
76
0.988665 0.101099 0.098107
0.637485 0.082145 -0.760554
0.589085 0.033666 -0.802205
-0.000461 -0.083743 -0.996487
0.499027 -0.515462 0.043665
-0.499214 -0.516609 -0.007083
-0.243024 -0.364635 0.758635
0.272828 -0.364086 -0.753149
-0.273460 -0.281885 -0.819314
0.216764 -0.246947 0.845913
0.000000 -0.020638 -0.991405
-0.979684 0.177425 0.086968
0.000000 0.213528 0.969935
0.979684 0.177425 0.086967
-0.637485 0.082144 -0.760554
-0.590411 0.037177 -0.800885
-0.988665 0.101098 0.098108
-0.544804 0.167461 0.813174
-0.570210 0.080475 0.817174
-0.000717 0.108749 0.994069
0.544804 0.167462 0.813174
0.566128 0.075960 0.820557
-0.959964 -0.199870 0.196270
-0.589364 -0.192982 0.784480
0.691044 -0.288760 0.662628
-0.009676 0.434215 -0.900757
-0.913815 0.284594 -0.289739
-0.601223 -0.628033 0.494071
0.578319 -0.669478 0.466205
0.945115 -0.261998 0.195229
0.927726 0.275217 -0.252150
0.259093 0.527222 -0.460939
0.434761 0.436268 0.149097
-0.596896 0.440603 0.137747
-0.306647 0.417278 0.504741
-0.596896 0.440603 0.137747
-0.306647 0.417278 0.504741
-0.268331 0.694230 0.667864
-0.830609 0.549185 0.092113
-0.365010 0.838020 -0.405573
0.217025 0.819653 -0.530160
0.259093 0.527222 -0.460939
-0.340266 0.519445 -0.443476
0.700774 0.694874 0.161450
0.237194 0.809333 0.537325
0.144962 0.456234 0.572766
0.434761 0.436268 0.149097
-0.340266 0.519445 -0.443476
0.144962 0.456234 0.572766
-0.928029 0.272050 -0.254461
0.957557 -0.213018 0.194183
-0.689122 -0.289651 0.664239
0.585290 -0.197196 0.786479
0.913762 0.276602 -0.297539
0.009635 0.428644 -0.903422
-0.578319 -0.669478 0.466204
0.601223 -0.628032 0.494071
-0.944179 -0.265848 0.194555
0.395554 0.491579 -0.509459
0.413197 0.742747 -0.526873
0.868189 0.492245 0.062785
0.659214 0.412448 0.139281
0.316678 0.624778 0.713700
0.335878 0.379157 0.617224
-0.297903 0.678864 0.671116
-0.258420 0.423993 0.664255
0.395554 0.491579 -0.509459
-0.573822 0.428204 0.160125
-0.302944 0.514987 -0.504460
-0.258420 0.423993 0.664255
0.659214 0.412448 0.139281
0.335878 0.379157 0.617224
-0.750147 0.645937 0.141583
-0.375514 0.589998 -0.714767
-0.302944 0.514987 -0.504460
-0.573822 0.428204 0.160125
84
0 14 16 15 14 16 15 1
0 17 19 18 17 19 18 1
0 20 0 21 20 0 21 1
0 1 3 2 1 3 2 1
0 4 6 5 4 6 5 1
0 7 3 15 7 3 15 1
0 7 8 3 7 8 3 1
0 6 19 21 6 19 21 1
0 3 8 2 3 8 2 1
0 16 17 18 16 17 18 1
0 6 9 19 6 9 19 1
0 7 5 8 7 5 8 1
0 19 9 18 19 9 18 1
0 0 1 2 0 1 2 1
0 3 14 15 3 14 15 1
0 19 20 21 19 20 21 1
0 3 1 10 3 1 10 1
0 14 3 10 14 3 10 1
0 16 14 11 16 14 11 1
0 17 16 11 17 16 11 1
0 19 17 12 19 17 12 1
0 20 19 12 20 19 12 1
0 0 20 13 0 20 13 1
0 1 0 13 1 0 13 1
0 5 7 4 5 7 4 1
0 6 4 9 6 4 9 1
0 23 48 24 23 48 24 1
0 25 47 26 25 47 26 1
0 27 24 28 27 24 28 1
0 27 23 24 27 23 24 1
0 29 28 24 29 28 24 1
0 48 23 34 48 23 34 1
0 30 32 31 30 32 31 1
0 23 33 34 23 33 34 1
0 47 25 31 47 25 31 1
0 31 25 30 31 25 30 1
0 32 24 48 32 24 48 1
0 22 33 23 22 33 23 1
0 32 29 24 32 29 24 1
0 33 26 47 33 26 47 1
0 33 22 26 33 22 26 1
0 27 22 23 27 22 23 1
0 29 32 30 29 32 30 1
0 35 37 36 35 37 36 1
0 35 38 37 35 38 37 1
0 39 41 40 39 41 40 1
0 39 42 41 39 42 41 1
0 43 45 44 43 45 44 1
0 43 46 45 43 46 45 1
0 44 36 37 44 36 37 1
0 44 45 36 44 45 36 1
0 38 42 39 38 42 39 1
0 38 35 42 38 35 42 1
0 46 40 41 46 40 41 1
0 46 43 40 46 43 40 1
0 69 52 51 69 52 51 1
0 66 54 53 66 54 53 1
0 52 55 51 52 55 51 1
0 52 56 55 52 56 55 1
0 55 57 51 55 57 51 1
0 52 69 71 52 69 71 1
0 67 49 68 67 49 68 1
0 70 52 71 70 52 71 1
0 54 66 68 54 66 68 1
0 54 68 49 54 68 49 1
0 51 67 69 51 67 69 1
0 70 50 52 70 50 52 1
0 57 67 51 57 67 51 1
0 53 70 66 53 70 66 1
0 50 70 53 50 70 53 1
0 50 56 52 50 56 52 1
0 67 57 49 67 57 49 1
0 72 74 73 72 74 73 1
0 72 75 74 72 75 74 1
0 58 60 59 58 60 59 1
0 58 61 60 58 61 60 1
0 74 59 73 74 59 73 1
0 74 58 59 74 58 59 1
0 61 62 60 61 62 60 1
0 61 63 62 61 63 62 1
0 63 64 62 63 64 62 1
0 63 65 64 63 65 64 1
0 65 72 64 65 72 64 1
0 65 75 72 65 75 72 1
"Mesh10" 0 10
68
0 -0.203313 -1.925086 0.092556 0.460182 0.276964 2
0 -0.450001 -1.825086 0.892557 0.419397 0.256813 2
0 -0.400001 -1.775086 -0.907443 0.432698 0.246738 2
0 -1.075001 -0.803640 0.721110 0.072719 0.071132 2
0 -1.437502 -0.726863 -0.055667 0.022428 0.035954 2
0 -1.300002 -1.000086 -0.832443 0.043625 0.071304 2
0 0.349999 -1.825086 0.892557 0.508304 0.180194 2
0 0.196687 -1.925086 0.092556 0.510220 0.140523 2
0 0.299999 -1.775086 -0.907443 0.508304 0.180194 2
0 1.437498 -0.726863 -0.055667 0.893697 0.080132 2
0 1.074999 -0.803640 0.721110 0.890461 0.029831 2
0 1.299999 -1.000086 -0.832443 0.893060 0.073570 2
0 0.332545 -0.915886 0.480206 0.443349 0.835606 6
0 0.472757 -4.225507 0.862006 0.477467 0.973483 6
0 0.904232 -3.925514 -0.308695 0.491525 0.976122 6
0 0.581527 -3.741386 -1.328248 0.477467 0.973483 6
0 -0.782031 -4.225507 0.862007 0.014663 0.974320 6
0 -1.178548 -3.922231 -0.397759 0.018459 0.949993 6
0 -0.552651 -0.915886 0.480206 0.054936 0.823920 6
0 -0.855243 -3.741386 -1.328248 0.014663 0.974320 6
0 -0.914905 -0.489928 -0.368406 0.053457 0.790176 6
0 0.538570 -0.490338 -0.357273 0.450487 0.807320 6
0 0.280994 -2.192575 -1.116163 0.467526 0.622192 7
0 0.486332 -4.092575 -0.379586 0.444624 0.783206 7
0 -0.319006 -1.192576 0.615888 0.070234 0.407946 7
0 -0.476191 -3.905654 0.337567 0.017087 0.988175 7
0 0.285807 -3.905654 0.337567 0.474118 0.988175 7
0 -0.877242 -4.092575 -0.379585 0.058457 0.767345 7
0 0.285807 -3.905654 0.337567 0.431976 0.789648 7
0 -0.769006 -0.942576 -0.250138 0.027427 0.357567 7
0 -0.636611 -4.270151 -1.096738 0.023679 0.988175 7
0 -0.519006 -1.192576 -1.116163 0.047791 0.388238 7
0 -0.476191 -3.905654 0.337567 0.068361 0.773787 7
0 -0.877242 -4.092575 -0.379585 0.020364 0.992325 7
0 0.530994 -2.292574 -0.250138 0.472609 0.629606 7
0 -0.636611 -4.270151 -1.096738 0.064705 0.767345 7
0 0.285807 -4.270151 -1.096738 0.431976 0.789648 7
0 0.486332 -4.092575 -0.379586 0.472609 0.992325 7
0 0.280994 -2.042574 0.615887 0.471921 0.625007 7
0 0.285807 -4.270151 -1.096738 0.474118 0.988175 7
0 0.859264 -3.715573 -1.306775 0.895526 0.977781 13
0 -0.577004 -3.715573 -1.306776 0.515090 0.978028 13
0 1.181622 -3.896419 -0.394705 0.984760 0.977781 13
0 -0.900821 -3.899701 -0.260347 0.477800 0.977781 13
0 0.785707 -4.199695 0.868633 0.895526 0.977781 13
0 -0.327316 -0.909458 0.479881 0.535750 0.691284 13
0 -0.469081 -4.199695 0.868632 0.515090 0.978028 13
0 -0.533116 -0.487111 -0.351230 0.529711 0.647308 13
0 0.557879 -0.909432 0.481863 0.838871 0.631896 13
0 0.920317 -0.486701 -0.368024 0.916541 0.551177 13
0 0.642358 -4.270185 -1.099380 0.819986 0.516602 14
0 0.326170 -1.192576 0.615888 0.864226 0.313609 14
0 -0.280060 -3.905689 0.334924 0.521906 0.947332 14
0 0.481937 -3.905654 0.337567 0.834755 0.951501 14
0 0.882988 -4.092575 -0.379585 0.906796 0.490235 14
0 -0.280060 -4.270185 -1.099381 0.542637 0.595703 14
0 0.776170 -0.942576 -0.250138 0.880793 0.268570 14
0 0.526170 -1.192576 -1.116163 0.877828 0.351132 14
0 0.642358 -4.270185 -1.099380 0.841556 0.934824 14
0 -0.480585 -4.092575 -0.379586 0.537127 0.600098 14
0 0.882988 -4.092575 -0.379585 0.866493 0.938993 14
0 0.481937 -3.905654 0.337567 0.819986 0.516602 14
0 -0.280060 -3.905689 0.334924 0.542637 0.595703 14
0 -0.523830 -2.292574 -0.250138 0.519065 0.642147 14
0 -0.273830 -2.042574 0.615887 0.523811 0.525406 14
0 -0.480585 -4.092575 -0.379586 0.519065 0.974871 14
0 -0.273830 -2.192575 -1.116163 0.523811 0.560429 14
0 -0.280060 -4.270185 -1.099381 0.521906 0.947332 14
68
0.499027 -0.515462 0.043665
0.216764 -0.246947 0.845913
0.272828 -0.364086 -0.753149
-0.570210 0.080475 0.817174
-0.988665 0.101098 0.098108
-0.590411 0.037177 -0.800885
-0.243024 -0.364635 0.758635
-0.499214 -0.516609 -0.007083
-0.273460 -0.281885 -0.819314
0.988665 0.101099 0.098107
0.566128 0.075960 0.820557
0.589085 0.033666 -0.802205
0.583728 0.123853 0.802448
0.237194 0.809333 0.537325
0.700774 0.694874 0.161450
0.217025 0.819653 -0.530160
-0.268331 0.694230 0.667864
-0.830609 0.549185 0.092113
-0.545848 0.124412 0.828596
-0.365010 0.838020 -0.405573
-0.985990 0.084787 0.143646
0.993976 0.099412 0.046140
0.596783 -0.021221 -0.802122
0.996935 0.041940 -0.011082
-0.562604 0.020346 0.826476
-0.608286 0.025521 0.783763
0.604118 0.011082 0.788186
-0.994676 0.053037 0.085018
0.604118 0.011082 0.788186
-0.994445 0.043341 0.095920
-0.638721 0.054853 -0.764120
-0.622398 0.022244 -0.782384
-0.608286 0.025521 0.783763
-0.994676 0.053037 0.085018
0.999125 -0.036346 0.020686
-0.638721 0.054853 -0.764120
0.718791 0.049516 -0.669754
0.996935 0.041940 -0.011082
0.577992 -0.076785 0.812422
0.718791 0.049516 -0.669754
0.413197 0.742747 -0.526873
-0.375514 0.589998 -0.714767
0.868189 0.492245 0.062785
-0.750147 0.645937 0.141583
0.316678 0.624778 0.713700
-0.581387 0.126962 0.803660
-0.297903 0.678864 0.671116
-0.993765 0.100693 0.047876
0.544976 0.126197 0.828900
0.985948 0.084857 0.143897
0.638578 0.052091 -0.764611
0.559743 0.020618 0.828410
-0.604836 0.012408 0.787344
0.607636 0.025819 0.784156
0.994639 0.052738 0.085588
-0.719821 0.048172 -0.668728
0.994440 0.043071 0.096093
0.621276 0.022656 -0.783264
0.638578 0.052091 -0.764611
-0.996897 0.042801 -0.010564
0.994639 0.052738 0.085588
0.607636 0.025819 0.784156
-0.604836 0.012408 0.787344
-0.998141 -0.057762 0.019433
-0.575228 -0.089600 0.813071
-0.996897 0.042801 -0.010564
-0.595751 -0.031744 -0.802542
-0.719821 0.048172 -0.668728
88
0 12 14 13 12 14 13 1
0 14 36 15 14 36 15 1
0 16 12 13 16 12 13 1
0 17 18 16 17 18 16 1
0 15 35 19 15 35 19 1
0 20 35 27 20 35 27 1
0 35 15 36 35 15 36 1
0 35 17 19 35 17 19 1
0 36 21 23 36 21 23 1
0 28 18 32 28 18 32 1
0 32 20 27 32 20 27 1
0 35 20 17 35 20 17 1
0 21 36 14 21 36 14 1
0 21 28 23 21 28 23 1
0 18 17 20 18 17 20 1
0 14 12 21 14 12 21 1
0 18 28 12 18 28 12 1
0 12 16 18 12 16 18 1
0 20 32 18 20 32 18 1
0 28 21 12 28 21 12 1
0 34 1 0 34 1 0 1
0 37 38 34 37 38 34 1
0 37 22 39 37 22 39 1
0 34 2 22 34 2 22 1
0 24 1 38 24 1 38 1
0 25 38 26 25 38 26 1
0 24 4 3 24 4 3 1
0 25 29 24 25 29 24 1
0 30 22 31 30 22 31 1
0 31 2 5 31 2 5 1
0 31 4 29 31 4 29 1
0 30 29 33 30 29 33 1
0 4 31 5 4 31 5 1
0 4 24 29 4 24 29 1
0 1 24 3 1 24 3 1
0 1 34 38 1 34 38 1
0 2 34 0 2 34 0 1
0 2 31 22 2 31 22 1
0 22 30 39 22 30 39 1
0 29 30 31 29 30 31 1
0 29 25 33 29 25 33 1
0 38 25 24 38 25 24 1
0 38 37 26 38 37 26 1
0 22 37 34 22 37 34 1
0 62 47 59 62 47 59 1
0 47 55 59 47 55 59 1
0 48 62 61 48 62 61 1
0 49 61 54 49 61 54 1
0 50 41 40 50 41 40 1
0 50 49 54 50 49 54 1
0 41 50 55 41 50 55 1
0 42 50 40 42 50 40 1
0 55 43 41 55 43 41 1
0 49 50 42 49 50 42 1
0 48 42 44 48 42 44 1
0 45 44 46 45 44 46 1
0 43 45 46 43 45 46 1
0 55 47 43 55 47 43 1
0 61 49 48 61 49 48 1
0 47 62 45 47 62 45 1
0 42 48 49 42 48 49 1
0 45 43 47 45 43 47 1
0 44 45 48 44 45 48 1
0 62 48 45 62 48 45 1
0 6 63 7 6 63 7 1
0 64 65 63 64 65 63 1
0 66 65 67 66 65 67 1
0 8 63 66 8 63 66 1
0 6 51 64 6 51 64 1
0 64 53 52 64 53 52 1
0 9 51 10 9 51 10 1
0 56 53 51 56 53 51 1
0 66 58 57 66 58 57 1
0 8 57 11 8 57 11 1
0 9 57 56 9 57 56 1
0 56 58 60 56 58 60 1
0 57 9 11 57 9 11 1
0 51 9 56 51 9 56 1
0 51 6 10 51 6 10 1
0 63 6 64 63 6 64 1
0 63 8 7 63 8 7 1
0 57 8 66 57 8 66 1
0 58 66 67 58 66 67 1
0 58 56 57 58 56 57 1
0 53 56 60 53 56 60 1
0 53 64 51 53 64 51 1
0 65 64 52 65 64 52 1
0 65 66 63 65 66 63 1
"Mesh11" 0 11
60
0 -1.245793 -0.914349 -1.263667 0.508956 0.071820 4
0 -0.687251 -1.506114 0.793184 0.655672 0.613398 4
0 0.136494 -1.506114 0.793184 0.824578 0.613398 4
0 -1.135013 -1.063162 -0.200975 0.563861 0.521504 4
0 -1.245793 -0.914349 -1.263667 0.541146 0.490631 4
0 -1.229334 -1.506114 -1.119160 0.544521 0.613398 4
0 0.136494 -1.506114 0.793184 0.824578 0.982538 4
0 -0.687251 -1.506114 0.793184 0.655672 0.982538 4
0 -1.229334 -1.506114 -1.119160 0.619187 0.688379 4
0 0.788516 -1.506114 -1.119159 0.883606 0.688379 4
0 -0.298098 -1.506114 -2.775153 0.735467 0.613398 4
0 -0.933809 -1.506114 -2.475153 0.605117 0.613398 4
0 -0.983068 -0.929395 -2.510416 0.595017 0.493753 4
0 -0.263621 -0.929395 -2.810416 0.742536 0.493753 4
0 -0.263621 -0.929395 -2.810416 0.745536 0.463867 4
0 -0.983068 -0.929395 -2.510416 0.569697 0.388104 4
0 -0.248861 -0.598183 -2.519823 0.741071 0.233154 4
0 0.788516 -1.506114 -1.119159 0.958272 0.613398 4
0 0.389320 -1.506114 -2.475153 0.876419 0.613398 4
0 0.525254 -0.929395 -2.510416 0.904291 0.493753 4
0 0.788516 -1.506114 -1.119159 0.958272 0.890253 4
0 -1.229334 -1.506114 -1.119160 0.533482 0.892334 4
0 -0.933809 -1.506114 -2.475153 0.605117 0.705683 4
0 -0.298098 -1.506114 -2.775153 0.735467 0.644159 4
0 0.389320 -1.506114 -2.475153 0.876419 0.705683 4
0 0.815791 -0.914349 -1.263667 0.963864 0.490631 4
0 -0.242739 -0.386071 -1.541831 0.740877 0.040302 4
0 0.815791 -0.914349 -1.263667 0.985584 0.071820 4
0 0.599043 -1.043344 -0.246087 0.919421 0.517392 4
0 0.525254 -0.929395 -2.510416 0.918413 0.388104 4
0 0.248787 -0.598183 -2.519823 0.745794 0.233262 11
0 0.982995 -0.929395 -2.510416 0.896249 0.382181 11
0 0.263547 -0.929395 -2.810416 0.741875 0.454995 11
0 -0.525327 -0.929395 -2.510416 0.904291 0.493753 11
0 -0.389394 -1.506114 -2.475153 0.876419 0.613398 11
0 -0.788589 -1.506114 -1.119160 0.958272 0.613398 11
0 -0.389394 -1.506114 -2.475153 0.876419 0.705683 11
0 0.298024 -1.506114 -2.775153 0.735467 0.644159 11
0 0.933736 -1.506114 -2.475153 0.605117 0.705683 11
0 1.229259 -1.506114 -1.119160 0.533482 0.892334 11
0 -0.788589 -1.506114 -1.119160 0.958272 0.890253 11
0 -0.815865 -0.914349 -1.263667 0.963864 0.490631 11
0 -0.815865 -0.914349 -1.263667 0.531130 0.078209 11
0 0.242665 -0.386071 -1.541831 0.745965 0.047917 11
0 -0.599116 -1.043344 -0.246087 0.919421 0.517392 11
0 -0.525327 -0.929395 -2.510416 0.590101 0.382181 11
0 1.245719 -0.914349 -1.263667 0.949575 0.078209 11
0 0.687177 -1.506114 0.793184 0.655672 0.613398 11
0 -0.136569 -1.506114 0.793184 0.824578 0.613398 11
0 1.229259 -1.506114 -1.119160 0.544521 0.613398 11
0 1.245719 -0.914349 -1.263667 0.541146 0.490631 11
0 1.134938 -1.063162 -0.200975 0.563861 0.521504 11
0 -0.788589 -1.506114 -1.119160 0.883606 0.688379 11
0 1.229259 -1.506114 -1.119160 0.619187 0.688379 11
0 0.687177 -1.506114 0.793184 0.655672 0.982538 11
0 -0.136569 -1.506114 0.793184 0.824578 0.982538 11
0 0.263547 -0.929395 -2.810416 0.742536 0.493753 11
0 0.982995 -0.929395 -2.510416 0.595017 0.493753 11
0 0.933736 -1.506114 -2.475153 0.605117 0.613398 11
0 0.298024 -1.506114 -2.775153 0.735467 0.613398 11
60
-0.913815 0.284594 -0.289739
-0.601223 -0.628033 0.494071
0.578319 -0.669478 0.466205
-0.959964 -0.199870 0.196270
-0.913815 0.284594 -0.289739
-0.837042 -0.546999 -0.012343
0.578319 -0.669478 0.466205
-0.601223 -0.628033 0.494071
-0.837042 -0.546999 -0.012343
0.830978 -0.556279 0.005473
-0.013751 -0.538753 -0.842351
-0.649054 -0.545503 -0.530241
-0.773425 0.331149 -0.540513
-0.014355 0.316307 -0.948548
-0.014355 0.316307 -0.948548
-0.773425 0.331149 -0.540513
-0.010940 0.922122 -0.386746
0.830978 -0.556279 0.005473
0.587021 -0.605802 -0.537038
0.762089 0.282900 -0.582398
0.830978 -0.556279 0.005473
-0.837042 -0.546999 -0.012343
-0.649054 -0.545503 -0.530241
-0.013751 -0.538753 -0.842351
0.587021 -0.605802 -0.537038
0.927726 0.275217 -0.252150
-0.009676 0.434215 -0.900757
0.927726 0.275217 -0.252150
0.945115 -0.261998 0.195229
0.762089 0.282900 -0.582398
0.010940 0.922122 -0.386746
0.773425 0.331149 -0.540512
0.014355 0.316307 -0.948548
-0.762089 0.282901 -0.582398
-0.587022 -0.605802 -0.537038
-0.830978 -0.556278 0.005473
-0.587022 -0.605802 -0.537038
0.013751 -0.538753 -0.842351
0.649054 -0.545503 -0.530241
0.837042 -0.546999 -0.012342
-0.830978 -0.556278 0.005473
-0.928029 0.272050 -0.254461
-0.928029 0.272050 -0.254461
0.009635 0.428644 -0.903422
-0.944179 -0.265848 0.194555
-0.762089 0.282901 -0.582398
0.913762 0.276602 -0.297539
0.601223 -0.628032 0.494071
-0.578319 -0.669478 0.466204
0.837042 -0.546999 -0.012342
0.913762 0.276602 -0.297539
0.957557 -0.213018 0.194183
-0.830978 -0.556278 0.005473
0.837042 -0.546999 -0.012342
0.601223 -0.628032 0.494071
-0.578319 -0.669478 0.466204
0.014355 0.316307 -0.948548
0.773425 0.331149 -0.540512
0.649054 -0.545503 -0.530241
0.013751 -0.538753 -0.842351
46
0 3 5 4 3 5 4 1
0 6 8 7 6 8 7 1
0 6 9 8 6 9 8 1
0 10 12 11 10 12 11 1
0 10 13 12 10 13 12 1
0 12 5 11 12 5 11 1
0 5 12 4 5 12 4 1
0 14 16 15 14 16 15 1
0 17 19 18 17 19 18 1
0 20 22 21 20 22 21 1
0 20 23 22 20 23 22 1
0 20 24 23 20 24 23 1
0 19 17 25 19 17 25 1
0 26 16 27 26 16 27 1
0 17 28 25 17 28 25 1
0 16 29 27 16 29 27 1
0 16 0 15 16 0 15 1
0 0 16 26 0 16 26 1
0 3 1 5 3 1 5 1
0 2 28 17 2 28 17 1
0 16 14 29 16 14 29 1
0 13 18 19 13 18 19 1
0 13 10 18 13 10 18 1
0 49 51 50 49 51 50 1
0 52 54 53 52 54 53 1
0 52 55 54 52 55 54 1
0 56 58 57 56 58 57 1
0 56 59 58 56 59 58 1
0 49 57 58 49 57 58 1
0 57 49 50 57 49 50 1
0 30 32 31 30 32 31 1
0 33 35 34 33 35 34 1
0 36 38 37 36 38 37 1
0 36 39 38 36 39 38 1
0 36 40 39 36 40 39 1
0 35 33 41 35 33 41 1
0 30 43 42 30 43 42 1
0 44 35 41 44 35 41 1
0 45 30 42 45 30 42 1
0 46 30 31 46 30 31 1
0 30 46 43 30 46 43 1
0 47 51 49 47 51 49 1
0 44 48 35 44 48 35 1
0 32 30 45 32 30 45 1
0 59 33 34 59 33 34 1
0 59 56 33 59 56 33 1
"Mesh12" 0 12
82
0 -1.400001 3.328468 -0.360997 0.122753 0.031006 0
0 -1.400001 2.375436 -0.560997 0.372206 0.031006 0
0 -1.400001 2.178990 -0.007444 0.479479 0.031006 0
0 -1.400001 2.375436 0.496110 0.372206 0.031006 0
0 -1.400001 3.328468 0.346110 0.013378 0.031006 0
0 -1.400001 3.328468 -0.360997 0.200878 0.031006 0
0 1.400002 3.355646 -0.360997 0.147472 0.069610 0
0 1.400001 2.178988 -0.007444 0.449610 0.067031 0
0 1.400001 2.375434 -0.560997 0.373684 0.067031 0
0 1.400002 3.355646 0.346110 0.095204 0.067031 0
0 1.400001 2.375434 0.496110 0.373684 0.067031 0
0 1.400002 3.355646 -0.360997 0.194347 0.069610 0
0 1.400002 3.355646 0.346110 0.146381 0.067031 0
0 1.041033 -3.153145 -0.690537 0.434368 0.858265 8
0 -0.261910 -3.153146 -0.690494 0.170097 0.858265 8
0 1.239419 -1.917666 0.169889 0.493837 0.526979 8
0 0.967716 -1.926528 0.918712 0.431609 0.529941 8
0 1.027431 -3.172356 1.095818 0.431610 0.864189 8
0 1.334232 -3.162750 0.202640 0.493837 0.861227 8
0 -0.534388 -1.917667 0.169926 0.087587 0.526979 8
0 -0.668710 -3.162751 0.202684 0.087587 0.861227 8
0 -0.186170 -1.926528 0.918750 0.167338 0.529941 8
0 -0.275511 -3.172358 1.095862 0.167338 0.864189 8
0 0.645254 -2.926528 0.573639 0.354094 0.864189 8
0 0.651269 -2.908806 -0.212806 0.355314 0.858265 8
0 1.072449 -1.917666 0.202648 0.396714 0.526979 8
0 0.851107 -1.926528 0.764395 0.395846 0.529941 8
0 -0.000953 -2.908807 -0.212692 0.223026 0.858266 8
0 -0.006967 -2.926529 0.573754 0.221806 0.864189 8
0 -0.347498 -1.917667 0.202676 0.204993 0.526979 8
0 -0.085586 -1.908805 -0.359072 0.205860 0.524017 8
0 -0.094140 -1.926528 0.764423 0.204125 0.529941 8
0 0.859661 -1.908805 -0.359099 0.397581 0.524017 8
0 -0.212291 -1.015466 -0.310643 0.149749 0.401821 8
0 -0.347498 -1.917667 0.202676 0.078061 0.729502 8
0 0.737353 -0.906340 0.169344 0.479911 0.391357 8
0 0.525349 -0.960234 -0.282945 0.344063 0.383643 8
0 0.520161 -0.949455 0.642308 0.341473 0.380096 8
0 -0.211816 -1.015315 0.637096 0.009362 0.401771 8
0 0.859661 -1.908805 -0.359099 0.481813 0.726585 8
0 -0.085586 -1.908805 -0.359072 0.150509 0.726585 8
0 -0.094140 -1.926528 0.764423 0.005613 0.732418 8
0 0.851107 -1.926528 0.764395 0.477542 0.732417 8
0 1.072449 -1.917666 0.202648 0.479678 0.729502 8
0 -0.174125 -1.908806 -0.578897 0.170097 0.524017 8
0 0.979761 -1.908805 -0.578933 0.434368 0.524017 8
0 -0.524927 -0.954060 -0.282945 0.376542 0.369676 15
0 -0.736931 -0.900166 0.169343 0.458480 0.353760 15
0 0.212238 -1.009141 0.637096 0.154611 0.385944 15
0 -0.519739 -0.943281 0.642308 0.374537 0.366493 15
0 0.212713 -1.009292 -0.310643 0.201302 0.385988 15
0 0.349130 -1.911493 0.202675 0.143563 0.652436 15
0 0.086008 -1.902632 -0.359072 0.194243 0.649818 15
0 -0.859239 -1.902631 -0.359099 0.475531 0.649818 15
0 -0.850685 -1.920354 0.764395 0.472225 0.655052 15
0 0.094562 -1.920354 0.764423 0.092884 0.655052 15
0 0.212238 -1.009141 0.637096 0.056558 0.385944 15
0 -1.071919 -1.911492 0.202648 0.473878 0.652436 15
0 0.349130 -1.911493 0.202675 0.143563 0.652436 15
0 0.262332 -3.146451 -0.690494 0.376974 0.968450 15
0 -1.040611 -3.146451 -0.690537 0.087199 0.968450 15
0 -0.962658 -1.902631 -0.598006 0.087200 0.676414 15
0 0.194355 -1.902632 -0.597968 0.376974 0.676415 15
0 -1.333810 -3.156057 0.202640 0.021992 0.971037 15
0 -1.027010 -3.165662 1.095818 0.090224 0.973625 15
0 -0.950580 -1.920354 0.948978 0.090224 0.681590 15
0 -1.223019 -1.911492 0.175486 0.021992 0.679002 15
0 0.669132 -3.156058 0.202684 0.467446 0.971038 15
0 0.555594 -1.911493 0.175524 0.467446 0.679002 15
0 0.275933 -3.165663 1.095862 0.379998 0.973626 15
0 0.206433 -1.920354 0.949017 0.379998 0.681590 15
0 -0.650847 -2.902631 -0.212806 0.173883 0.968450 15
0 -0.644832 -2.920353 0.573640 0.175220 0.973625 15
0 -0.850685 -1.920354 0.764395 0.115518 0.681590 15
0 -1.071919 -1.911492 0.202648 0.114567 0.679002 15
0 0.007389 -2.920353 0.573754 0.320274 0.973626 15
0 0.001375 -2.902631 -0.212693 0.318937 0.968450 15
0 0.086008 -1.902632 -0.359072 0.323839 0.676415 15
0 0.349130 -1.911493 0.202675 0.324790 0.679002 15
0 0.094562 -1.920354 0.764423 0.325741 0.681590 15
0 -0.859239 -1.902631 -0.359099 0.113616 0.676414 15
0 0.212713 -1.009292 -0.310643 0.154427 0.385988 15
82
-0.729086 0.298263 -0.490893
-0.206529 -0.092090 -0.606488
-0.311334 -0.201937 0.006282
-0.196789 -0.087093 0.615229
-0.692713 0.349208 0.514567
-0.729086 0.298263 -0.490893
0.725228 0.290550 -0.497335
0.311333 -0.201939 0.006282
0.206048 -0.092834 -0.606517
0.688608 0.263363 0.529925
0.179599 -0.041501 0.666681
0.725228 0.290550 -0.497335
0.688608 0.263363 0.529925
0.288883 -0.846849 -0.446535
-0.251878 -0.830233 -0.497264
0.659061 0.751984 0.012631
0.338703 0.807214 0.483410
0.292184 -0.838042 0.460776
0.890410 -0.455159 -0.000423
-0.633905 0.773403 0.003506
-0.893358 -0.449182 -0.012122
-0.320298 0.803183 0.502301
-0.259747 -0.821043 0.508349
0.444385 -0.399082 0.344398
0.275093 -0.532537 -0.210409
0.730939 0.682417 0.005967
0.292251 0.838668 0.459593
-0.280456 -0.484277 -0.196844
-0.292176 -0.489277 0.186466
-0.939832 0.341628 0.002368
-0.347077 0.762182 -0.546457
-0.342614 0.775867 0.529760
0.313254 0.833364 -0.455386
-0.559147 -0.048405 -0.827654
-0.939832 0.341628 0.002368
0.993300 0.115561 0.001065
0.631007 0.131122 -0.764616
0.617941 0.194320 0.761833
-0.567534 0.029353 0.822827
0.313254 0.833364 -0.455386
-0.347077 0.762182 -0.546457
-0.342614 0.775867 0.529760
0.292251 0.838668 0.459593
0.730939 0.682417 0.005967
-0.331015 0.793148 -0.511220
0.354078 0.800595 -0.483402
-0.631286 0.130775 -0.764445
-0.993305 0.115513 0.001066
0.559634 0.024307 0.828383
-0.618206 0.193983 0.761703
0.550942 -0.053865 -0.832803
0.942087 0.335360 0.002418
0.346494 0.762107 -0.546932
-0.313589 0.833204 -0.455448
-0.291766 0.838943 0.459398
0.342111 0.775844 0.530119
0.559634 0.024307 0.828383
-0.730907 0.682454 0.005664
0.942087 0.335360 0.002418
0.250491 -0.835294 -0.489425
-0.288972 -0.847865 -0.444545
-0.355243 0.800166 -0.483256
0.335175 0.788925 -0.515029
-0.894881 -0.446304 -0.000378
-0.290740 -0.840532 0.457139
-0.340114 0.805521 0.485240
-0.656090 0.754586 0.012092
0.884716 -0.465978 -0.011934
0.641723 0.766929 0.003423
0.257145 -0.828020 0.498256
0.325656 0.797329 0.508149
-0.275302 -0.532534 -0.210633
-0.444530 -0.399010 0.344545
-0.291766 0.838943 0.459398
-0.730907 0.682454 0.005664
0.292382 -0.489479 0.186671
0.280664 -0.484483 -0.197068
0.346494 0.762107 -0.546932
0.942087 0.335360 0.002418
0.342111 0.775844 0.530119
-0.313589 0.833204 -0.455448
0.550942 -0.053865 -0.832803
110
0 0 34 33 0 34 33 1
0 35 1 36 35 1 36 1
0 35 2 1 35 2 1 1
0 37 4 3 37 4 3 1
0 37 38 4 37 38 4 1
0 5 36 1 5 36 1 1
0 5 33 36 5 33 36 1
0 36 40 39 36 40 39 1
0 36 33 40 36 33 40 1
0 38 42 41 38 42 41 1
0 38 37 42 38 37 42 1
0 43 36 39 43 36 39 1
0 33 34 40 33 34 40 1
0 2 37 3 2 37 3 1
0 2 35 37 2 35 37 1
0 44 13 45 44 13 45 1
0 44 14 13 44 14 13 1
0 15 17 16 15 17 16 1
0 15 18 17 15 18 17 1
0 19 14 44 19 14 44 1
0 19 20 14 19 20 14 1
0 16 22 21 16 22 21 1
0 16 17 22 16 17 22 1
0 23 13 24 23 13 24 1
0 23 18 13 23 18 13 1
0 23 17 18 23 17 18 1
0 25 16 26 25 16 26 1
0 25 15 16 25 15 16 1
0 27 22 28 27 22 28 1
0 27 20 22 27 20 22 1
0 27 14 20 27 14 20 1
0 29 44 30 29 44 30 1
0 29 19 44 29 19 44 1
0 28 17 23 28 17 23 1
0 28 22 17 28 22 17 1
0 26 21 31 26 21 31 1
0 26 16 21 26 16 21 1
0 24 14 27 24 14 27 1
0 24 13 14 24 13 14 1
0 30 45 32 30 45 32 1
0 30 44 45 30 44 45 1
0 20 21 22 20 21 22 1
0 20 19 21 20 19 21 1
0 18 45 13 18 45 13 1
0 18 15 45 18 15 45 1
0 34 38 41 34 38 41 1
0 37 43 42 37 43 42 1
0 43 37 35 43 37 35 1
0 36 43 35 36 43 35 1
0 34 4 38 34 4 38 1
0 4 34 0 4 34 0 1
0 19 31 21 19 31 21 1
0 19 29 31 19 29 31 1
0 15 32 45 15 32 45 1
0 15 25 32 15 25 32 1
0 51 6 81 51 6 81 1
0 7 46 8 7 46 8 1
0 7 47 46 7 47 46 1
0 48 10 9 48 10 9 1
0 48 49 10 48 49 10 1
0 50 8 46 50 8 46 1
0 50 11 8 50 11 8 1
0 50 53 52 50 53 52 1
0 50 46 53 50 46 53 1
0 49 55 54 49 55 54 1
0 49 56 55 49 56 55 1
0 46 57 53 46 57 53 1
0 58 50 52 58 50 52 1
0 47 10 49 47 10 49 1
0 47 7 10 47 7 10 1
0 59 61 60 59 61 60 1
0 59 62 61 59 62 61 1
0 63 65 64 63 65 64 1
0 63 66 65 63 66 65 1
0 67 62 59 67 62 59 1
0 67 68 62 67 68 62 1
0 64 70 69 64 70 69 1
0 64 65 70 64 65 70 1
0 64 60 63 64 60 63 1
0 64 71 60 64 71 60 1
0 64 72 71 64 72 71 1
0 66 73 65 66 73 65 1
0 66 74 73 66 74 73 1
0 59 69 67 59 69 67 1
0 59 75 69 59 75 69 1
0 59 76 75 59 76 75 1
0 68 77 62 68 77 62 1
0 68 78 77 68 78 77 1
0 69 72 64 69 72 64 1
0 69 75 72 69 75 72 1
0 65 79 70 65 79 70 1
0 65 73 79 65 73 79 1
0 60 76 59 60 76 59 1
0 60 71 76 60 71 76 1
0 62 80 61 62 80 61 1
0 62 77 80 62 77 80 1
0 68 69 70 68 69 70 1
0 68 67 69 68 67 69 1
0 66 60 61 66 60 61 1
0 66 63 60 66 63 60 1
0 56 51 55 56 51 55 1
0 57 49 54 57 49 54 1
0 57 46 47 57 46 47 1
0 49 57 47 49 57 47 1
0 12 51 56 12 51 56 1
0 51 12 6 51 12 6 1
0 78 70 79 78 70 79 1
0 78 68 70 78 68 70 1
0 74 61 80 74 61 80 1
0 74 66 61 74 66 61 1
"Mesh13" 0 13
40
0 0.282833 -0.456508 -0.290285 0.087277 0.972234 1
0 -0.800010 0.263492 -0.007443 0.118579 0.937694 1
0 -0.605695 0.303492 -0.653127 0.047123 0.935775 1
0 -0.365695 0.063492 -0.613127 0.051550 0.947289 1
0 -0.645695 0.903109 -0.693127 0.042696 0.907011 1
0 -0.800010 0.463492 -0.007443 0.118579 0.928100 1
0 -0.800010 0.843493 -0.047443 0.114152 0.909871 1
0 -0.365695 -0.536508 -0.773127 0.033843 0.976072 1
0 -0.282852 -0.456508 -0.290285 0.087277 0.972234 1
0 -0.000010 0.863492 -0.807442 0.030046 0.908912 1
0 -0.000010 1.183493 -0.767442 0.034472 0.893560 1
0 0.525676 1.183493 -0.573127 0.055976 0.893560 1
0 -0.605695 1.183493 -0.573127 0.055976 0.893560 1
0 0.525676 1.183493 -0.573127 0.885076 0.043564 1
0 0.645676 0.903109 -0.693127 0.971950 0.148015 1
0 -0.000010 0.863492 -0.807442 0.504504 0.162773 1
0 -0.000010 0.863492 -0.807442 0.504504 0.162773 1
0 -0.645695 0.903109 -0.693127 0.037059 0.148015 1
0 -0.605695 1.183493 -0.573127 0.066017 0.043564 1
0 -0.645695 0.623492 -0.773127 0.033843 0.920424 1
0 0.645676 0.623492 -0.773127 0.033843 0.920424 1
0 0.799990 0.463492 -0.007443 0.118579 0.928100 1
0 0.799990 0.843493 -0.047443 0.114152 0.909871 1
0 -0.800010 1.183493 -0.007443 0.118579 0.893560 1
0 -0.605695 1.183493 -0.573127 0.055976 0.893560 1
0 0.766767 0.560992 0.169334 0.138142 0.923423 1
0 0.963378 0.692243 0.220946 0.143854 0.917126 1
0 -0.963398 0.692242 0.220946 0.143854 0.917126 1
0 -0.766786 0.560992 0.169334 0.138142 0.923423 1
0 -0.424274 -0.136508 0.533979 0.178496 0.956883 1
0 0.424254 -0.136508 0.533979 0.178496 0.956883 1
0 -0.000010 -0.136508 0.533979 0.178496 0.956883 1
0 0.365676 0.063492 -0.613127 0.051550 0.947289 1
0 0.525676 0.303492 -0.653127 0.047123 0.935775 1
0 0.799990 0.263492 -0.007443 0.118579 0.937694 1
0 0.645676 0.903109 -0.693127 0.042696 0.907011 1
0 0.525676 1.183493 -0.573127 0.055976 0.893560 1
0 0.799990 1.183493 -0.007443 0.118579 0.893560 1
0 -0.000010 -0.456508 -0.647442 0.047752 0.972234 1
0 0.365676 -0.536508 -0.773127 0.033843 0.976072 1
40
0.517546 -0.852720 0.070813
-0.876057 -0.472049 -0.098460
-0.533412 -0.429072 -0.728951
-0.483836 -0.388410 -0.784245
-0.727970 0.195187 -0.657238
-0.934714 -0.005793 -0.355352
-0.987690 0.137204 0.075121
-0.483720 -0.682739 -0.547614
-0.517546 -0.852720 0.070813
0.004744 0.363122 -0.931729
0.021675 0.124005 -0.992045
0.458048 0.382755 -0.802303
-0.506052 0.295445 -0.810323
0.458048 0.382755 -0.802303
0.705254 0.240842 -0.666792
0.004744 0.363122 -0.931729
0.004744 0.363122 -0.931729
-0.727970 0.195187 -0.657238
-0.506052 0.295445 -0.810323
-0.674899 -0.053429 -0.735973
0.653950 -0.108240 -0.748755
0.934714 -0.005793 -0.355352
0.987690 0.137204 0.075121
-0.994549 0.087247 -0.057094
-0.506052 0.295445 -0.810323
0.236410 -0.117194 0.964560
0.956333 -0.002729 0.292265
-0.956333 -0.002729 0.292266
-0.236410 -0.117194 0.964560
-0.163505 -0.828801 0.535122
0.163505 -0.828801 0.535122
0.000000 -0.749622 0.661866
0.501281 -0.341907 -0.794869
0.525393 -0.433536 -0.732126
0.868337 -0.480144 -0.124306
0.705254 0.240842 -0.666792
0.458048 0.382755 -0.802303
0.980995 0.175356 -0.083057
0.000000 -0.677633 -0.735400
0.483721 -0.682739 -0.547614
38
0 32 34 33 32 34 33 1
0 35 37 36 35 37 36 1
0 38 0 39 38 0 39 1
0 1 3 2 1 3 2 1
0 4 6 5 4 6 5 1
0 7 3 8 7 3 8 1
0 8 3 1 8 3 1 1
0 0 32 39 0 32 39 1
0 32 0 34 32 0 34 1
0 9 11 10 9 11 10 1
0 12 9 10 12 9 10 1
0 13 15 14 13 15 14 1
0 16 18 17 16 18 17 1
0 19 1 2 19 1 2 1
0 5 19 4 5 19 4 1
0 1 19 5 1 19 5 1
0 34 20 33 34 20 33 1
0 20 21 35 20 21 35 1
0 20 34 21 20 34 21 1
0 37 35 22 37 35 22 1
0 22 35 21 22 35 21 1
0 4 23 6 4 23 6 1
0 23 4 24 23 4 24 1
0 22 26 25 22 26 25 1
0 6 27 5 6 27 5 1
0 34 26 21 34 26 21 1
0 27 6 28 27 6 28 1
0 27 1 5 27 1 5 1
0 28 1 27 28 1 27 1
0 26 22 21 26 22 21 1
0 34 25 26 34 25 26 1
0 8 38 7 8 38 7 1
0 38 8 0 38 8 0 1
0 1 29 8 1 29 8 1
0 29 0 8 29 0 8 1
0 0 31 30 0 31 30 1
0 0 29 31 0 29 31 1
0 30 34 0 30 34 0 1
"Mesh14" 0 14
9
0 -0.000010 0.983493 -0.957441 0.588790 0.799193 1
0 -0.751060 0.983493 -0.714548 0.324341 0.916325 1
0 -0.992010 0.983493 -0.007443 0.239501 0.953904 1
0 -0.701460 0.983493 0.699665 0.341806 0.908590 1
0 -0.000010 0.983493 0.992558 0.588790 0.799193 1
0 0.701440 0.983493 0.699665 0.835774 0.689797 1
0 0.991990 0.983493 -0.007443 0.938078 0.644483 1
0 0.651840 0.983493 -0.714548 0.818310 0.697532 1
0 -0.000010 4.593492 -0.007443 0.245895 0.049044 1
9
0.021373 0.254435 -0.966854
-0.674199 0.274560 -0.685618
-0.963826 0.264852 0.029883
-0.683621 0.265959 0.679652
0.000000 0.266956 0.963709
0.683622 0.265959 0.679652
0.963864 0.264862 -0.028534
0.651211 0.257423 -0.713903
-0.000420 0.999782 -0.020863
8
0 6 8 7 6 8 7 1
0 7 8 0 7 8 0 1
0 0 8 1 0 8 1 1
0 1 8 2 1 8 2 1
0 2 8 3 2 8 3 1
0 3 8 4 3 8 4 1
0 5 8 6 5 8 6 1
0 4 8 5 4 8 5 1
"Mesh15" 0 15
46
0 -1.294985 -0.176507 0.946111 0.054688 0.111387 1
0 -0.565695 1.180984 0.558243 0.194196 0.059570 1
0 -0.800010 0.263492 -0.007443 0.544643 0.116700 1
0 0.799990 0.263492 -0.007443 0.093750 0.085938 1
0 0.565676 1.180984 0.558243 0.366071 0.041992 1
0 1.294965 -0.176507 0.946111 0.661596 0.094250 1
0 -0.800010 1.183493 -0.007443 0.106746 0.058511 1
0 -0.800010 0.843493 -0.047443 0.106746 0.071556 1
0 -0.565695 1.180984 0.558243 0.518312 0.058608 1
0 -0.000010 -0.136508 0.533979 0.779018 0.178223 1
0 0.412122 0.423492 0.663269 0.671875 0.077148 1
0 -0.000010 -0.176507 1.463267 0.354911 0.110107 1
0 -0.766786 0.560992 0.169334 0.243227 0.097776 1
0 0.799990 0.843493 -0.047443 0.579293 0.071178 1
0 0.799990 1.183493 -0.007443 0.579293 0.058945 1
0 0.565676 1.180984 0.558243 0.227679 0.068359 1
0 -0.000010 -0.176507 1.463267 0.977679 0.103516 1
0 0.412122 0.423492 0.663269 0.600446 0.107910 1
0 -0.000010 1.180984 0.792558 0.941964 0.037597 1
0 -0.800010 0.263492 -0.007443 0.224898 0.094237 1
0 -0.565695 1.180984 0.558243 0.305474 0.058476 1
0 -0.766786 0.560992 0.169334 0.236323 0.082641 1
0 0.766767 0.560992 0.169334 0.437500 0.116700 1
0 0.565676 1.180984 0.558243 0.694526 0.058476 1
0 0.799990 0.263492 -0.007443 0.775102 0.094237 1
0 0.766767 0.560992 0.169334 0.763677 0.082641 1
0 0.565676 1.180984 0.558243 0.507987 0.044079 1
0 -0.000010 1.180984 0.792558 0.168365 0.044079 1
0 0.412122 0.423492 0.663269 0.415798 0.072681 1
0 -1.294985 -0.176507 0.946111 0.047784 0.096006 1
0 -0.424274 -0.136508 0.533979 0.609777 0.094447 1
0 -0.412142 0.423492 0.663269 0.617607 0.072620 1
0 -0.000010 -0.136508 0.533979 0.883614 0.094447 1
0 -0.800010 0.263492 -0.007443 0.194196 0.059570 1
0 -0.424274 -0.136508 0.533979 0.544643 0.116700 1
0 -1.294985 -0.176507 0.946111 0.054688 0.111387 1
0 -0.000010 1.180984 0.792558 0.883614 0.043095 1
0 -0.565695 1.180984 0.558243 0.518498 0.043095 1
0 -0.412142 0.423492 0.663269 0.600446 0.107910 1
0 0.424254 -0.136508 0.533979 0.423082 0.093827 1
0 1.294965 -0.176507 0.946111 0.945833 0.095337 1
0 1.294965 -0.176507 0.946111 0.779018 0.094726 1
0 0.424254 -0.136508 0.533979 0.359375 0.094726 1
0 0.799990 0.263492 -0.007443 0.629464 0.052978 1
0 -0.000010 -0.136508 0.533979 0.168365 0.093827 1
0 -0.412142 0.423492 0.663269 0.671875 0.077148 1
46
-0.356948 -0.389341 0.849118
-0.696788 0.044288 0.715908
-0.876057 -0.472049 -0.098460
0.868337 -0.480144 -0.124306
0.696788 0.044288 0.715908
0.356948 -0.389341 0.849118
-0.994549 0.087247 -0.057094
-0.987690 0.137204 0.075121
-0.696788 0.044288 0.715908
0.000000 -0.749622 0.661866
0.288422 -0.110913 0.951058
-0.000001 -0.447871 0.894098
-0.236410 -0.117194 0.964560
0.987690 0.137204 0.075121
0.980995 0.175356 -0.083057
0.696788 0.044288 0.715908
-0.000001 -0.447871 0.894098
0.288422 -0.110913 0.951058
0.000000 0.222850 0.974853
-0.876057 -0.472049 -0.098460
-0.696788 0.044288 0.715908
-0.236410 -0.117194 0.964560
0.236410 -0.117194 0.964560
0.696788 0.044288 0.715908
0.868337 -0.480144 -0.124306
0.236410 -0.117194 0.964560
0.696788 0.044288 0.715908
0.000000 0.222850 0.974853
0.288422 -0.110913 0.951058
-0.356948 -0.389341 0.849118
-0.163505 -0.828801 0.535122
-0.288423 -0.110913 0.951058
0.000000 -0.749622 0.661866
-0.876057 -0.472049 -0.098460
-0.163505 -0.828801 0.535122
-0.356948 -0.389341 0.849118
0.000000 0.222850 0.974853
-0.696788 0.044288 0.715908
-0.288423 -0.110913 0.951058
0.163505 -0.828801 0.535122
0.356948 -0.389341 0.849118
0.356948 -0.389341 0.849118
0.163505 -0.828801 0.535122
0.868337 -0.480144 -0.124306
0.000000 -0.749622 0.661866
-0.288423 -0.110913 0.951058
22
0 0 2 1 0 2 1 1
0 3 5 4 3 5 4 1
0 6 8 7 6 8 7 1
0 9 11 10 9 11 10 1
0 8 12 7 8 12 7 1
0 13 15 14 13 15 14 1
0 16 18 17 16 18 17 1
0 19 21 20 19 21 20 1
0 22 15 13 22 15 13 1
0 23 25 24 23 25 24 1
0 26 28 27 26 28 27 1
0 29 31 30 29 31 30 1
0 31 32 30 31 32 30 1
0 33 35 34 33 35 34 1
0 31 37 36 31 37 36 1
0 18 16 38 18 16 38 1
0 28 40 39 28 40 39 1
0 41 43 42 41 43 42 1
0 44 28 39 44 28 39 1
0 11 9 45 11 9 45 1
0 37 31 29 37 31 29 1
0 28 26 40 28 26 40 1
"Mesh16" 0 16
21
0 -0.000010 0.293492 -0.847442 0.501516 0.640659 1
0 0.242832 0.503492 -0.810284 0.680837 0.548733 1
0 -0.605695 0.303492 -0.653127 0.022321 0.644043 1
0 -0.242853 0.503492 -0.810284 0.320754 0.548733 1
0 -0.645695 0.623492 -0.773127 0.022090 0.496205 1
0 0.525676 0.303492 -0.653127 0.977679 0.635254 1
0 -0.000010 -0.456508 -0.647442 0.501516 0.942000 1
0 -0.365695 -0.536508 -0.773127 0.227035 0.970008 1
0 -0.365695 0.063492 -0.613127 0.227035 0.759944 1
0 0.365676 0.063492 -0.613127 0.775998 0.759944 1
0 0.365676 -0.536508 -0.773127 0.775998 0.970008 1
0 0.645676 0.623492 -0.773127 0.979501 0.496205 1
0 -0.645695 0.903109 -0.693127 0.022090 0.373805 1
0 0.645676 0.903109 -0.693127 0.979501 0.373805 1
0 0.132122 0.603492 -0.819574 0.598757 0.504959 1
0 0.070701 0.383492 -1.078153 0.553220 0.601262 1
0 0.053023 0.533492 -1.060476 0.540114 0.535601 1
0 -0.053043 0.533492 -1.060476 0.461477 0.535601 1
0 -0.070721 0.383492 -1.078153 0.448371 0.601262 1
0 -0.132142 0.603492 -0.819574 0.402834 0.504959 1
0 -0.000010 0.863492 -0.807442 0.500796 0.391146 1
21
0.012985 -0.669808 -0.742420
0.458565 -0.203267 -0.865102
-0.533412 -0.429072 -0.728951
-0.446386 -0.180344 -0.876479
-0.674899 -0.053429 -0.735973
0.525393 -0.433536 -0.732126
0.000000 -0.677633 -0.735400
-0.483720 -0.682739 -0.547614
-0.483836 -0.388410 -0.784245
0.501281 -0.341907 -0.794869
0.483721 -0.682739 -0.547614
0.653950 -0.108240 -0.748755
-0.727970 0.195187 -0.657238
0.705254 0.240842 -0.666792
0.499645 0.295421 -0.814298
0.643516 -0.255062 -0.721686
0.521447 0.392039 -0.757891
-0.521446 0.392039 -0.757891
-0.643515 -0.255062 -0.721686
-0.499645 0.295421 -0.814298
0.004744 0.363122 -0.931729
28
0 14 16 15 14 16 15 1
0 17 19 18 17 19 18 1
0 17 16 20 17 16 20 1
0 0 1 15 0 1 15 1
0 16 14 20 16 14 20 1
0 2 0 3 2 0 3 1
0 3 0 18 3 0 18 1
0 3 4 2 3 4 2 1
0 0 5 1 0 5 1 1
0 19 17 20 19 17 20 1
0 14 15 1 14 15 1 1
0 0 15 18 0 15 18 1
0 16 18 15 16 18 15 1
0 16 17 18 16 17 18 1
0 18 19 3 18 19 3 1
0 6 8 7 6 8 7 1
0 9 6 10 9 6 10 1
0 11 1 5 11 1 5 1
0 8 6 9 8 6 9 1
0 0 9 5 0 9 5 1
0 9 0 8 9 0 8 1
0 19 4 3 19 4 3 1
0 19 12 4 19 12 4 1
0 11 14 1 11 14 1 1
0 14 11 13 14 11 13 1
0 13 20 14 13 20 14 1
0 20 12 19 20 12 19 1
0 8 0 2 8 0 2 1
"Mesh17" 0 17
3
0 -0.497561 -0.019930 -0.839982 0.015268 0.237844 1
0 0.000000 0.637090 -0.839982 0.500004 0.046832 1
0 0.497560 -0.019930 -0.839982 0.984740 0.237844 1
3
0.000000 0.000000 -1.000000
0.000000 0.000000 -1.000000
0.000000 0.000000 -1.000000
1
0 0 2 1 0 2 1 1

Materials: 18
"Material0"
0.500000 0.000000 0.000000 1.000000
1.000000 0.000000 0.000000 1.000000
0.000000 0.000000 0.000000 1.000000
0.000000 0.000000 0.000000 1.000000
0.000000
1.000000
""
""
"Material1"
0.500000 0.500000 0.500000 1.000000
0.700000 0.700000 0.700000 1.000000
0.000000 0.000000 0.000000 1.000000
0.000000 0.000000 0.000000 1.000000
0.000000
1.000000
""
""
"Material2"
0.000000 0.000000 0.700000 1.000000
0.000000 0.400000 1.000000 1.000000
0.000000 0.000000 0.000000 1.000000
0.000000 0.000000 0.000000 1.000000
0.000000
1.000000
""
""
"Material3"
0.929412 0.729412 0.505882 1.000000
0.929412 0.729412 0.505882 1.000000
0.000000 0.000000 0.000000 1.000000
0.000000 0.000000 0.000000 1.000000
0.000000
1.000000
""
""
"Material4"
0.870057 0.502825 0.322034 1.000000
0.870057 0.502825 0.322034 1.000000
0.000000 0.000000 0.000000 1.000000
0.000000 0.000000 0.000000 1.000000
0.000000
1.000000
""
""
"Material5"
0.100000 0.100000 0.100000 1.000000
0.100000 0.100000 0.100000 1.000000
0.000000 0.000000 0.000000 1.000000
0.000000 0.000000 0.000000 1.000000
0.000000
1.000000
""
""
"Material6"
1.000000 1.000000 1.000000 1.000000
1.000000 1.000000 1.000000 1.000000
0.000000 0.000000 0.000000 1.000000
0.000000 0.000000 0.000000 1.000000
0.000000
1.000000
"t7_regg_00.bmp"
""
"Material7"
1.000000 1.000000 1.000000 1.000000
1.000000 1.000000 1.000000 1.000000
0.000000 0.000000 0.000000 1.000000
0.000000 0.000000 0.000000 1.000000
0.000000
1.000000
"t6_regg_00.bmp"
""
"Material8"
1.000000 1.000000 1.000000 1.000000
1.000000 1.000000 1.000000 1.000000
0.000000 0.000000 0.000000 1.000000
0.000000 0.000000 0.000000 1.000000
0.000000
1.000000
"t10_regg_00.bmp"
""
"Material9"
1.000000 1.000000 1.000000 1.000000
1.000000 1.000000 1.000000 1.000000
0.000000 0.000000 0.000000 1.000000
0.000000 0.000000 0.000000 1.000000
0.000000
1.000000
"t9_regg_00.bmp"
""
"Material10"
1.000000 1.000000 1.000000 1.000000
1.000000 1.000000 1.000000 1.000000
0.000000 0.000000 0.000000 1.000000
0.000000 0.000000 0.000000 1.000000
0.000000
1.000000
"t4_regg_00.bmp"
""
"Material11"
1.000000 1.000000 1.000000 1.000000
1.000000 1.000000 1.000000 1.000000
0.000000 0.000000 0.000000 1.000000
0.000000 0.000000 0.000000 1.000000
0.000000
1.000000
"t5_regg_00.bmp"
""
"Material12"
1.000000 1.000000 1.000000 1.000000
1.000000 1.000000 1.000000 1.000000
0.000000 0.000000 0.000000 1.000000
0.000000 0.000000 0.000000 1.000000
0.000000
1.000000
"t5_regg_00.bmp"
""
"Material13"
1.000000 1.000000 1.000000 1.000000
1.000000 1.000000 1.000000 1.000000
0.000000 0.000000 0.000000 1.000000
0.000000 0.000000 0.000000 1.000000
0.000000
1.000000
"t0_regg_00.bmp"
""
"Material14"
1.000000 1.000000 1.000000 1.000000
1.000000 1.000000 1.000000 1.000000
0.000000 0.000000 0.000000 1.000000
0.000000 0.000000 0.000000 1.000000
0.000000
1.000000
"t8_regg_00.bmp"
""
"Material15"
1.000000 1.000000 1.000000 1.000000
1.000000 1.000000 1.000000 1.000000
0.000000 0.000000 0.000000 1.000000
0.000000 0.000000 0.000000 1.000000
0.000000
1.000000
"t0_regg_00.bmp"
""
"Material16"
1.000000 1.000000 1.000000 1.000000
1.000000 1.000000 1.000000 1.000000
0.000000 0.000000 0.000000 1.000000
0.000000 0.000000 0.000000 1.000000
0.000000
1.000000
"face.ini"
""
"Material17"
1.000000 1.000000 1.000000 1.000000
1.000000 1.000000 1.000000 1.000000
0.000000 0.000000 0.000000 1.000000
0.000000 0.000000 0.000000 1.000000
0.000000
1.000000
"t0_regg_00.bmp"
""

Bones: 16
"torso"
""
8 0 0 0 0 0 0
0
0
"head"
""
8 0 0 0 0 0 0
0
0
"pelvis"
""
8 0 0 0 0 0 0
0
0
"r lower arm"
""
8 0 0 0 0 0 0
0
0
"r foot"
""
8 0 0 0 0 0 0
0
0
"r hand"
""
8 0 0 0 0 0 0
0
0
"r leg"
""
8 0 0 0 0 0 0
0
0
"r thigh"
""
8 0 0 0 0 0 0
0
0
"r upper arm"
""
8 0 0 0 0 0 0
0
0
"neck"
""
8 0 0 0 0 0 0
0
0
"l lower arm"
""
8 0 0 0 0 0 0
0
0
"l foot"
""
8 0 0 0 0 0 0
0
0
"l hand"
""
8 0 0 0 0 0 0
0
0
"l leg"
""
8 0 0 0 0 0 0
0
0
"l thigh"
""
8 0 0 0 0 0 0
0
0
"l upper arm"
""
8 0 0 0 0 0 0
0
0
