// MilkShape 3D ASCII

Frames: 1
Frame: 1

Meshes: 17
"Pelvis" 0 0
31
0 -1.030000 0.000000 0.950000 0.690196 0.627451 2
0 -1.140000 -0.750000 1.120000 0.690196 0.682353 2
0 -1.460000 -0.360000 0.050000 0.627451 0.654902 2
0 1.030000 0.010000 -0.950000 0.552941 0.254902 2
0 1.120000 -0.560000 -0.920000 0.552941 0.294118 2
0 1.470000 -0.360000 0.050000 0.505882 0.278431 2
0 0.190000 -1.860000 -1.100000 0.623529 0.623529 2
0 -0.180000 -1.860000 -1.100000 0.505882 0.623529 2
0 -0.050000 -1.810000 0.100000 0.505882 0.501961 2
0 0.000000 -1.850000 1.170000 0.564706 0.396078 2
0 0.290000 -1.850000 1.370000 0.623529 0.376471 2
0 0.260000 -1.860000 0.930000 0.623529 0.419608 2
0 -1.460000 -0.360000 0.050000 0.745098 0.278431 2
0 -1.110000 -0.560000 -0.920000 0.698039 0.294118 2
0 -1.020000 0.010000 -0.950000 0.698039 0.254902 2
0 1.470000 -0.360000 0.050000 0.627451 0.654902 2
0 1.150000 -0.750000 1.120000 0.690196 0.682353 2
0 1.040000 0.000000 0.950000 0.690196 0.627451 2
0 -0.250000 -1.860000 0.930000 0.505882 0.419608 2
0 0.060000 -1.810000 0.100000 0.623529 0.501961 2
0 -0.180000 -1.860000 -1.100000 0.643137 0.372549 2
0 1.400000 0.000000 0.000000 0.627451 0.627451 2
0 -1.390000 0.000000 0.000000 0.627451 0.627451 2
0 -1.390000 0.000000 0.000000 0.745098 0.254902 2
0 1.400000 0.000000 0.000000 0.505882 0.254902 2
0 0.000000 -1.850000 1.170000 0.745098 0.745098 2
0 -0.280000 -1.850000 1.370000 0.733333 0.745098 2
0 0.000000 0.000000 1.150000 0.745098 0.627451 2
0 0.290000 -1.850000 1.370000 0.733333 0.745098 2
0 -0.280000 -1.850000 1.370000 0.505882 0.376471 2
0 0.190000 -1.860000 -1.100000 0.607843 0.372549 2
30
0.747716 -0.253683 -0.613649
0.456285 -0.222459 -0.861578
0.911570 -0.219159 -0.347864
-0.605511 -0.093725 0.790299
-0.647092 -0.062179 0.759872
-0.924379 -0.128474 0.359191
0.000000 0.999133 -0.041632
0.000000 0.999970 -0.007719
-0.000206 0.999556 -0.029790
0.016442 0.999581 -0.023841
0.005486 0.999983 -0.001782
0.924379 -0.128477 0.359190
0.647092 -0.062180 0.759872
0.485866 -0.094042 0.868960
-0.911570 -0.219158 -0.347864
-0.455510 -0.222648 -0.861939
-0.747384 -0.253724 -0.614037
-0.004270 0.999897 0.013703
0.000000 0.999656 0.026242
0.107616 -0.031367 0.993698
-0.911108 -0.225113 -0.345262
0.911108 -0.225115 -0.345261
0.924384 -0.129930 0.358654
-0.924384 -0.129928 0.358655
-0.008250 -0.010810 -0.999908
-0.250607 -0.076831 -0.965035
-0.002002 -0.138863 -0.990310
0.242924 -0.076914 -0.966991
-0.017059 0.999569 -0.023883
-0.071688 -0.047714 0.996285
25
0 0 1 2 0 1 2 1
0 3 4 5 3 4 5 1
0 6 7 8 6 6 7 1
0 9 10 11 8 9 10 1
0 12 13 14 11 12 13 1
0 15 16 17 14 15 16 1
0 18 11 19 17 10 18 1
0 14 13 20 13 12 19 1
0 17 21 15 16 20 14 1
0 2 22 0 2 21 0 1
0 14 23 12 13 22 11 1
0 5 24 3 5 23 3 1
0 25 26 27 24 25 26 1
0 27 26 1 26 25 1 1
0 16 28 27 15 27 26 1
0 27 28 25 26 27 24 1
0 18 29 9 17 28 8 1
0 11 18 9 10 17 8 1
0 30 4 3 29 4 3 1
0 3 14 30 3 13 29 1
0 27 17 16 26 16 15 1
0 1 0 27 1 0 26 1
0 19 8 18 18 7 17 1
0 8 19 6 7 18 6 1
0 30 14 20 29 13 19 1
"R upper leg" 0 0
39
0 -0.470000 -0.560000 0.750000 0.384314 0.376471 7
0 -0.640000 -4.020000 0.530000 0.384314 0.623529 7
0 -0.920000 -0.570000 -0.080000 0.329412 0.376471 7
0 -1.110000 -0.560000 -0.920000 0.694118 0.270588 2
0 -0.510000 -0.580000 -0.850000 0.698039 0.372549 7
0 -0.180000 -1.860000 -1.100000 0.647059 0.372549 2
0 -0.180000 -1.860000 -1.100000 0.478431 0.243137 2
0 -0.510000 -0.580000 -0.850000 0.384314 0.235294 7
0 0.490000 -0.580000 -0.830000 0.462745 0.235294 7
0 0.610000 -1.840000 -0.820000 0.321569 0.474510 7
0 0.490000 -0.580000 -0.830000 0.321569 0.376471 7
0 -0.510000 -0.580000 -0.850000 0.254902 0.376471 7
0 -0.640000 -4.020000 -0.630000 0.282353 0.623529 7
0 -0.510000 -0.580000 -0.850000 0.282353 0.376471 7
0 0.580000 -4.020000 0.530000 0.494118 0.623529 7
0 0.610000 -1.840000 0.740000 0.494118 0.474510 7
0 0.580000 -4.020000 -0.630000 0.384314 0.623529 7
0 0.610000 -1.840000 -0.820000 0.384314 0.474510 7
0 -0.640000 -4.020000 -0.630000 0.254902 0.623529 7
0 0.580000 -4.020000 -0.630000 0.321569 0.623529 7
0 0.610000 -1.840000 0.740000 0.321569 0.474510 7
0 0.580000 -4.020000 0.530000 0.321569 0.623529 7
0 -0.470000 -0.560000 0.750000 0.254902 0.376471 7
0 -0.050000 -1.810000 0.100000 0.439216 0.388235 2
0 0.490000 -0.580000 -0.830000 0.384314 0.376471 7
0 -0.250000 -1.860000 0.930000 0.321569 0.376471 2
0 -0.250000 -1.860000 0.930000 0.494118 0.376471 2
0 -0.050000 -1.810000 0.100000 0.486275 0.219608 2
0 -0.250000 -1.860000 0.930000 0.470588 0.200000 2
0 -0.470000 -0.560000 0.750000 0.384314 0.200000 7
0 -0.280000 -1.850000 1.370000 0.470588 0.192157 2
0 -0.280000 -1.850000 1.370000 0.733333 0.745098 2
0 -0.470000 -0.560000 0.750000 0.674510 0.745098 7
0 -1.140000 -0.750000 1.120000 0.690196 0.662745 2
0 -1.460000 -0.360000 0.050000 0.745098 0.254902 2
0 -0.920000 -0.570000 -0.080000 0.745098 0.372549 7
0 -0.920000 -0.570000 -0.080000 0.627451 0.745098 7
0 -1.460000 -0.360000 0.050000 0.627451 0.627451 2
0 -0.640000 -4.020000 0.530000 0.254902 0.623529 7
35
0.879099 -0.012897 -0.476465
0.968625 0.035112 -0.246034
0.999722 0.023449 -0.002334
0.206442 0.882448 -0.422691
0.098018 0.780793 -0.617053
0.119721 0.219663 -0.968202
0.641552 -0.178488 -0.746025
0.019607 0.196201 -0.980368
0.007741 0.051713 0.998632
-0.019996 0.006030 0.999782
0.011611 0.034115 0.999350
0.969343 0.040023 0.242429
0.882648 -0.003296 0.470024
-0.999905 0.013761 0.000000
-0.718329 -0.695400 -0.020542
-0.836934 -0.481006 -0.261101
0.021605 0.074505 0.996987
0.000000 0.086827 0.996223
0.762374 0.643768 -0.065937
0.051186 0.078836 -0.995573
0.277528 0.291041 -0.915573
-0.362526 -0.891038 -0.273176
-0.811058 -0.081841 -0.579213
0.208426 0.168333 0.963443
0.010826 -0.998247 -0.058184
0.890034 -0.449274 -0.077403
0.982218 0.176353 0.064403
0.332172 0.447994 0.830038
0.068255 0.832917 0.549172
0.196605 0.878997 0.434408
0.350668 0.934034 -0.067907
0.194696 0.980341 -0.032017
0.097346 0.981567 0.164471
0.400702 0.892555 0.206843
0.000000 0.063456 -0.997985
23
0 0 1 2 0 1 2 1
0 3 4 5 3 4 5 1
0 6 7 8 6 7 6 1
0 9 10 11 8 9 10 1
0 12 13 2 11 12 2 1
0 14 15 16 13 14 13 1
0 16 15 17 13 14 15 1
0 18 19 9 16 17 8 1
0 20 21 22 18 19 20 1
0 17 15 23 15 14 21 1
0 24 17 23 22 15 21 1
0 22 25 20 20 23 18 1
0 15 26 23 14 24 21 1
0 6 8 27 6 6 25 1
0 28 29 30 26 26 26 1
0 31 32 33 27 28 29 1
0 3 34 35 3 30 31 1
0 36 37 33 32 33 29 1
0 33 32 36 29 28 32 1
0 35 4 3 31 4 3 1
0 11 18 9 10 16 8 1
0 2 1 12 2 1 11 1
0 22 21 38 20 19 34 1
"R leg" 0 0
24
0 -0.620000 -0.340000 0.690000 0.384314 0.639216 6
0 -0.620000 -0.340000 -0.550000 0.282353 0.639216 6
0 -0.640000 -4.020000 -0.630000 0.282353 0.627451 7
0 0.580000 -4.020000 -0.630000 0.321569 0.627451 7
0 -0.640000 -4.020000 -0.630000 0.254902 0.627451 7
0 -0.620000 -0.340000 -0.550000 0.254902 0.639216 6
0 -0.640000 -4.020000 0.530000 0.254902 0.627451 7
0 0.580000 -4.020000 0.530000 0.321569 0.627451 7
0 0.580000 -0.340000 0.690000 0.321569 0.639216 6
0 -0.880000 -3.520000 -0.760000 0.254902 0.745098 6
0 0.750000 -3.520000 -0.760000 0.321569 0.745098 6
0 0.580000 -0.340000 -0.550000 0.321569 0.639216 6
0 0.580000 -4.020000 -0.630000 0.384314 0.627451 7
0 0.580000 -0.340000 -0.550000 0.384314 0.639216 6
0 0.580000 -0.340000 0.690000 0.494118 0.639216 6
0 -1.070000 -3.720000 1.270000 0.254902 0.745098 6
0 -0.620000 -0.340000 0.690000 0.254902 0.639216 6
0 0.990000 -3.720000 1.270000 0.494118 0.745098 6
0 -1.070000 -3.720000 1.270000 0.384314 0.745098 6
0 -0.880000 -3.520000 -0.760000 0.282353 0.745098 6
0 0.750000 -3.520000 -0.760000 0.384314 0.745098 6
0 0.580000 -4.020000 0.530000 0.494118 0.627451 7
0 -0.640000 -4.020000 0.530000 0.384314 0.627451 7
0 0.990000 -3.720000 1.270000 0.321569 0.745098 6
20
-0.992819 -0.119623 0.000000
0.973848 -0.211301 0.083500
-0.999986 0.005216 0.000000
0.000000 0.021726 -0.999764
0.000000 0.021726 -0.999764
0.000000 -0.022399 -0.999749
0.000000 -0.043430 0.999057
0.000000 -0.998000 0.063208
0.000000 -0.065894 0.997827
0.000000 -0.109848 0.993948
1.000000 0.000218 0.000000
-0.977570 -0.179279 0.110523
0.992980 -0.118280 0.000000
0.000000 -0.169126 -0.985595
0.000000 -0.998000 0.063208
-0.994326 -0.090581 0.055775
0.993092 -0.109477 0.042230
0.992653 -0.086731 0.084363
-0.991948 -0.060380 0.111326
1.000000 0.000218 0.000000
16
0 0 1 2 0 1 2 1
0 3 4 5 3 4 5 1
0 6 7 8 6 6 7 1
0 9 10 11 8 8 9 1
0 12 13 14 10 11 12 1
0 15 16 8 13 14 7 1
0 5 11 3 5 9 3 1
0 8 16 6 7 14 6 1
0 17 14 13 15 12 11 1
0 18 19 1 16 17 1 1
0 13 20 17 11 18 15 1
0 1 0 18 1 0 16 1
0 14 21 12 12 19 10 1
0 2 22 0 2 2 0 1
0 11 5 9 9 5 8 1
0 8 23 15 7 13 13 1
"R foot" 0 0
42
0 1.200000 -0.300000 0.210000 0.333333 0.745098 4
0 0.990000 -3.720000 1.270000 0.384314 0.627451 6
0 0.750000 -3.520000 -0.760000 0.282353 0.627451 6
0 -0.880000 -3.520000 -0.760000 0.254902 0.627451 6
0 -0.780000 -0.080000 -1.200000 0.254902 0.745098 4
0 0.750000 -3.520000 -0.760000 0.321569 0.627451 6
0 -1.240000 -0.300000 0.210000 0.388235 0.215686 4
0 -0.830000 -0.360000 0.650000 0.407843 0.211765 4
0 -0.780000 -0.080000 -1.200000 0.407843 0.235294 4
0 -1.240000 -0.300000 0.210000 0.345098 0.745098 4
0 -1.070000 -3.720000 1.270000 0.384314 0.627451 6
0 -0.310000 -1.130000 1.820000 0.384314 0.745098 4
0 -1.070000 -3.720000 1.270000 0.254902 0.627451 6
0 0.990000 -3.720000 1.270000 0.321569 0.627451 6
0 0.270000 -1.130000 1.820000 0.321569 0.745098 4
0 0.670000 -1.130000 -1.280000 0.294118 0.874510 4
0 0.250000 -1.130000 -1.930000 0.254902 0.874510 4
0 -0.760000 -1.130000 -1.280000 0.294118 0.874510 4
0 -0.350000 -0.330000 -1.950000 0.254902 0.784314 4
0 -0.780000 -0.080000 -1.200000 0.301961 0.756863 4
0 0.710000 -1.130000 -0.150000 0.368627 0.874510 4
0 0.740000 -0.360000 0.650000 0.419608 0.788235 4
0 0.360000 -1.130000 0.640000 0.419608 0.874510 4
0 0.270000 -1.130000 1.820000 0.494118 0.874510 4
0 -0.320000 -1.130000 -1.930000 0.254902 0.874510 4
0 0.310000 -0.330000 -1.950000 0.254902 0.784314 4
0 -0.830000 -0.360000 0.650000 0.419608 0.788235 4
0 0.640000 -0.080000 -1.200000 0.301961 0.756863 4
0 -0.800000 -1.130000 -0.150000 0.368627 0.874510 4
0 -0.410000 -1.130000 0.640000 0.419608 0.874510 4
0 -0.310000 -1.130000 1.820000 0.494118 0.874510 4
0 0.270000 -1.130000 1.820000 0.384314 0.745098 4
0 -0.310000 -1.130000 1.820000 0.427451 0.196078 4
0 1.200000 -0.300000 0.210000 0.486275 0.215686 4
0 0.740000 -0.360000 0.650000 0.470588 0.211765 4
0 0.270000 -1.130000 1.820000 0.450980 0.196078 4
0 0.640000 -0.080000 -1.200000 0.466667 0.235294 4
0 0.640000 -0.080000 -1.200000 0.282353 0.745098 4
0 -0.880000 -3.520000 -0.760000 0.282353 0.627451 6
0 -0.780000 -0.080000 -1.200000 0.282353 0.745098 4
0 -0.310000 -1.130000 1.820000 0.254902 0.745098 4
0 0.640000 -0.080000 -1.200000 0.321569 0.745098 4
34
0.999877 -0.000755 0.015651
0.974989 0.008622 0.222087
0.966082 -0.059709 -0.251239
0.000000 -0.126906 -0.991915
-0.328218 0.845525 0.421142
-0.015450 0.988683 0.149221
-0.998780 0.012924 0.047653
-0.971207 0.025492 0.236869
-0.828800 0.127961 0.544716
0.000000 -0.207793 0.978173
-0.763437 0.609764 0.212958
-0.245079 0.622254 0.743463
0.751014 0.619120 0.229495
0.436136 -0.225753 0.871103
0.641139 -0.654501 0.400712
-0.476463 0.821305 -0.313754
-0.838794 0.533722 -0.107542
-0.277723 0.750360 0.599858
-0.526566 0.849185 -0.040162
0.400723 0.518307 0.755499
-0.480141 -0.510366 0.713436
0.852590 0.353559 0.384820
-0.825765 -0.450292 0.339631
0.260827 0.898632 -0.352745
0.450694 0.754677 0.476798
0.332819 0.942569 -0.028205
0.832900 0.116290 0.541067
-0.577883 0.539806 0.612095
0.278015 0.869074 0.409166
0.500288 0.617264 0.607204
0.013474 0.988757 0.148922
0.928254 -0.018168 -0.371504
-0.977117 -0.046351 -0.207591
-0.950068 -0.011932 -0.311814
38
0 0 1 2 0 1 2 1
0 3 4 5 3 3 3 1
0 6 7 8 4 4 5 1
0 9 10 11 6 7 8 1
0 12 13 14 9 9 9 1
0 15 16 17 10 11 12 1
0 18 19 17 13 14 12 1
0 15 20 21 10 15 16 1
0 22 23 21 17 18 16 1
0 17 24 18 12 19 13 1
0 25 18 16 20 13 11 1
0 26 17 19 21 12 14 1
0 15 27 25 10 22 20 1
0 21 27 15 16 22 10 1
0 26 28 17 21 23 12 1
0 25 16 15 20 11 10 1
0 29 30 22 24 25 17 1
0 20 15 28 15 10 23 1
0 26 30 29 21 25 24 1
0 18 25 19 13 20 14 1
0 31 1 0 26 1 0 1
0 32 7 6 27 4 4 1
0 33 34 35 28 28 29 1
0 36 34 33 30 28 28 1
0 2 37 0 2 31 0 1
0 38 10 9 32 7 6 1
0 39 38 9 33 32 6 1
0 20 28 21 15 23 16 1
0 29 22 26 24 17 21 1
0 14 40 12 9 9 9 1
0 5 4 41 3 3 3 1
0 17 16 24 12 11 19 1
0 16 18 24 11 13 19 1
0 22 30 23 17 25 18 1
0 28 15 17 23 10 12 1
0 19 25 27 14 20 22 1
0 21 28 26 16 23 21 1
0 26 22 21 21 17 16 1
"L upper leg" 0 0
39
0 0.930000 -0.570000 -0.080000 0.329412 0.376471 14
0 0.650000 -4.020000 0.530000 0.384314 0.623529 14
0 0.480000 -0.560000 0.750000 0.384314 0.376471 14
0 0.190000 -1.860000 -1.100000 0.647059 0.372549 2
0 0.520000 -0.580000 -0.850000 0.698039 0.372549 14
0 1.120000 -0.560000 -0.920000 0.694118 0.270588 2
0 -0.480000 -0.580000 -0.830000 0.462745 0.235294 14
0 0.520000 -0.580000 -0.850000 0.384314 0.235294 14
0 0.190000 -1.860000 -1.100000 0.478431 0.243137 2
0 0.520000 -0.580000 -0.850000 0.254902 0.376471 14
0 -0.480000 -0.580000 -0.830000 0.321569 0.376471 14
0 -0.600000 -1.840000 -0.820000 0.321569 0.474510 14
0 0.520000 -0.580000 -0.850000 0.282353 0.376471 14
0 0.650000 -4.020000 -0.630000 0.282353 0.623529 14
0 -0.570000 -4.020000 -0.630000 0.384314 0.623529 14
0 -0.600000 -1.840000 0.740000 0.494118 0.474510 14
0 -0.570000 -4.020000 0.530000 0.494118 0.623529 14
0 -0.600000 -1.840000 -0.820000 0.384314 0.474510 14
0 -0.570000 -4.020000 -0.630000 0.321569 0.623529 14
0 0.650000 -4.020000 -0.630000 0.254902 0.623529 14
0 0.480000 -0.560000 0.750000 0.254902 0.376471 14
0 0.650000 -4.020000 0.530000 0.254902 0.623529 14
0 -0.600000 -1.840000 0.740000 0.321569 0.474510 14
0 0.060000 -1.810000 0.100000 0.439216 0.388235 2
0 -0.480000 -0.580000 -0.830000 0.384314 0.376471 14
0 0.260000 -1.860000 0.930000 0.321569 0.376471 2
0 0.260000 -1.860000 0.930000 0.494118 0.376471 2
0 0.060000 -1.810000 0.100000 0.486275 0.219608 2
0 0.290000 -1.850000 1.370000 0.470588 0.192157 2
0 0.480000 -0.560000 0.750000 0.384314 0.200000 14
0 0.260000 -1.860000 0.930000 0.470588 0.200000 2
0 1.150000 -0.750000 1.120000 0.690196 0.662745 2
0 0.480000 -0.560000 0.750000 0.674510 0.745098 14
0 0.290000 -1.850000 1.370000 0.733333 0.745098 2
0 0.930000 -0.570000 -0.080000 0.745098 0.372549 14
0 1.470000 -0.360000 0.050000 0.745098 0.254902 2
0 1.470000 -0.360000 0.050000 0.627451 0.627451 2
0 0.930000 -0.570000 -0.080000 0.627451 0.745098 14
0 -0.570000 -4.020000 0.530000 0.321569 0.623529 14
36
-0.999722 0.023449 -0.002334
-0.968625 0.035111 -0.246034
-0.879099 -0.012897 -0.476465
-0.120069 0.219905 -0.968104
-0.099330 0.781044 -0.616526
-0.206369 0.883002 -0.421568
-0.641029 -0.177997 -0.746591
-0.019607 0.196347 -0.980338
-0.011611 0.034115 0.999350
0.019996 0.006030 0.999782
-0.007741 0.051713 0.998632
-0.882648 -0.003296 0.470024
-0.969343 0.040023 0.242429
0.999905 0.013760 0.000000
0.718129 -0.695617 -0.020208
0.999905 0.013760 0.000000
0.837010 -0.481133 -0.260625
0.000000 0.086827 0.996223
-0.021605 0.074505 0.996987
-0.760701 0.642559 -0.091937
-0.031134 0.078137 -0.996456
-0.243220 0.291726 -0.925062
0.362486 -0.891313 -0.272333
0.811871 -0.081909 -0.578063
-0.208073 0.168034 0.963572
-0.010985 -0.998301 -0.057222
-0.890054 -0.448937 -0.079122
-0.982556 0.175363 0.061897
-0.195439 0.879348 0.434225
-0.068138 0.832937 0.549157
-0.331891 0.448074 0.830107
-0.194338 0.980457 -0.030617
-0.348422 0.935007 -0.066060
-0.397936 0.893853 0.206575
-0.095885 0.981753 0.164219
0.000000 0.095886 -0.995392
23
0 0 1 2 0 1 2 1
0 3 4 5 3 4 5 1
0 6 7 8 6 7 6 1
0 9 10 11 8 9 10 1
0 0 12 13 0 11 12 1
0 14 15 16 13 14 15 1
0 17 15 14 16 14 13 1
0 11 18 19 10 17 18 1
0 20 21 22 19 20 21 1
0 23 15 17 22 14 16 1
0 23 17 24 22 16 23 1
0 22 25 20 21 24 19 1
0 23 26 15 22 25 14 1
0 27 6 8 26 6 6 1
0 28 29 30 27 27 27 1
0 31 32 33 28 29 30 1
0 34 35 5 31 32 5 1
0 31 36 37 28 33 34 1
0 37 32 31 34 29 28 1
0 5 4 34 5 4 31 1
0 11 19 9 10 18 8 1
0 13 1 0 12 1 0 1
0 22 21 38 21 20 35 1
"L foot" 0 0
42
0 -0.740000 -3.520000 -0.760000 0.282353 0.627451 13
0 -0.980000 -3.720000 1.270000 0.384314 0.627451 13
0 -1.190000 -0.300000 0.210000 0.333333 0.745098 11
0 -0.740000 -3.520000 -0.760000 0.321569 0.627451 13
0 -0.630000 -0.080000 -1.200000 0.321569 0.745098 11
0 0.890000 -3.520000 -0.760000 0.254902 0.627451 13
0 0.790000 -0.080000 -1.200000 0.407843 0.235294 11
0 0.840000 -0.360000 0.650000 0.407843 0.211765 11
0 1.250000 -0.300000 0.210000 0.388235 0.215686 11
0 0.320000 -1.130000 1.820000 0.384314 0.745098 11
0 1.080000 -3.720000 1.270000 0.384314 0.627451 13
0 1.250000 -0.300000 0.210000 0.345098 0.745098 11
0 -0.260000 -1.130000 1.820000 0.321569 0.745098 11
0 -0.980000 -3.720000 1.270000 0.321569 0.627451 13
0 1.080000 -3.720000 1.270000 0.254902 0.627451 13
0 0.770000 -1.130000 -1.280000 0.294118 0.874510 11
0 0.330000 -1.130000 -1.930000 0.254902 0.874510 11
0 -0.660000 -1.130000 -1.280000 0.294118 0.874510 11
0 0.790000 -0.080000 -1.200000 0.301961 0.756863 11
0 0.360000 -0.330000 -1.950000 0.254902 0.784314 11
0 -0.730000 -0.360000 0.650000 0.419608 0.788235 11
0 -0.700000 -1.130000 -0.150000 0.368627 0.874510 11
0 -0.260000 -1.130000 1.820000 0.494118 0.874510 11
0 -0.350000 -1.130000 0.640000 0.419608 0.874510 11
0 -0.240000 -1.130000 -1.930000 0.254902 0.874510 11
0 -0.300000 -0.330000 -1.950000 0.254902 0.784314 11
0 0.840000 -0.360000 0.650000 0.419608 0.788235 11
0 -0.630000 -0.080000 -1.200000 0.301961 0.756863 11
0 0.810000 -1.130000 -0.150000 0.368627 0.874510 11
0 0.420000 -1.130000 0.640000 0.419608 0.874510 11
0 0.320000 -1.130000 1.820000 0.494118 0.874510 11
0 -0.260000 -1.130000 1.820000 0.384314 0.745098 11
0 0.320000 -1.130000 1.820000 0.427451 0.196078 11
0 -0.260000 -1.130000 1.820000 0.450980 0.196078 11
0 -0.730000 -0.360000 0.650000 0.470588 0.211765 11
0 -1.190000 -0.300000 0.210000 0.486275 0.215686 11
0 -0.630000 -0.080000 -1.200000 0.466667 0.235294 11
0 -0.630000 -0.080000 -1.200000 0.282353 0.745098 11
0 0.890000 -3.520000 -0.760000 0.282353 0.627451 13
0 0.790000 -0.080000 -1.200000 0.282353 0.745098 11
0 0.320000 -1.130000 1.820000 0.254902 0.745098 11
0 0.790000 -0.080000 -1.200000 0.254902 0.745098 11
35
-0.966143 -0.059301 -0.251101
-0.974949 0.008979 0.222248
-0.999875 -0.000363 0.015784
0.000000 -0.126878 -0.991918
0.015450 0.988683 0.149221
0.328218 0.845525 0.421142
0.828921 0.127624 0.544612
0.971257 0.025116 0.236704
0.998792 0.012521 0.047519
0.000000 -0.207733 0.978186
-0.751014 0.619121 0.229495
-0.242646 0.614485 0.750687
0.763437 0.609765 0.212957
-0.825004 -0.422218 0.375634
-0.459622 -0.502491 0.732292
0.858884 0.328670 0.392803
0.260827 0.898632 -0.352745
0.343736 0.938700 -0.026217
0.464262 0.741967 0.483679
0.404408 0.531826 0.744053
0.457355 -0.230805 0.858811
-0.825406 0.552948 -0.113808
0.642578 -0.670431 0.370965
-0.476463 0.821305 -0.313754
-0.270211 0.757239 0.594622
-0.508922 0.859731 -0.043129
-0.832807 0.116558 0.541152
0.577883 0.539807 0.612094
-0.500287 0.617265 0.607204
-0.278015 0.869075 0.409166
-0.013474 0.988757 0.148922
-0.928283 -0.017757 -0.371451
0.977070 -0.046744 -0.207724
0.950045 -0.012346 -0.311870
0.000000 -0.207733 0.978186
38
0 0 1 2 0 1 2 1
0 3 4 5 3 3 3 1
0 6 7 8 4 5 5 1
0 9 10 11 6 7 8 1
0 12 13 14 9 9 9 1
0 15 16 17 10 11 12 1
0 15 18 19 10 13 14 1
0 20 21 17 15 16 12 1
0 20 22 23 15 17 18 1
0 19 16 15 14 11 10 1
0 24 16 25 19 11 20 1
0 18 15 26 13 10 21 1
0 25 27 17 20 22 12 1
0 17 27 20 12 22 15 1
0 15 28 26 10 23 21 1
0 17 24 25 12 19 20 1
0 23 22 29 18 17 24 1
0 28 15 21 23 10 16 1
0 29 30 26 24 25 21 1
0 18 27 19 13 22 14 1
0 2 1 31 2 1 26 1
0 8 7 32 5 5 27 1
0 33 34 35 28 29 29 1
0 35 34 36 29 29 30 1
0 2 37 0 2 31 0 1
0 11 10 38 8 7 32 1
0 11 38 39 8 32 33 1
0 20 26 21 15 21 16 1
0 26 20 29 21 15 24 1
0 14 40 12 9 34 9 1
0 5 4 41 3 3 3 1
0 17 16 24 12 11 19 1
0 25 16 19 20 11 14 1
0 29 22 30 24 17 25 1
0 21 15 17 16 10 12 1
0 19 27 25 14 22 20 1
0 21 26 28 16 21 23 1
0 29 20 23 24 15 18 1
"Torso" 0 0
58
0 1.150000 3.090000 -0.900000 0.552941 0.050980 0
0 0.520000 3.360000 -0.730000 0.588235 0.031373 0
0 0.000000 1.990000 -1.410000 0.627451 0.117647 0
0 -0.440000 3.360000 -0.740000 0.662745 0.031373 0
0 -1.140000 3.090000 -0.900000 0.698039 0.050980 0
0 -0.970000 1.160000 0.660000 0.694118 0.552941 0
0 -1.470000 2.290000 0.450000 0.650980 0.486275 0
0 -0.940000 2.540000 1.060000 0.694118 0.470588 0
0 1.350000 0.950000 -0.010000 0.627451 0.568627 0
0 1.400000 -0.000000 0.000000 0.627451 0.623529 2
0 1.040000 -0.000000 0.950000 0.694118 0.623529 2
0 0.950000 2.540000 1.060000 0.694118 0.470588 0
0 1.480000 2.290000 0.450000 0.650980 0.486275 0
0 0.980000 1.160000 0.660000 0.694118 0.552941 0
0 -1.180000 1.990000 -1.190000 0.698039 0.117647 0
0 1.190000 1.990000 -1.190000 0.552941 0.117647 0
0 -0.510000 3.840000 -0.200000 0.733333 0.376471 0
0 -0.480000 3.980000 0.540000 0.733333 0.376471 0
0 -0.990000 3.520000 -0.100000 0.698039 0.376471 0
0 0.520000 3.840000 -0.200000 0.588235 0.003922 0
0 0.000000 3.500000 0.780000 0.745098 0.403922 0
0 0.000000 2.540000 0.950000 0.745098 0.470588 0
0 0.990000 0.710000 -0.990000 0.552941 0.200000 0
0 1.350000 0.950000 -0.010000 0.505882 0.184314 0
0 -0.980000 0.710000 -0.990000 0.694118 0.200000 0
0 -1.390000 -0.000000 0.000000 0.745098 0.243137 2
0 -1.020000 0.010000 -0.950000 0.694118 0.243137 2
0 1.480000 2.290000 -0.730000 0.529412 0.101961 0
0 -1.340000 0.950000 -0.010000 0.627451 0.568627 0
0 -1.030000 -0.000000 0.950000 0.694118 0.623529 2
0 -1.390000 -0.000000 0.000000 0.627451 0.623529 2
0 1.030000 0.010000 -0.950000 0.552941 0.243137 2
0 1.400000 -0.000000 0.000000 0.505882 0.243137 2
0 -1.470000 2.290000 -0.730000 0.721569 0.101961 0
0 -1.340000 0.950000 -0.010000 0.745098 0.184314 0
0 0.000000 -0.000000 1.150000 0.745098 0.623529 2
0 0.000000 1.160000 0.930000 0.745098 0.552941 0
0 -1.540000 2.190000 -0.080000 0.745098 0.101961 0
0 1.550000 2.190000 -0.080000 0.505882 0.101961 0
0 -0.780000 3.500000 0.630000 0.698039 0.403922 0
0 0.470000 3.990000 0.540000 0.733333 0.376471 0
0 1.000000 3.520000 -0.100000 0.698039 0.376471 0
0 0.790000 3.500000 0.630000 0.698039 0.403922 0
0 0.000000 3.990000 0.590000 0.745098 0.376471 0
0 1.570000 3.260000 0.390000 0.654902 0.427451 0
0 0.520000 3.840000 -0.200000 0.733333 0.376471 0
0 -0.510000 3.840000 -0.200000 0.662745 0.003922 0
0 -0.990000 3.520000 -0.100000 0.698039 0.003922 0
0 1.000000 3.520000 -0.100000 0.552941 0.003922 0
0 -1.560000 3.260000 0.390000 0.654902 0.427451 0
0 -1.550000 3.270000 -0.730000 0.717647 0.039216 0
0 -1.560000 3.380000 -0.140000 0.654902 0.415686 0
0 -1.560000 3.380000 -0.140000 0.717647 0.003922 0
0 1.560000 3.270000 -0.730000 0.533333 0.039216 0
0 1.570000 3.380000 -0.140000 0.654902 0.415686 0
0 1.570000 3.380000 -0.140000 0.533333 0.003922 0
0 -1.540000 2.190000 -0.080000 0.627451 0.474510 0
0 1.550000 2.190000 -0.080000 0.627451 0.478431 0
58
-0.301286 -0.529540 0.792978
-0.034267 -0.554360 0.831571
0.000718 -0.157457 0.987526
0.030127 -0.550301 0.834423
0.302453 -0.527355 0.793989
0.636713 0.066764 -0.768205
0.835831 0.160210 -0.525089
0.322170 -0.085377 -0.942824
-0.923918 0.051369 -0.379127
-0.933811 -0.052687 -0.353865
-0.632717 -0.178148 -0.753613
-0.321801 -0.085314 -0.942956
-0.835831 0.160210 -0.525089
-0.635932 0.066837 -0.768846
0.677387 0.048612 0.734019
-0.676963 0.048584 0.734412
0.568642 -0.812152 0.130597
0.505841 -0.613835 -0.606079
0.568706 -0.819161 -0.074490
-0.368564 -0.780658 0.504712
0.001077 -0.317053 -0.948407
-0.000606 -0.080310 -0.996770
-0.513478 0.123948 0.849104
-0.944458 0.151239 0.291763
0.599103 0.133172 0.789519
0.932786 -0.038818 0.358335
0.367040 0.031997 0.929655
-0.827976 0.080403 0.554970
0.923918 0.051369 -0.379127
0.633558 -0.178025 -0.752935
0.933811 -0.052687 -0.353865
-0.564771 0.014806 0.825115
-0.932786 -0.038818 0.358335
0.827975 0.080403 0.554970
0.944458 0.151239 0.291763
0.000885 -0.185817 -0.982584
0.000715 -0.039345 -0.999225
0.977590 0.165052 0.130671
-0.977590 0.165052 0.130671
0.405392 -0.681414 -0.609370
-0.500077 -0.618213 -0.606413
-0.563743 -0.822543 -0.074943
-0.402469 -0.683770 -0.608669
0.002705 -0.361527 -0.932358
-0.568297 -0.506342 -0.648580
-0.568348 -0.813022 0.126400
0.366109 -0.780495 0.506747
0.220580 -0.911996 0.345843
-0.220580 -0.911996 0.345843
0.568297 -0.506342 -0.648580
0.183629 -0.732684 0.655328
0.295521 -0.943105 -0.152381
0.222440 -0.957745 0.182333
-0.183629 -0.732684 0.655328
-0.295521 -0.943105 -0.152381
-0.222440 -0.957745 0.182333
0.976354 0.148614 -0.156993
-0.976354 0.148614 -0.156993
70
0 0 1 2 0 1 2 1
0 2 3 4 2 3 4 1
0 5 6 7 5 6 7 1
0 8 9 10 8 9 10 1
0 11 12 13 11 12 13 1
0 2 1 3 2 1 3 1
0 4 14 2 4 14 2 1
0 2 15 0 2 15 0 1
0 16 17 18 16 17 18 1
0 19 1 0 19 1 0 1
0 20 21 7 20 21 7 1
0 15 22 23 15 22 23 1
0 2 14 24 2 14 24 1
0 10 13 8 10 13 8 1
0 25 26 24 25 26 24 1
0 27 0 15 27 0 15 1
0 6 5 28 6 5 28 1
0 29 30 28 29 30 28 1
0 22 31 32 22 31 32 1
0 14 4 33 14 4 33 1
0 22 15 2 22 15 2 1
0 24 34 25 24 34 25 1
0 14 33 34 14 33 34 1
0 32 23 22 32 23 22 1
0 10 35 36 10 35 36 1
0 29 5 36 29 5 36 1
0 34 33 37 34 33 37 1
0 38 27 23 38 27 23 1
0 8 13 12 8 13 12 1
0 22 2 24 22 2 24 1
0 39 18 17 39 18 17 1
0 40 41 42 40 41 42 1
0 28 5 29 28 5 29 1
0 31 22 26 31 22 26 1
0 43 40 20 43 40 20 1
0 44 12 11 44 12 11 1
0 40 42 20 40 42 20 1
0 20 39 17 20 39 17 1
0 41 40 45 41 40 45 1
0 34 24 14 34 24 14 1
0 23 27 15 23 27 15 1
0 46 47 4 46 47 4 1
0 0 48 19 0 48 19 1
0 4 3 46 4 3 46 1
0 36 21 11 36 21 11 1
0 7 21 36 7 21 36 1
0 7 6 49 7 6 49 1
0 11 21 20 11 21 20 1
0 36 5 7 36 5 7 1
0 11 13 36 11 13 36 1
0 20 42 11 20 42 11 1
0 7 39 20 7 39 20 1
0 50 33 4 50 33 4 1
0 39 49 51 39 49 51 1
0 52 50 47 52 50 47 1
0 4 47 50 4 47 50 1
0 53 48 0 53 48 0 1
0 0 27 53 0 27 53 1
0 54 44 42 54 44 42 1
0 48 53 55 48 53 55 1
0 11 42 44 11 42 44 1
0 49 39 7 49 39 7 1
0 56 6 28 56 6 28 1
0 8 12 57 8 12 57 1
0 20 17 43 20 17 43 1
0 42 41 54 42 41 54 1
0 51 18 39 51 18 39 1
0 36 13 10 36 13 10 1
0 36 35 29 36 35 29 1
0 26 22 24 26 22 24 1
"R upper arm" 0 0
26
0 -0.330000 -0.970000 0.530000 0.313726 0.039216 8
0 -0.370000 -3.050000 0.590000 0.313726 0.121569 8
0 -0.330000 -0.970000 -0.320000 0.372549 0.039216 8
0 -0.430000 -0.190000 -0.410000 0.313726 0.011765 8
0 -0.330000 -0.970000 -0.320000 0.313726 0.039216 8
0 0.530000 -0.580000 -0.430000 0.372549 0.031373 8
0 0.530000 -0.580000 0.620000 0.372549 0.031373 8
0 -0.430000 -0.180000 0.570000 0.313726 0.011765 8
0 -1.540000 2.190000 -0.080000 0.286275 0.003922 0
0 -1.470000 2.290000 -0.730000 0.254902 0.003922 0
0 0.530000 -0.580000 -0.430000 0.254902 0.031373 8
0 0.430000 -3.050000 -0.320000 0.254902 0.121569 8
0 0.430000 -3.050000 0.590000 0.313726 0.121569 8
0 -0.370000 -3.050000 -0.320000 0.313726 0.121569 8
0 0.430000 -3.050000 -0.320000 0.372549 0.121569 8
0 0.430000 -3.050000 0.590000 0.372549 0.121569 8
0 -1.560000 3.260000 0.390000 0.313726 0.003922 0
0 -1.470000 2.290000 0.450000 0.372549 0.011765 0
0 0.530000 -0.580000 0.620000 0.313726 0.031373 8
0 -0.430000 -0.190000 -0.410000 0.372549 0.011765 8
0 -1.550000 3.270000 -0.730000 0.372549 0.003922 0
0 -1.560000 3.380000 -0.140000 0.341176 0.003922 0
0 -1.470000 2.290000 0.450000 0.313726 0.003922 0
0 -1.470000 2.290000 -0.730000 0.372549 0.003922 0
0 -1.550000 3.270000 -0.730000 0.313726 0.003922 0
0 -0.370000 -3.050000 -0.320000 0.372549 0.121569 8
25
0.845628 0.069918 -0.529174
0.728142 -0.019672 -0.685144
0.999561 0.029641 0.000000
0.068727 0.118375 0.990588
0.099575 0.060553 0.993186
0.142280 0.096126 0.985148
0.078163 0.020962 -0.996720
0.822669 0.208304 -0.528985
-0.813040 -0.582084 0.012049
-0.799241 -0.575100 -0.174568
-0.955831 -0.290236 -0.046366
-0.999181 0.040453 0.000000
0.064135 0.021064 0.997719
0.000000 0.044490 0.999010
0.000000 0.012145 -0.999926
0.944958 0.321081 0.062932
0.004531 0.062208 0.998053
-0.917794 -0.390104 0.073987
0.976402 0.215662 -0.011348
0.951716 0.304253 -0.040834
0.951692 0.306965 0.007442
-0.807917 -0.550510 0.210257
0.165809 0.012569 -0.986078
0.879012 0.476391 0.019727
0.999815 -0.019227 0.000000
22
0 0 1 2 0 1 2 1
0 3 4 5 3 4 5 1
0 6 0 7 6 0 7 1
0 8 9 10 8 9 10 1
0 1 0 6 1 0 6 1
0 11 12 10 11 11 10 1
0 5 4 13 5 4 12 1
0 13 14 5 12 13 5 1
0 6 15 1 6 14 1 1
0 16 17 6 15 16 6 1
0 8 10 18 8 10 17 1
0 19 20 21 18 19 20 1
0 18 22 8 17 21 8 1
0 5 23 24 5 22 23 1
0 21 16 7 20 15 7 1
0 7 0 19 7 0 18 1
0 19 21 7 18 20 7 1
0 5 24 3 5 23 3 1
0 7 16 6 7 15 6 1
0 2 1 25 2 1 24 1
0 10 12 18 10 11 17 1
0 19 0 2 18 0 2 1
"R lower arm" 0 0
40
0 -0.450000 -0.640000 -0.520000 0.313726 0.168627 3
0 0.390000 -0.640000 -0.520000 0.372549 0.168627 3
0 0.430000 -3.050000 -0.320000 0.372549 0.125490 8
0 -0.510000 -1.780000 0.610000 0.313726 0.243137 3
0 -0.510000 -1.780000 -0.620000 0.372549 0.243137 3
0 -0.450000 -0.640000 0.460000 0.313726 0.168627 3
0 0.600000 -1.780000 -0.620000 0.254902 0.243137 3
0 0.600000 -1.780000 0.610000 0.313726 0.243137 3
0 0.390000 -0.640000 -0.520000 0.254902 0.168627 3
0 0.390000 -0.640000 0.460000 0.313726 0.168627 3
0 0.430000 -3.050000 0.590000 0.313726 0.125490 8
0 0.390000 -0.640000 0.460000 0.439216 0.066667 3
0 -0.450000 -0.640000 0.460000 0.376471 0.066667 3
0 -0.370000 -3.050000 0.590000 0.376471 0.003922 8
0 0.600000 -1.780000 0.610000 0.439216 0.176471 3
0 -0.510000 -1.780000 -0.620000 0.313726 0.243137 3
0 0.600000 -1.780000 -0.620000 0.372549 0.243137 3
0 -0.450000 -0.640000 -0.520000 0.372549 0.168627 3
0 -0.370000 -3.050000 -0.320000 0.372549 0.125490 8
0 0.430000 -3.050000 0.590000 0.439216 0.003922 8
0 -0.370000 -3.050000 -0.320000 0.313726 0.125490 8
0 0.600000 -1.780000 -0.620000 0.470588 0.239216 3
0 -0.510000 -1.780000 -0.620000 0.396078 0.239216 3
0 -0.510000 -1.780000 0.610000 0.396078 0.196078 3
0 0.600000 -1.780000 0.610000 0.470588 0.196078 3
0 -0.510000 -1.780000 0.610000 0.376471 0.176471 3
0 0.430000 -3.050000 -0.320000 0.254902 0.125490 8
0 -0.370000 -3.050000 0.590000 0.313726 0.125490 8
0 -0.270000 -1.590000 -0.370000 0.470588 0.262745 3
0 -0.270000 -1.590000 0.300000 0.482353 0.262745 3
0 -0.270000 -2.070000 -0.370000 0.470588 0.274510 3
0 0.340000 -1.590000 0.300000 0.490196 0.262745 3
0 -0.270000 -2.070000 0.300000 0.482353 0.274510 3
0 0.340000 -2.070000 0.300000 0.490196 0.274510 3
0 0.340000 -2.070000 -0.020000 0.494118 0.274510 3
0 0.340000 -1.590000 -0.370000 0.462745 0.262745 3
0 0.340000 -2.070000 -0.370000 0.462745 0.274510 3
0 0.340000 -2.070000 -0.020000 0.458824 0.274510 3
0 0.340000 -1.590000 -0.020000 0.458824 0.262745 3
0 0.340000 -1.590000 -0.020000 0.494118 0.262745 3
26
0.000000 -0.999997 -0.002392
0.000000 -0.999997 -0.002392
0.000000 -0.082618 -0.996581
0.998618 -0.052559 0.000000
-0.009712 -0.999953 0.000000
-0.983453 -0.181163 0.000000
0.099207 -0.995067 0.000000
0.099207 -0.995067 0.000000
0.999863 0.016570 0.000000
0.000000 -0.022768 0.999741
0.000000 -0.205915 -0.978570
0.000000 0.053776 0.998553
0.000000 -0.130454 -0.991454
0.000000 -0.087384 0.996175
-0.999450 -0.033152 0.000000
0.000000 0.053776 0.998553
0.000000 1.000000 0.000000
0.447214 0.000000 0.894427
0.894427 0.000000 -0.447214
0.816497 0.408248 0.408248
-0.707107 0.000000 -0.707107
0.333333 0.666667 -0.666667
-0.577350 0.577350 -0.577350
-1.000000 0.000000 0.000000
-0.707107 0.000000 0.707107
-0.577350 0.577350 0.577350
30
0 0 1 2 0 1 2 1
0 3 4 5 3 3 4 1
0 6 7 8 5 5 6 1
0 9 10 8 7 8 6 1
0 11 12 13 9 10 11 1
0 12 11 14 10 9 12 1
0 15 16 0 13 13 0 1
0 17 18 5 4 14 4 1
0 13 19 11 11 15 9 1
0 2 20 0 2 2 0 1
0 21 22 23 16 16 16 1
0 21 23 24 16 16 16 1
0 14 25 12 12 12 10 1
0 5 4 17 4 3 4 1
0 8 7 9 6 5 7 1
0 8 10 26 6 8 8 1
0 0 16 1 0 13 1 1
0 5 18 27 4 14 14 1
0 28 29 30 17 18 19 1
0 29 31 32 18 20 21 1
0 33 31 34 22 20 23 1
0 35 28 36 24 17 25 1
0 30 32 36 19 21 25 1
0 30 29 32 19 18 21 1
0 32 31 33 21 20 22 1
0 37 38 36 23 23 25 1
0 34 31 39 23 20 23 1
0 36 28 30 25 17 19 1
0 36 32 33 25 21 22 1
0 36 38 35 25 23 24 1
"L upper arm" 0 0
26
0 0.340000 -0.970000 -0.320000 0.372549 0.039216 15
0 0.380000 -3.050000 -0.320000 0.372549 0.121569 15
0 0.340000 -0.970000 0.530000 0.313726 0.039216 15
0 -0.520000 -0.580000 -0.430000 0.372549 0.031373 15
0 0.340000 -0.970000 -0.320000 0.313726 0.039216 15
0 0.440000 -0.190000 -0.410000 0.313726 0.011765 15
0 0.440000 -0.180000 0.570000 0.313726 0.011765 15
0 -0.520000 -0.580000 0.620000 0.372549 0.031373 15
0 -0.520000 -0.580000 -0.430000 0.254902 0.031373 15
0 1.480000 2.290000 -0.730000 0.254902 0.003922 0
0 1.550000 2.190000 -0.080000 0.286275 0.003922 0
0 0.380000 -3.050000 0.590000 0.313726 0.121569 15
0 -0.520000 -0.580000 0.620000 0.313726 0.031373 15
0 -0.420000 -3.050000 -0.320000 0.254902 0.121569 15
0 0.380000 -3.050000 -0.320000 0.313726 0.121569 15
0 -0.420000 -3.050000 -0.320000 0.372549 0.121569 15
0 -0.420000 -3.050000 0.590000 0.372549 0.121569 15
0 1.480000 2.290000 0.450000 0.372549 0.011765 0
0 1.570000 3.260000 0.390000 0.313726 0.003922 0
0 1.570000 3.380000 -0.140000 0.341176 0.003922 0
0 1.560000 3.270000 -0.730000 0.372549 0.003922 0
0 0.440000 -0.190000 -0.410000 0.372549 0.011765 15
0 1.480000 2.290000 0.450000 0.313726 0.003922 0
0 1.560000 3.270000 -0.730000 0.313726 0.003922 0
0 1.480000 2.290000 -0.730000 0.372549 0.003922 0
0 -0.420000 -3.050000 0.590000 0.313726 0.121569 15
26
-0.996955 0.077974 -0.000433
-0.999815 -0.019227 0.000000
-0.848043 0.030965 -0.529021
-0.142218 0.096092 0.985160
-0.099575 0.060553 0.993186
-0.068716 0.118349 0.990592
-0.883134 0.196331 -0.426062
-0.077957 0.020856 -0.996739
0.914969 -0.398838 -0.061315
0.799298 -0.575130 -0.174208
0.813073 -0.582032 0.012257
-0.489173 -0.016623 -0.872028
0.957365 -0.283426 0.055868
0.999181 0.040453 0.000000
-0.064135 0.021064 0.997719
0.000000 0.044490 0.999010
0.000000 0.012145 -0.999926
-0.003843 0.061742 0.998085
-0.944526 0.321545 0.066925
-0.951624 0.307142 0.008698
-0.951719 0.304198 -0.041165
-0.969332 0.245282 -0.015238
0.807940 -0.550379 0.210515
-0.879015 0.476389 0.019658
-0.165634 0.012514 -0.986108
0.999181 0.040453 0.000000
22
0 0 1 2 0 1 2 1
0 3 4 5 3 4 5 1
0 6 2 7 6 2 7 1
0 8 9 10 8 9 10 1
0 7 2 11 7 2 11 1
0 8 12 13 8 12 13 1
0 14 4 3 14 4 3 1
0 3 15 14 3 15 14 1
0 11 16 7 11 16 7 1
0 7 17 18 7 17 18 1
0 12 8 10 12 8 10 1
0 19 20 21 19 20 21 1
0 10 22 12 10 22 12 1
0 23 24 3 23 24 3 1
0 6 18 19 6 18 19 1
0 21 0 6 21 0 6 1
0 6 19 21 6 19 21 1
0 5 23 3 5 23 3 1
0 7 18 6 7 18 6 1
0 2 1 11 2 1 11 1
0 13 12 25 13 12 25 1
0 6 0 2 6 0 2 1
"L lower arm" 0 0
40
0 -0.420000 -3.050000 -0.320000 0.372549 0.125490 15
0 -0.380000 -0.640000 -0.520000 0.372549 0.168627 10
0 0.460000 -0.640000 -0.520000 0.313726 0.168627 10
0 0.460000 -0.640000 0.460000 0.313726 0.168627 10
0 0.460000 -0.640000 -0.520000 0.372549 0.168627 10
0 0.520000 -1.780000 0.610000 0.313726 0.243137 10
0 -0.380000 -0.640000 -0.520000 0.254902 0.168627 10
0 -0.380000 -0.640000 0.460000 0.313726 0.168627 10
0 -0.590000 -1.780000 -0.620000 0.254902 0.243137 10
0 -0.420000 -3.050000 -0.320000 0.254902 0.125490 15
0 0.380000 -3.050000 0.590000 0.376471 0.003922 15
0 0.460000 -0.640000 0.460000 0.376471 0.066667 10
0 -0.380000 -0.640000 0.460000 0.439216 0.066667 10
0 -0.590000 -1.780000 0.610000 0.439216 0.176471 10
0 0.520000 -1.780000 -0.620000 0.313726 0.243137 10
0 0.380000 -3.050000 0.590000 0.313726 0.125490 15
0 -0.420000 -3.050000 0.590000 0.439216 0.003922 15
0 0.380000 -3.050000 -0.320000 0.313726 0.125490 15
0 0.520000 -1.780000 0.610000 0.396078 0.196078 10
0 0.520000 -1.780000 -0.620000 0.396078 0.239216 10
0 -0.590000 -1.780000 -0.620000 0.470588 0.239216 10
0 -0.590000 -1.780000 0.610000 0.470588 0.196078 10
0 0.520000 -1.780000 0.610000 0.376471 0.176471 10
0 0.520000 -1.780000 -0.620000 0.372549 0.243137 10
0 -0.590000 -1.780000 0.610000 0.313726 0.243137 10
0 -0.420000 -3.050000 0.590000 0.313726 0.125490 15
0 -0.590000 -1.780000 -0.620000 0.372549 0.243137 10
0 0.380000 -3.050000 -0.320000 0.372549 0.125490 15
0 0.280000 -2.070000 -0.370000 0.482353 0.274510 10
0 0.280000 -2.070000 0.300000 0.470588 0.274510 10
0 0.280000 -1.590000 -0.370000 0.482353 0.262745 10
0 -0.330000 -2.070000 0.300000 0.462745 0.274510 10
0 0.280000 -1.590000 0.300000 0.470588 0.262745 10
0 -0.330000 -1.590000 0.300000 0.462745 0.262745 10
0 -0.330000 -1.590000 -0.020000 0.458824 0.262745 10
0 -0.330000 -2.070000 -0.370000 0.490196 0.274510 10
0 -0.330000 -1.590000 -0.370000 0.490196 0.262745 10
0 -0.330000 -1.590000 -0.020000 0.494118 0.262745 10
0 -0.330000 -2.070000 -0.020000 0.494118 0.274510 10
0 -0.330000 -2.070000 -0.020000 0.458824 0.274510 10
24
0.000000 -0.082342 -0.996604
0.000000 -0.250008 0.968244
0.000000 -0.245106 -0.969496
0.009529 -0.999955 0.000000
-0.998618 -0.052559 0.000000
-0.099386 -0.995049 0.000000
0.983453 -0.181162 0.000000
-0.999857 0.016931 0.000000
0.000000 0.053490 0.998568
0.000000 -0.206191 -0.978512
0.000000 -0.023336 0.999728
0.000000 -0.130454 -0.991454
0.000000 -0.087384 0.996175
0.999438 -0.033519 0.000000
0.000000 1.000000 0.000000
-0.333333 0.666667 0.666667
-0.816497 0.408248 -0.408248
-0.894427 0.000000 0.447214
0.577350 0.577350 -0.577350
-0.447214 0.000000 -0.894427
0.707107 0.000000 -0.707107
1.000000 0.000000 0.000000
0.577350 0.577350 0.577350
0.707107 0.000000 0.707107
30
0 0 1 2 0 1 2 1
0 3 4 5 3 3 4 1
0 6 7 8 5 5 6 1
0 6 9 7 5 7 5 1
0 10 11 12 8 9 10 1
0 13 12 11 11 10 9 1
0 2 1 14 2 1 12 1
0 3 15 4 3 13 3 1
0 12 16 10 10 8 8 1
0 2 17 0 2 0 0 1
0 18 19 20 14 14 14 1
0 21 18 20 14 14 14 1
0 11 22 13 9 11 11 1
0 5 4 23 4 3 4 1
0 8 7 24 6 5 6 1
0 7 9 25 5 7 7 1
0 14 1 26 12 1 12 1
0 4 15 27 3 13 13 1
0 28 29 30 15 16 17 1
0 29 31 32 16 18 19 1
0 33 31 34 20 18 21 1
0 35 28 36 22 15 23 1
0 35 31 28 22 18 15 1
0 30 29 32 17 16 19 1
0 32 31 33 19 18 20 1
0 37 38 36 21 21 23 1
0 34 31 39 21 18 21 1
0 36 28 30 23 15 17 1
0 28 31 29 15 18 16 1
0 36 38 35 23 21 22 1
"Neck" 0 0
15
0 -0.360000 1.340000 0.480000 0.466667 0.258824 9
0 -0.480000 3.980000 0.540000 0.462745 0.278431 0
0 -0.510000 3.840000 -0.200000 0.462745 0.282353 0
0 0.000000 3.990000 0.590000 0.478431 0.278431 0
0 0.340000 1.340000 -0.240000 0.490196 0.258824 9
0 0.520000 3.360000 -0.730000 0.494118 0.282353 0
0 0.520000 3.840000 -0.200000 0.494118 0.278431 0
0 0.000000 1.340000 -0.490000 0.478431 0.258824 9
0 -0.440000 3.360000 -0.740000 0.462745 0.282353 0
0 -0.330000 1.340000 -0.240000 0.466667 0.258824 9
0 -0.440000 3.360000 -0.740000 0.376471 0.372549 0
0 0.520000 3.360000 -0.730000 0.494118 0.372549 0
0 0.000000 1.340000 -0.490000 0.435294 0.254902 9
0 0.470000 3.990000 0.540000 0.494118 0.278431 0
0 0.370000 1.340000 0.480000 0.490196 0.258824 9
13
-0.722008 -0.064136 0.688906
-0.724844 -0.048566 0.687199
-0.997834 -0.062805 -0.019550
0.000918 -0.031859 0.999492
0.949335 -0.142292 -0.280208
0.895182 -0.178808 -0.408260
0.997576 -0.061129 0.033248
-0.008315 -0.286005 -0.958192
-0.871041 -0.162206 -0.463655
-0.937558 -0.132991 -0.321400
0.010340 -0.120614 -0.992646
0.717049 -0.042809 0.695707
0.717962 -0.061014 0.693403
12
0 0 1 2 0 1 2 1
0 3 1 0 3 1 0 1
0 4 5 6 4 5 6 1
0 5 4 7 5 4 7 1
0 2 8 9 2 8 9 1
0 7 9 8 7 9 8 1
0 10 11 12 10 10 10 1
0 6 13 14 6 11 12 1
0 2 9 0 2 9 0 1
0 14 4 6 12 4 6 1
0 14 13 3 12 11 3 1
0 3 0 14 3 0 12 1
"Head" 0 0
47
0 0.750000 0.690000 -0.180000 0.211765 0.070588 1
0 1.340000 1.270000 -0.630000 0.223529 0.054902 1
0 0.510000 1.360000 -0.890000 0.207843 0.054902 1
0 1.490000 2.290000 0.120000 0.223529 0.031373 1
0 1.720000 1.420000 0.320000 0.227451 0.054902 1
0 1.020000 2.240000 1.130000 0.215686 0.035294 1
0 -0.740000 0.690000 -0.180000 0.184314 0.070588 1
0 -1.390000 0.640000 0.090000 0.172549 0.070588 1
0 -0.720000 0.170000 0.140000 0.184314 0.082353 1
0 -0.770000 2.710000 0.120000 0.184314 0.023529 1
0 0.000000 2.920000 0.150000 0.200000 0.019608 1
0 -0.490000 2.710000 0.750000 0.188235 0.023529 1
0 1.290000 1.420000 1.250000 0.223529 0.054902 1
0 0.000000 2.240000 1.530000 0.200000 0.035294 1
0 -1.280000 1.420000 1.250000 0.172549 0.054902 1
0 -1.010000 2.240000 1.130000 0.180392 0.035294 1
0 0.000000 1.390000 1.710000 0.200000 0.054902 1
0 0.720000 0.110000 0.860000 0.211765 0.082353 1
0 1.000000 0.620000 1.120000 0.215686 0.070588 1
0 0.730000 0.170000 0.140000 0.211765 0.082353 1
0 -0.990000 0.620000 1.120000 0.180392 0.070588 1
0 0.000000 0.540000 1.540000 0.200000 0.074510 1
0 0.500000 2.710000 0.750000 0.207843 0.023529 1
0 0.000000 2.700000 0.950000 0.200000 0.023529 1
0 1.400000 0.640000 0.090000 0.223529 0.070588 1
0 0.780000 2.710000 0.120000 0.211765 0.023529 1
0 -0.500000 1.360000 -0.890000 0.188235 0.054902 1
0 -1.330000 1.270000 -0.630000 0.172549 0.054902 1
0 -0.710000 0.110000 0.860000 0.184314 0.082353 1
0 0.610000 2.740000 -0.430000 0.207843 0.023529 1
0 0.000000 -0.050000 0.460000 0.200000 0.086275 1
0 0.000000 2.770000 -0.740000 0.200000 0.019608 1
0 -0.600000 2.740000 -0.430000 0.188235 0.023529 1
0 0.000000 0.040000 1.090000 0.200000 0.086275 1
0 1.340000 1.800000 -0.630000 0.223529 0.043137 1
0 1.140000 2.370000 -0.570000 0.219608 0.031373 1
0 -1.480000 2.290000 0.120000 0.172549 0.031373 1
0 -1.710000 1.420000 0.320000 0.168627 0.054902 1
0 -1.330000 1.800000 -0.630000 0.172549 0.043137 1
0 -0.730000 1.950000 -1.190000 0.184314 0.039216 1
0 0.740000 1.950000 -1.190000 0.211765 0.039216 1
0 0.000000 1.950000 -1.410000 0.196078 0.039216 1
0 -0.630000 2.430000 -1.040000 0.184314 0.027451 1
0 0.000000 2.470000 -1.240000 0.196078 0.027451 1
0 0.640000 2.430000 -1.040000 0.211765 0.027451 1
0 0.000000 1.400000 -1.020000 0.200000 0.054902 1
0 -1.130000 2.370000 -0.570000 0.176471 0.031373 1
47
-0.221053 0.648677 0.728254
-0.588822 0.420784 0.690094
-0.177681 0.570724 0.801688
-0.780536 -0.625001 -0.011707
-0.999121 -0.021665 -0.035894
-0.556517 -0.588992 -0.585984
0.221053 0.648677 0.728254
0.750133 0.637136 0.177083
0.579915 0.788899 0.203314
0.446277 -0.893206 -0.054955
0.001316 -0.998804 -0.048871
0.284772 -0.879523 -0.381240
-0.677731 0.056672 -0.733123
-0.015288 -0.539399 -0.841912
0.679247 0.133080 -0.721743
0.582508 -0.552563 -0.596119
-0.004901 0.000383 -0.999988
-0.440718 0.830570 -0.340472
-0.643465 0.501646 -0.578191
-0.579152 0.789432 0.203420
0.624176 0.575435 -0.528469
0.006937 0.456934 -0.889474
-0.330086 -0.891681 -0.309755
-0.048769 -0.871355 -0.488223
-0.750133 0.637136 0.177083
-0.421846 -0.906647 -0.006106
0.191896 0.574274 0.795855
0.588822 0.420784 0.690094
0.458377 0.857736 -0.232765
-0.321934 -0.904529 0.279618
0.001358 0.999468 -0.032585
0.039092 -0.930615 0.363906
0.341485 -0.910911 0.231579
0.080270 0.836053 -0.542745
-0.844771 -0.171324 0.506961
-0.661380 -0.619297 0.423141
0.821478 -0.568922 0.038754
0.999121 -0.021665 -0.035894
0.819362 -0.201302 0.536772
0.444892 0.006856 0.895558
-0.472145 0.092787 0.876624
-0.022949 0.137539 0.990230
0.463450 -0.624345 0.628814
0.001557 -0.642592 0.766207
-0.406567 -0.574065 0.710740
-0.084377 0.553336 0.828674
0.646664 -0.667182 0.369721
84
0 0 1 2 0 1 2 1
0 3 4 5 3 4 5 1
0 6 7 8 6 7 8 1
0 9 10 11 9 10 11 1
0 5 12 13 5 12 13 1
0 14 15 16 14 15 16 1
0 17 18 19 17 18 19 1
0 20 14 21 20 14 21 1
0 22 5 23 22 5 23 1
0 11 10 23 11 10 23 1
0 19 24 0 19 24 0 1
0 22 10 25 22 10 25 1
0 26 27 6 26 27 6 1
0 8 20 28 8 20 28 1
0 25 10 29 25 10 29 1
0 19 30 17 19 30 17 1
0 31 10 32 31 10 32 1
0 33 21 17 33 21 17 1
0 33 30 28 33 30 28 1
0 32 10 9 32 10 9 1
0 34 4 3 34 4 3 1
0 3 35 34 3 35 34 1
0 36 37 38 36 37 38 1
0 38 27 39 38 27 39 1
0 40 1 34 40 1 34 1
0 27 26 39 27 26 39 1
0 34 35 40 34 35 40 1
0 15 14 37 15 14 37 1
0 39 26 41 39 26 41 1
0 39 42 38 39 42 38 1
0 41 43 39 41 43 39 1
0 40 44 41 40 44 41 1
0 37 27 38 37 27 38 1
0 41 45 40 41 45 40 1
0 38 46 36 38 46 36 1
0 46 32 9 46 32 9 1
0 9 36 46 9 36 46 1
0 35 25 29 35 25 29 1
0 35 3 25 35 3 25 1
0 0 24 1 0 24 1 1
0 27 7 6 27 7 6 1
0 24 4 1 24 4 1 1
0 17 30 33 17 30 33 1
0 28 20 33 28 20 33 1
0 37 36 15 37 36 15 1
0 34 1 4 34 1 4 1
0 29 44 35 29 44 35 1
0 25 3 22 25 3 22 1
0 23 10 22 23 10 22 1
0 23 13 11 23 13 11 1
0 11 15 9 11 15 9 1
0 12 4 24 12 4 24 1
0 46 42 32 46 42 32 1
0 32 42 31 32 42 31 1
0 31 43 29 31 43 29 1
0 24 19 18 24 19 18 1
0 40 2 1 40 2 1 1
0 29 10 31 29 10 31 1
0 7 37 14 7 37 14 1
0 21 16 18 21 16 18 1
0 28 30 8 28 30 8 1
0 20 8 7 20 8 7 1
0 18 12 24 18 12 24 1
0 7 14 20 7 14 20 1
0 27 37 7 27 37 7 1
0 5 4 12 5 4 12 1
0 13 12 16 13 12 16 1
0 16 15 13 16 15 13 1
0 21 14 16 21 14 16 1
0 23 5 13 23 5 13 1
0 17 21 18 17 21 18 1
0 40 35 44 40 35 44 1
0 41 26 45 41 26 45 1
0 38 42 46 38 42 46 1
0 39 43 42 39 43 42 1
0 41 44 43 41 44 43 1
0 40 45 2 40 45 2 1
0 33 20 21 33 20 21 1
0 22 3 5 22 3 5 1
0 11 13 15 11 13 15 1
0 9 15 36 9 15 36 1
0 31 42 43 31 42 43 1
0 29 43 44 29 43 44 1
0 18 16 12 18 16 12 1
"Face" 0 1
49
0 -0.330000 -0.350000 -0.200000 0.690196 0.878432 1
0 -0.230000 -0.530000 -0.870000 0.172548 0.956864 1
0 -0.550000 -0.210000 -0.630000 0.392156 0.815688 1
0 0.000000 0.000000 -1.260000 0.017578 0.705884 1
0 0.350000 -0.040000 -1.080000 0.172548 0.721568 1
0 0.260000 0.280000 -1.160000 0.125492 0.564704 1
0 0.000000 0.000000 -1.260000 0.015688 0.705884 1
0 0.000000 0.210000 -1.220000 0.015688 0.596080 1
0 -0.250000 0.280000 -1.160000 0.125492 0.564704 1
0 0.670000 0.340000 -0.870000 0.313724 0.533332 1
0 0.460000 0.650000 -1.020000 0.219608 0.376472 1
0 -0.450000 0.650000 -1.020000 0.219608 0.376472 1
0 -0.660000 0.340000 -0.870000 0.313724 0.533332 1
0 -0.720000 0.180000 -0.180000 0.596080 0.611764 1
0 0.560000 -0.210000 -0.630000 0.392156 0.815688 1
0 0.730000 0.180000 -0.180000 0.596080 0.611764 1
0 0.000000 0.880000 -1.180000 0.017578 0.266668 1
0 0.000000 0.650000 -1.180000 0.017578 0.376472 1
0 0.000000 0.880000 -1.180000 0.015688 0.266668 1
0 -0.500000 0.920000 -1.020000 0.235296 0.250980 1
0 0.000000 0.650000 -1.180000 0.015688 0.376472 1
0 0.000000 0.430000 -1.370000 0.017578 0.486276 1
0 -0.720000 0.170000 0.140000 0.705884 0.611764 1
0 0.700000 0.650000 -0.750000 0.360784 0.376472 1
0 0.510000 1.360000 -0.890000 0.282352 0.031372 1
0 0.750000 0.690000 -0.180000 0.596080 0.360784 1
0 0.340000 -0.350000 -0.200000 0.690196 0.878432 1
0 0.730000 0.170000 0.140000 0.705884 0.611764 1
0 -0.690000 0.650000 -0.750000 0.360784 0.376472 1
0 0.000000 -0.050000 0.460000 0.972548 0.737256 1
0 -0.740000 0.690000 -0.180000 0.596080 0.360784 1
0 -0.500000 1.360000 -0.890000 0.282352 0.031372 1
0 0.510000 0.920000 -1.020000 0.235296 0.250980 1
0 -0.340000 -0.040000 -1.080000 0.172548 0.721568 1
0 0.000000 0.290000 -1.370000 0.017578 0.549020 1
0 0.000000 0.210000 -1.220000 0.017578 0.596080 1
0 0.000000 0.290000 -1.370000 0.015688 0.549020 1
0 0.000000 -0.430000 -0.130000 0.972548 0.909804 1
0 0.230000 -0.440000 -1.000000 0.125492 0.925492 1
0 0.000000 -0.470000 -1.060000 0.017578 0.941176 1
0 -0.220000 -0.440000 -1.000000 0.125492 0.925492 1
0 0.240000 -0.530000 -0.870000 0.172548 0.956864 1
0 0.200000 -0.380000 -0.170000 0.015688 0.894116 1
0 0.000000 -0.560000 -0.870000 0.015688 0.972548 1
0 0.000000 -0.560000 -0.870000 0.017578 0.972548 1
0 0.000000 -0.470000 -1.060000 0.015688 0.941176 1
0 0.000000 1.400000 -1.020000 0.017578 0.015688 1
0 0.000000 1.400000 -1.020000 0.015688 0.015688 1
0 0.000000 0.430000 -1.370000 0.015688 0.486276 1
49
0.446671 0.841847 -0.302950
0.437412 0.868199 0.234309
0.850390 0.488666 0.195045
-0.349681 0.093972 0.932144
-0.570081 0.257713 0.780123
-0.519918 0.020451 0.853971
0.347677 0.149678 0.925590
0.317540 0.395273 0.861932
0.528388 0.021197 0.848738
-0.832283 0.098722 0.545490
-0.518857 -0.027950 0.854404
0.521653 -0.027031 0.852729
0.832283 0.098722 0.545489
0.985162 0.157255 0.068745
-0.850390 0.488666 0.195045
-0.985162 0.157255 0.068745
-0.302870 -0.076663 0.949944
-0.477007 -0.225979 0.849351
0.308606 -0.076182 0.948134
0.526854 -0.107788 0.843094
0.486860 -0.221475 0.844936
-0.690163 -0.240998 0.682346
0.851627 0.488347 -0.190391
-0.929966 -0.057233 0.363163
-0.787921 -0.245332 0.564794
-0.996553 -0.053931 0.063036
-0.500771 0.803017 -0.323097
-0.851152 0.488641 -0.191759
0.929966 -0.057233 0.363163
0.003430 0.815598 -0.578609
0.996553 -0.053931 0.063036
0.788839 -0.244918 0.563692
-0.524032 -0.108270 0.844788
0.629764 0.237732 0.739514
-0.542398 0.473346 0.694081
-0.306642 0.397757 0.864731
0.556452 0.470474 0.684847
0.000889 0.931579 -0.363538
-0.482529 0.616944 0.621728
-0.318788 0.538188 0.780210
0.544463 0.487015 0.682917
-0.434436 0.895265 0.098822
-0.213940 0.956210 -0.199730
0.024605 0.996767 -0.076486
-0.163642 0.852140 0.497071
0.233999 0.719575 0.653801
-0.262222 -0.278611 0.923913
0.267095 -0.278224 0.922633
0.704139 -0.235985 0.669700
69
0 0 1 2 0 1 2 1
0 3 4 5 3 4 5 1
0 6 7 8 6 7 8 1
0 9 10 5 9 10 5 1
0 8 11 12 8 11 12 1
0 13 2 12 13 2 12 1
0 9 14 15 9 14 15 1
0 16 17 10 16 17 10 1
0 18 19 11 18 19 11 1
0 8 20 11 8 20 11 1
0 17 21 5 17 21 5 1
0 22 0 2 22 0 2 1
0 15 23 9 15 23 9 1
0 24 23 25 24 23 25 1
0 14 26 27 14 26 27 1
0 11 28 12 11 28 12 1
0 26 29 27 26 29 27 1
0 12 28 13 12 28 13 1
0 30 28 31 30 28 31 1
0 25 15 27 25 15 27 1
0 5 10 17 5 10 17 1
0 32 23 24 32 23 24 1
0 12 33 8 12 33 8 1
0 27 15 14 27 15 14 1
0 2 13 22 2 13 22 1
0 22 13 30 22 13 30 1
0 25 23 15 25 23 15 1
0 13 28 30 13 28 30 1
0 22 29 0 22 29 0 1
0 4 14 9 4 14 9 1
0 5 34 35 5 34 35 1
0 36 8 7 36 8 7 1
0 31 28 19 31 28 19 1
0 11 20 18 11 20 18 1
0 5 35 3 5 35 3 1
0 8 33 6 8 33 6 1
0 26 37 29 26 37 29 1
0 29 37 0 29 37 0 1
0 38 4 39 38 4 39 1
0 33 40 6 33 40 6 1
0 40 33 2 40 33 2 1
0 14 4 38 14 4 38 1
0 14 41 26 14 41 26 1
0 37 42 43 37 42 43 1
0 1 0 43 1 0 43 1
0 41 38 44 41 38 44 1
0 40 1 45 40 1 45 1
0 38 41 14 38 41 14 1
0 2 1 40 2 1 40 1
0 32 46 16 32 46 16 1
0 19 18 47 19 18 47 1
0 10 32 16 10 32 16 1
0 8 48 20 8 48 20 1
0 10 23 32 10 23 32 1
0 24 46 32 24 46 32 1
0 19 47 31 19 47 31 1
0 19 28 11 19 28 11 1
0 8 36 48 8 36 48 1
0 21 34 5 21 34 5 1
0 5 4 9 5 4 9 1
0 9 23 10 9 23 10 1
0 12 2 33 12 2 33 1
0 39 4 3 39 4 3 1
0 6 40 45 6 40 45 1
0 43 42 41 43 42 41 1
0 43 0 37 43 0 37 1
0 44 38 39 44 38 39 1
0 45 1 43 45 1 43 1
0 41 42 26 41 42 26 1
"R hand" 0 0
37
0 0.480000 -0.640000 -0.670000 0.305882 0.309804 5
0 0.480000 -0.640000 -0.390000 0.305882 0.309804 5
0 0.340000 0.000000 0.300000 0.298039 0.266667 5
0 0.340000 0.000000 -0.370000 0.298039 0.266667 5
0 0.140000 -0.750000 -0.670000 0.286275 0.313726 5
0 -0.270000 0.000000 -0.370000 0.258824 0.266667 5
0 0.030000 -1.290000 0.430000 0.278431 0.349020 5
0 0.310000 -1.560000 0.380000 0.298039 0.368627 5
0 -0.180000 -1.400000 0.430000 0.262745 0.356863 5
0 -0.270000 0.000000 0.300000 0.258824 0.266667 5
0 -0.350000 -0.960000 0.490000 0.254902 0.329412 5
0 0.080000 -1.670000 -0.390000 0.282353 0.372549 5
0 0.080000 -1.670000 0.380000 0.282353 0.372549 5
0 0.310000 -1.560000 -0.390000 0.298039 0.368627 5
0 -0.020000 0.210000 0.000000 0.274510 0.254902 5
0 0.310000 -1.290000 -0.670000 0.298039 0.349020 5
0 0.310000 -1.290000 -0.390000 0.298039 0.349020 5
0 0.480000 -1.290000 -0.670000 0.305882 0.349020 5
0 -0.120000 -0.860000 -0.500000 0.266667 0.321569 5
0 -0.350000 -0.960000 -0.500000 0.254902 0.329412 5
0 0.340000 0.000000 0.300000 0.360784 0.254902 5
0 0.480000 -0.640000 -0.390000 0.372549 0.301961 5
0 0.140000 -0.750000 -0.390000 0.341176 0.309804 5
0 0.480000 -1.290000 -0.390000 0.372549 0.352941 5
0 0.310000 -1.290000 -0.390000 0.356863 0.352941 5
0 -0.180000 -1.400000 -0.450000 0.262745 0.356863 5
0 0.310000 -1.290000 -0.670000 0.356863 0.352941 5
0 0.030000 -1.290000 -0.450000 0.278431 0.349020 5
0 0.480000 -1.290000 -0.390000 0.305882 0.349020 5
0 -0.120000 -0.860000 0.490000 0.266667 0.321569 5
0 -0.120000 -0.860000 0.490000 0.313726 0.321569 5
0 0.030000 -1.290000 -0.450000 0.329412 0.352941 5
0 0.310000 -1.560000 -0.390000 0.356863 0.372549 5
0 0.030000 -1.290000 0.430000 0.329412 0.352941 5
0 0.140000 -0.750000 -0.670000 0.341176 0.309804 5
0 -0.120000 -0.860000 -0.500000 0.313726 0.321569 5
0 0.310000 -1.560000 0.380000 0.356863 0.372549 5
36
-0.780995 -0.237712 0.577529
-0.994208 -0.107471 0.000000
-0.660309 -0.624969 -0.416420
-0.473631 -0.758565 0.447497
0.171376 -0.090699 0.981022
0.559815 -0.452693 0.694029
-0.057813 0.117176 -0.991427
-0.235144 0.486856 -0.841236
0.570604 0.420340 -0.705497
0.466466 -0.562964 -0.682262
0.699122 0.054574 -0.712916
0.052089 0.690426 0.721525
0.147897 0.947675 -0.282912
-0.392524 0.820733 0.415117
0.041935 -0.998831 -0.024037
0.000000 0.707107 0.707107
0.000000 1.000000 0.000000
-0.333333 0.666667 0.666667
0.135979 0.006986 0.990687
0.812005 0.167905 0.558977
-0.611167 0.617971 -0.494558
-0.080381 0.248451 -0.965304
0.126253 0.805883 -0.578458
0.000000 0.000000 -1.000000
0.426574 0.134292 -0.894427
0.518522 0.491225 0.699881
0.953849 0.300286 0.000000
-0.065889 0.130039 0.989317
-0.894427 0.447214 0.000000
0.011797 -0.100046 -0.994913
-0.909505 0.412291 -0.053080
-0.882178 -0.470917 0.000000
-0.694136 -0.719844 0.000000
-0.796757 -0.604300 0.000000
0.081221 0.996696 0.000000
-0.914122 0.405439 0.000000
46
0 0 1 2 0 1 2 1
0 3 0 2 3 0 2 1
0 4 0 5 4 0 5 1
0 6 7 8 6 7 8 1
0 9 10 5 9 10 5 1
0 11 12 13 11 12 13 1
0 8 10 6 8 10 6 1
0 5 14 9 5 14 9 1
0 15 16 17 15 16 17 1
0 18 5 19 18 5 19 1
0 3 2 14 3 2 14 1
0 2 9 14 2 9 14 1
0 5 3 14 5 3 14 1
0 20 21 22 20 21 22 1
0 23 24 21 23 24 21 1
0 25 19 8 25 19 8 1
0 24 26 22 24 26 22 1
0 25 11 27 25 11 27 1
0 15 17 4 15 17 4 1
0 27 18 25 27 18 25 1
0 18 4 5 18 4 5 1
0 8 12 25 8 12 25 1
0 18 19 25 18 19 25 1
0 1 0 28 1 0 28 1
0 10 9 29 10 9 29 1
0 0 3 5 0 3 5 1
0 30 20 22 30 20 22 1
0 31 32 33 31 32 33 1
0 9 2 29 9 2 29 1
0 22 34 30 22 34 30 1
0 35 31 30 35 31 30 1
0 8 7 12 8 7 12 1
0 5 10 19 5 10 19 1
0 13 12 7 13 12 7 1
0 6 10 29 6 10 29 1
0 17 16 28 17 16 28 1
0 21 24 22 21 24 22 1
0 8 19 10 8 19 10 1
0 22 26 34 22 26 34 1
0 27 11 13 27 11 13 1
0 4 17 0 4 17 0 1
0 25 12 11 25 12 11 1
0 28 0 17 28 0 17 1
0 33 32 36 33 32 32 1
0 30 34 35 30 34 35 1
0 30 31 33 30 31 33 1
"L hand" 0 0
37
0 -0.330000 0.000000 0.300000 0.298039 0.266667 12
0 -0.470000 -0.640000 -0.390000 0.305882 0.309804 12
0 -0.470000 -0.640000 -0.670000 0.305882 0.309804 12
0 -0.330000 0.000000 -0.370000 0.298039 0.266667 12
0 0.280000 0.000000 -0.370000 0.258824 0.266667 12
0 -0.130000 -0.750000 -0.670000 0.286275 0.313726 12
0 0.190000 -1.400000 0.430000 0.262745 0.356863 12
0 -0.070000 -1.670000 0.380000 0.282353 0.372549 12
0 -0.020000 -1.290000 0.430000 0.278431 0.349020 12
0 0.360000 -0.960000 -0.500000 0.254902 0.329412 12
0 0.280000 0.000000 0.300000 0.258824 0.266667 12
0 -0.300000 -1.560000 -0.390000 0.298039 0.368627 12
0 -0.300000 -1.560000 0.380000 0.298039 0.368627 12
0 -0.070000 -1.670000 -0.390000 0.282353 0.372549 12
0 0.130000 -0.860000 0.490000 0.266667 0.321569 12
0 0.030000 0.210000 0.000000 0.274510 0.254902 12
0 -0.470000 -1.290000 -0.670000 0.305882 0.349020 12
0 -0.470000 -1.290000 -0.390000 0.305882 0.349020 12
0 -0.300000 -1.290000 -0.670000 0.298039 0.349020 12
0 0.130000 -0.860000 -0.500000 0.266667 0.321569 12
0 -0.130000 -0.750000 -0.390000 0.341176 0.309804 12
0 -0.470000 -0.640000 -0.390000 0.372549 0.301961 12
0 -0.330000 0.000000 0.300000 0.360784 0.254902 12
0 -0.470000 -1.290000 -0.390000 0.372549 0.352941 12
0 0.360000 -0.960000 0.490000 0.254902 0.329412 12
0 0.190000 -1.400000 -0.450000 0.262745 0.356863 12
0 -0.130000 -0.750000 -0.670000 0.341176 0.309804 12
0 -0.300000 -1.290000 -0.390000 0.356863 0.352941 12
0 -0.020000 -1.290000 -0.450000 0.278431 0.349020 12
0 0.130000 -0.860000 0.490000 0.313726 0.321569 12
0 -0.020000 -1.290000 0.430000 0.329412 0.352941 12
0 -0.300000 -1.560000 0.380000 0.356863 0.372549 12
0 -0.020000 -1.290000 -0.450000 0.329412 0.352941 12
0 0.130000 -0.860000 -0.500000 0.313726 0.321569 12
0 -0.300000 -1.290000 -0.390000 0.298039 0.349020 12
0 -0.300000 -1.290000 -0.670000 0.356863 0.352941 12
0 -0.300000 -1.560000 -0.390000 0.356863 0.372549 12
36
0.660309 -0.624969 -0.416420
0.997433 -0.071601 0.000000
0.578225 -0.237742 0.780470
0.473631 -0.758565 0.447497
-0.432218 -0.481935 0.762185
-0.229539 -0.121482 0.965688
-0.516717 0.494244 -0.699090
-0.061401 0.679297 -0.731290
0.061259 0.120503 -0.990821
-0.828669 0.042830 0.558097
-0.633301 -0.503949 -0.587337
0.242954 0.502302 0.829859
0.391402 0.818386 -0.420772
-0.143719 0.949155 0.280088
0.006214 -0.046540 -0.998897
-0.041935 -0.998831 -0.024037
0.816497 0.408248 0.408248
0.447214 0.894427 0.000000
0.000000 0.707107 0.707107
-0.135978 0.006986 0.990687
0.208702 0.731303 -0.649338
0.121809 0.376501 -0.918374
0.611167 0.617971 -0.494558
0.000000 0.000000 -1.000000
-0.817259 0.155951 -0.554768
-0.471058 0.381645 0.795268
-0.706297 0.707916 0.000000
-0.853149 0.268584 -0.447214
0.062838 0.119963 0.990788
0.905500 0.415812 -0.084672
0.882178 -0.470917 0.000000
0.694136 -0.719844 0.000000
0.796757 -0.604300 0.000000
0.914122 0.405439 0.000000
0.000000 1.000000 0.000000
-0.953849 0.300286 0.000000
46
0 0 1 2 0 1 2 1
0 0 2 3 0 2 3 1
0 4 2 5 4 2 5 1
0 6 7 8 6 7 8 1
0 4 9 10 4 9 10 1
0 11 12 13 11 12 13 1
0 8 14 6 8 14 6 1
0 10 15 4 10 15 4 1
0 16 17 18 16 17 18 1
0 9 4 19 9 4 19 1
0 15 0 3 15 0 3 1
0 15 10 0 15 10 0 1
0 15 3 4 15 3 4 1
0 20 21 22 20 21 22 1
0 21 20 23 21 20 23 1
0 6 24 25 6 24 25 1
0 20 26 27 20 26 27 1
0 28 11 25 28 11 25 1
0 5 2 18 5 2 18 1
0 25 19 28 25 19 28 1
0 4 5 19 4 5 19 1
0 25 13 6 25 13 6 1
0 25 9 19 25 9 19 1
0 17 16 1 17 16 1 1
0 14 10 24 14 10 24 1
0 4 3 2 4 3 2 1
0 20 22 29 20 22 29 1
0 30 31 32 30 31 32 1
0 14 0 10 14 0 10 1
0 29 33 20 29 33 20 1
0 29 30 33 29 30 33 1
0 8 7 12 8 7 12 1
0 10 9 24 10 9 24 1
0 13 12 7 13 12 7 1
0 6 14 24 6 14 24 1
0 18 17 34 18 17 34 1
0 23 20 27 23 20 27 1
0 25 24 9 25 24 9 1
0 27 26 35 27 26 35 1
0 25 11 13 25 11 13 1
0 18 2 16 18 2 16 1
0 6 13 7 6 13 7 1
0 1 16 2 1 16 2 1
0 32 31 36 32 31 31 1
0 20 33 26 20 33 26 1
0 33 30 32 33 30 32 1
"L lower leg" 0 0
24
0 0.650000 -4.020000 -0.630000 0.283203 0.626953 14
0 0.630000 -0.340000 -0.550000 0.283203 0.638672 13
0 0.630000 -0.340000 0.690000 0.384766 0.638672 13
0 0.630000 -0.340000 -0.550000 0.255859 0.638672 13
0 0.650000 -4.020000 -0.630000 0.255859 0.626953 14
0 -0.570000 -4.020000 -0.630000 0.322266 0.626953 14
0 -0.570000 -0.340000 0.690000 0.322266 0.638672 13
0 -0.570000 -4.020000 0.530000 0.322266 0.626953 14
0 0.650000 -4.020000 0.530000 0.255859 0.626953 14
0 -0.570000 -0.340000 -0.550000 0.322266 0.638672 13
0 -0.740000 -3.520000 -0.760000 0.322266 0.744141 13
0 0.890000 -3.520000 -0.760000 0.255859 0.744141 13
0 -0.570000 -0.340000 0.690000 0.494141 0.638672 13
0 -0.570000 -0.340000 -0.550000 0.384766 0.638672 13
0 -0.570000 -4.020000 -0.630000 0.384766 0.626953 14
0 0.630000 -0.340000 0.690000 0.255859 0.638672 13
0 1.080000 -3.720000 1.270000 0.255859 0.744141 13
0 -0.980000 -3.720000 1.270000 0.494141 0.744141 13
0 0.890000 -3.520000 -0.760000 0.283203 0.744141 13
0 1.080000 -3.720000 1.270000 0.384766 0.744141 13
0 -0.740000 -3.520000 -0.760000 0.384766 0.744141 13
0 -0.570000 -4.020000 0.530000 0.494141 0.626953 14
0 0.650000 -4.020000 0.530000 0.384766 0.626953 14
0 -0.980000 -3.720000 1.270000 0.322266 0.744141 13
18
0.999985 0.005435 0.000000
-0.973892 -0.211094 0.083504
0.992870 -0.119199 0.000000
0.000000 -0.022428 -0.999748
0.000000 0.021711 -0.999764
0.000000 -0.998000 0.063214
0.000000 -0.043416 0.999057
0.000000 -0.109862 0.993947
0.000000 -0.065894 0.997827
-0.992930 -0.118704 0.000000
0.977532 -0.179489 0.110519
-1.000000 0.000000 0.000000
0.000000 -0.169126 -0.985595
0.994326 -0.090581 0.055775
-0.992653 -0.086731 0.084363
-0.993092 -0.109477 0.042230
0.991948 -0.060380 0.111326
0.999985 0.005435 0.000000
16
0 0 1 2 0 1 2 1
0 3 4 5 3 4 4 1
0 6 7 8 5 6 6 1
0 9 10 11 7 8 8 1
0 12 13 14 9 10 11 1
0 6 15 16 5 5 12 1
0 5 9 3 4 7 3 1
0 8 15 6 6 5 5 1
0 13 12 17 10 9 13 1
0 1 18 19 1 14 15 1
0 17 20 13 13 16 10 1
0 19 2 1 15 2 1 1
0 14 21 12 11 11 9 1
0 2 22 0 2 17 0 1
0 11 3 9 8 3 7 1
0 16 23 6 12 12 5 1

Materials: 2
"Vram"
0.200000 0.200000 0.200000 1.000000
0.800000 0.800000 0.800000 1.000000
0.000000 0.000000 0.000000 1.000000
1.000000 1.000000 1.000000 1.000000
0.000000
1.000000
".\afro.bmp"
""
"Face"
0.200000 0.200000 0.200000 1.000000
0.800000 0.800000 0.800000 1.000000
0.000000 0.000000 0.000000 1.000000
1.000000 1.000000 1.000000 1.000000
0.000000
1.000000
".\face.ini"
""

Bones: 16
"torso"
""
8 0.000000 0.000000 0.000000 0.000000 0.000000 0.000000
0
0
"head"
""
8 0.000000 0.000000 0.000000 0.000000 0.000000 0.000000
0
0
"pelvis"
""
8 0.000000 0.000000 0.000000 0.000000 0.000000 0.000000
0
0
"r lower arm"
""
8 0.000000 0.000000 0.000000 0.000000 0.000000 0.000000
0
0
"r foot"
""
8 0.000000 0.000000 0.000000 0.000000 0.000000 0.000000
0
0
"r hand"
""
8 0.000000 0.000000 0.000000 0.000000 0.000000 0.000000
0
0
"r leg"
""
8 0.000000 0.000000 0.000000 0.000000 0.000000 0.000000
0
0
"r thigh"
""
8 0.000000 0.000000 0.000000 0.000000 0.000000 0.000000
0
0
"r upper arm"
""
8 0.000000 0.000000 0.000000 0.000000 0.000000 0.000000
0
0
"neck"
""
8 0.000000 0.000000 0.000000 0.000000 0.000000 0.000000
0
0
"l lower arm"
""
8 0.000000 0.000000 0.000000 0.000000 0.000000 0.000000
0
0
"l foot"
""
8 0.000000 0.000000 0.000000 0.000000 0.000000 0.000000
0
0
"l hand"
""
8 0.000000 0.000000 0.000000 0.000000 0.000000 0.000000
0
0
"l leg"
""
8 0.000000 0.000000 0.000000 0.000000 0.000000 0.000000
0
0
"l thigh"
""
8 0.000000 0.000000 0.000000 0.000000 0.000000 0.000000
0
0
"l upper arm"
""
8 0.000000 0.000000 0.000000 0.000000 0.000000 0.000000
0
0
