// MilkShape 3D ASCII

Frames: 1
Frame: 1

Meshes: 13
"Mesh0" 0 0
0
0
0
"Mesh1" 0 1
0
0
0
"Mesh2" 0 2
30
0 0.183409 -2.114396 0.497699 0.000000 0.000000 3
0 0.307575 -2.114396 -0.102605 0.000000 0.000000 3
0 -0.677265 -0.648043 0.572874 0.000000 0.000000 3
0 -0.464929 -2.114396 0.497699 0.000000 0.000000 3
0 0.183406 -2.114395 -0.663299 0.000000 0.000000 3
0 -0.140761 -1.888319 -0.111790 0.000000 0.000000 3
0 -0.677265 -0.648043 -0.711987 0.000000 0.000000 3
0 0.395770 -0.647387 -0.711987 0.000000 0.000000 3
0 -0.464929 -2.114396 -0.663299 0.000000 0.000000 3
0 -0.639099 -2.114397 -0.102605 0.000000 0.000000 3
0 0.395772 -0.647388 0.572874 0.000000 0.000000 3
0 0.332669 -3.048188 0.665187 0.000000 0.000000 8
0 -0.614196 -3.048187 0.665188 0.000000 0.000000 8
0 -0.614196 -3.048187 -0.466471 0.000000 0.000000 8
0 0.332669 -3.048188 -0.466471 0.000000 0.000000 8
0 -0.131364 -2.130388 -0.678450 0.000000 0.000000 10
0 0.192803 -1.904307 -0.111790 0.000000 0.000000 10
0 -0.314257 -0.663520 -0.720823 0.000000 0.000000 10
0 0.701209 -0.663900 -0.720824 0.000000 0.000000 10
0 0.691140 -2.130386 -0.102605 0.000000 0.000000 10
0 0.516973 -2.130389 -0.678450 0.000000 0.000000 10
0 -0.305534 -2.130389 -0.102604 0.000000 0.000000 10
0 -0.131367 -2.130390 0.512692 0.000000 0.000000 10
0 -0.314258 -0.663520 0.564037 0.000000 0.000000 10
0 0.701208 -0.663900 0.564037 0.000000 0.000000 10
0 0.516973 -2.130389 0.512693 0.000000 0.000000 10
0 -0.340632 -3.060214 -0.462470 0.000000 0.000000 15
0 0.606233 -3.060213 0.669188 0.000000 0.000000 15
0 0.606233 -3.060213 -0.462470 0.000000 0.000000 15
0 -0.340632 -3.060215 0.669188 0.000000 0.000000 15
30
0.233983 -0.910652 0.340535
0.690095 -0.723716 -0.002194
-0.792484 -0.001228 0.609892
-0.238822 -0.903173 0.356711
0.236124 -0.911781 -0.336007
-0.014012 -0.999863 0.008822
-0.789248 -0.000768 -0.614074
0.801489 -0.010042 -0.597926
-0.240020 -0.903982 -0.353847
-0.697285 -0.716788 -0.002902
0.803912 -0.010109 0.594663
0.640305 0.088951 0.758990
-0.703218 0.095600 0.701760
-0.703619 0.080136 -0.703246
0.676702 0.095015 -0.728834
-0.243777 -0.900964 -0.358938
0.000001 -0.999962 0.008743
-0.791088 0.002643 -0.611697
0.791073 0.002706 -0.611716
0.709009 -0.705194 -0.002779
0.243638 -0.901057 -0.358799
-0.709507 -0.704693 -0.002782
-0.244122 -0.898864 0.363935
-0.793727 -0.000884 0.608274
0.793711 -0.000823 0.608295
0.243983 -0.898957 0.363797
-0.679614 0.087993 -0.727439
0.705409 0.076606 0.703393
0.705411 0.070424 -0.703376
-0.642851 0.075915 0.759292
48
0 6 14 13 6 14 13 1
0 6 7 14 6 7 14 1
0 6 9 8 6 9 8 1
0 10 1 0 10 1 0 1
0 7 11 14 7 11 14 1
0 7 10 11 7 10 11 1
0 10 12 11 10 12 11 1
0 10 2 12 10 2 12 1
0 10 3 2 10 3 2 1
0 10 0 3 10 0 3 1
0 6 4 7 6 4 7 1
0 6 8 4 6 8 4 1
0 2 13 12 2 13 12 1
0 2 6 13 2 6 13 1
0 3 5 9 3 5 9 1
0 5 8 9 5 8 9 1
0 4 5 1 4 5 1 1
0 5 0 1 5 0 1 1
0 5 4 8 5 4 8 1
0 5 3 0 5 3 0 1
0 9 2 3 9 2 3 1
0 9 6 2 9 6 2 1
0 1 7 4 1 7 4 1
0 1 10 7 1 10 7 1
0 17 28 26 17 28 26 1
0 17 18 28 17 18 28 1
0 19 18 20 19 18 20 1
0 21 23 22 21 23 22 1
0 23 26 29 23 26 29 1
0 23 17 26 23 17 26 1
0 24 29 27 24 29 27 1
0 24 23 29 24 23 29 1
0 22 24 25 22 24 25 1
0 22 23 24 22 23 24 1
0 20 17 15 20 17 15 1
0 20 18 17 20 18 17 1
0 18 27 28 18 27 28 1
0 18 24 27 18 24 27 1
0 16 25 19 16 25 19 1
0 20 16 19 20 16 19 1
0 16 15 21 16 15 21 1
0 22 16 21 22 16 21 1
0 15 16 20 15 16 20 1
0 25 16 22 25 16 22 1
0 24 19 25 24 19 25 1
0 18 19 24 18 19 24 1
0 17 21 15 17 21 15 1
0 23 21 17 23 21 17 1
"Mesh3" 0 3
52
0 0.162110 0.009357 -0.423477 0.000000 0.000000 5
0 -0.471089 0.007329 -0.423478 0.000000 0.000000 5
0 -0.037862 -0.747286 -0.727864 0.000000 0.000000 5
0 -0.372595 -1.396361 0.394836 0.000000 0.000000 5
0 -0.091056 -1.665461 0.338701 0.000000 0.000000 5
0 0.133137 -1.556742 0.338701 0.000000 0.000000 5
0 -0.148402 -1.287642 0.394836 0.000000 0.000000 5
0 -0.542382 -0.964903 0.450970 0.000000 0.000000 5
0 -0.471090 0.007330 0.265259 0.000000 0.000000 5
0 -0.576624 0.006992 -0.054109 0.000000 0.000000 5
0 0.133137 -1.556742 -0.447189 0.000000 0.000000 5
0 -0.091056 -1.665461 -0.447189 0.000000 0.000000 5
0 -0.318189 -0.856185 0.450970 0.000000 0.000000 5
0 -0.216755 0.225863 -0.051993 0.000000 0.000000 5
0 0.300676 -1.286204 -0.727864 0.000000 0.000000 5
0 0.300675 -1.286204 -0.447189 0.000000 0.000000 5
0 0.132272 -1.286743 -0.447189 0.000000 0.000000 5
0 0.132271 -1.286743 -0.727863 0.000000 0.000000 5
0 -0.542382 -0.964903 -0.559459 0.000000 0.000000 5
0 -0.318189 -0.856185 -0.559459 0.000000 0.000000 5
0 -0.037862 -0.747286 -0.447189 0.000000 0.000000 5
0 -0.372594 -1.396361 -0.503324 0.000000 0.000000 5
0 -0.148402 -1.287642 -0.503324 0.000000 0.000000 5
0 0.162109 0.009358 0.265259 0.000000 0.000000 5
0 0.298599 -0.638208 -0.447188 0.000000 0.000000 5
0 0.298600 -0.638208 -0.727865 0.000000 0.000000 5
0 0.550238 -0.971469 -0.563459 0.000000 0.000000 12
0 0.044852 -0.755871 -0.451189 0.000000 0.000000 12
0 0.382178 -1.403601 -0.507324 0.000000 0.000000 12
0 0.157552 -1.295781 -0.507324 0.000000 0.000000 12
0 -0.292043 -0.648139 -0.731864 0.000000 0.000000 12
0 -0.292043 -0.648139 -0.451188 0.000000 0.000000 12
0 -0.158144 -0.000032 0.261259 0.000000 0.000000 12
0 -0.158144 -0.000032 -0.427477 0.000000 0.000000 12
0 0.044852 -0.755871 -0.731864 0.000000 0.000000 12
0 0.475059 0.000472 -0.427478 0.000000 0.000000 12
0 0.157553 -1.295780 0.390836 0.000000 0.000000 12
0 -0.122907 -1.566003 0.334701 0.000000 0.000000 12
0 0.101719 -1.673825 0.334700 0.000000 0.000000 12
0 0.382179 -1.403603 0.390835 0.000000 0.000000 12
0 0.580592 0.000557 -0.058109 0.000000 0.000000 12
0 0.475059 0.000473 0.261259 0.000000 0.000000 12
0 0.550239 -0.971469 0.446969 0.000000 0.000000 12
0 0.101718 -1.673825 -0.451189 0.000000 0.000000 12
0 -0.122908 -1.566003 -0.451189 0.000000 0.000000 12
0 0.325614 -0.863648 0.446970 0.000000 0.000000 12
0 0.219852 0.217987 -0.055993 0.000000 0.000000 12
0 -0.123122 -1.296004 -0.731863 0.000000 0.000000 12
0 -0.123122 -1.296004 -0.451189 0.000000 0.000000 12
0 -0.291527 -1.296138 -0.451189 0.000000 0.000000 12
0 -0.291528 -1.296138 -0.731864 0.000000 0.000000 12
0 0.325613 -0.863648 -0.563459 0.000000 0.000000 12
52
0.471346 0.757207 -0.452184
-0.375432 0.474443 -0.796213
-0.385446 -0.275186 -0.880740
-0.532478 -0.472854 0.702051
-0.092900 -0.868084 0.487646
0.754911 -0.198383 0.625104
0.628600 0.304776 0.715523
-0.786388 -0.050746 0.615644
-0.385066 0.545511 0.744407
-0.900926 0.433749 0.013938
0.754911 -0.198382 -0.625103
-0.092900 -0.868084 -0.487647
0.547561 -0.182559 0.816608
-0.125223 0.991939 0.019375
0.579196 -0.575499 -0.577350
0.579195 -0.575498 0.577352
-0.501271 -0.686001 0.527380
-0.501272 -0.686001 -0.527379
-0.788017 -0.070152 -0.611644
0.203063 -0.151623 -0.967355
0.164842 -0.769733 0.616715
-0.401726 -0.399734 -0.823911
0.628601 0.304776 -0.715522
0.794612 0.264131 0.546651
0.783568 -0.173884 0.596477
0.680067 0.276878 -0.678857
0.788291 -0.066999 -0.611644
-0.161761 -0.770387 0.616715
0.403321 -0.398123 -0.823911
-0.629815 0.302260 -0.715522
-0.681169 0.274156 -0.678858
-0.782867 -0.177016 0.596477
-0.795662 0.260950 0.546651
-0.474371 0.755316 -0.452184
0.386543 -0.273642 -0.880741
0.373532 0.475941 -0.796213
-0.629814 0.302260 0.715523
-0.754112 -0.201399 0.625103
0.096369 -0.867706 0.487646
0.534365 -0.470721 0.702051
0.899184 0.437348 0.013937
0.382882 0.547047 0.744407
0.786586 -0.047600 0.615644
0.096369 -0.867706 -0.487647
-0.754112 -0.201398 -0.625103
-0.546826 -0.184748 0.816608
0.121254 0.992432 0.019375
0.504012 -0.683990 -0.527380
0.504012 -0.683990 0.527380
-0.576889 -0.577810 0.577352
-0.576889 -0.577811 -0.577350
-0.202455 -0.152433 -0.967355
96
0 23 25 24 23 25 24 1
0 23 0 25 23 0 25 1
0 1 2 25 1 2 25 1
0 3 5 4 3 5 4 1
0 3 6 5 3 6 5 1
0 7 9 8 7 9 8 1
0 10 4 5 10 4 5 1
0 10 11 4 10 11 4 1
0 6 7 12 6 7 12 1
0 6 3 7 6 3 7 1
0 13 9 1 13 9 1 1
0 14 16 15 14 16 15 1
0 14 17 16 14 17 16 1
0 18 19 1 18 19 1 1
0 13 0 23 13 0 23 1
0 13 23 8 13 23 8 1
0 13 1 0 13 1 0 1
0 20 23 24 20 23 24 1
0 24 16 20 24 16 20 1
0 24 15 16 24 15 16 1
0 3 18 7 3 18 7 1
0 3 21 18 3 21 18 1
0 20 17 2 20 17 2 1
0 20 16 17 20 16 17 1
0 22 11 10 22 11 10 1
0 22 21 11 22 21 11 1
0 2 14 25 2 14 25 1
0 2 17 14 2 17 14 1
0 21 22 19 21 22 19 1
0 9 13 8 9 13 8 1
0 1 19 2 1 19 2 1
0 21 4 11 21 4 11 1
0 21 3 4 21 3 4 1
0 21 19 18 21 19 18 1
0 15 25 14 15 25 14 1
0 15 24 25 15 24 25 1
0 12 7 8 12 7 8 1
0 9 7 18 9 7 18 1
0 1 25 0 1 25 0 1
0 20 12 23 20 12 23 1
0 6 10 5 6 10 5 1
0 6 22 10 6 22 10 1
0 12 8 23 12 8 23 1
0 12 2 19 12 2 19 1
0 12 20 2 12 20 2 1
0 9 18 1 9 18 1 1
0 12 22 6 12 22 6 1
0 12 19 22 12 19 22 1
0 30 32 31 30 32 31 1
0 33 32 30 33 32 30 1
0 34 35 30 34 35 30 1
0 36 38 37 36 38 37 1
0 36 39 38 36 39 38 1
0 40 42 41 40 42 41 1
0 43 37 38 43 37 38 1
0 43 44 37 43 44 37 1
0 39 45 42 39 45 42 1
0 39 36 45 39 36 45 1
0 40 46 35 40 46 35 1
0 47 49 48 47 49 48 1
0 47 50 49 47 50 49 1
0 51 26 35 51 26 35 1
0 33 46 32 33 46 32 1
0 32 46 41 32 46 41 1
0 35 46 33 35 46 33 1
0 32 27 31 32 27 31 1
0 49 27 48 49 27 48 1
0 49 31 27 49 31 27 1
0 28 42 26 28 42 26 1
0 28 39 42 28 39 42 1
0 48 34 47 48 34 47 1
0 48 27 34 48 27 34 1
0 28 44 43 28 44 43 1
0 28 29 44 28 29 44 1
0 47 30 50 47 30 50 1
0 47 34 30 47 34 30 1
0 29 28 51 29 28 51 1
0 46 40 41 46 40 41 1
0 51 35 34 51 35 34 1
0 39 43 38 39 43 38 1
0 39 28 43 39 28 43 1
0 51 28 26 51 28 26 1
0 31 50 30 31 50 30 1
0 31 49 50 31 49 50 1
0 42 45 41 42 45 41 1
0 42 40 26 42 40 26 1
0 30 35 33 30 35 33 1
0 45 27 32 45 27 32 1
0 29 37 44 29 37 44 1
0 29 36 37 29 36 37 1
0 41 45 32 41 45 32 1
0 27 51 34 27 51 34 1
0 27 45 51 27 45 51 1
0 26 40 35 26 40 35 1
0 51 36 29 51 36 29 1
0 51 45 36 51 45 36 1
"Mesh4" 0 4
12
0 -0.423172 4.174748 0.337118 0.000000 0.000000 0
0 -0.355041 3.767452 -0.490885 0.000000 0.000000 0
0 0.423171 4.174748 0.337119 0.000000 0.000000 0
0 0.355041 3.767452 -0.465885 0.000000 0.000000 0
0 0.000000 3.653812 -0.650723 0.000000 0.000000 0
0 0.000000 4.160229 0.535513 0.000000 0.000000 0
0 0.000000 1.427310 0.274636 0.000000 0.000000 9
0 -0.391635 1.398270 0.104896 0.000000 0.000000 9
0 0.379267 1.340190 -0.236035 0.000000 0.000000 9
0 0.000000 1.311150 -0.463693 0.000000 0.000000 9
0 -0.379267 1.340190 -0.236035 0.000000 0.000000 9
0 0.391635 1.398270 0.104896 0.000000 0.000000 9
12
-0.559175 0.644766 0.490351
0.672696 0.589394 -0.424740
0.570383 0.596954 0.540452
-0.672551 0.586405 -0.425196
0.028475 0.262870 -0.963152
0.019146 0.547602 0.835979
0.000000 0.423759 0.905775
-0.795099 0.298830 0.527749
0.902572 0.166317 -0.397117
0.015692 0.348831 -0.937054
-0.901231 0.178653 -0.394800
0.795099 0.298830 0.527749
12
0 0 10 7 0 10 7 1
0 10 0 1 10 0 1 1
0 2 6 11 2 6 11 1
0 2 8 3 2 8 3 1
0 9 1 4 9 1 4 1
0 0 6 5 0 6 5 1
0 3 9 4 3 9 4 1
0 9 3 8 9 3 8 1
0 8 2 11 8 2 11 1
0 1 9 10 1 9 10 1
0 6 2 5 6 2 5 1
0 6 0 7 6 0 7 1
"Mesh5" 0 5
36
0 -0.352108 -1.520193 0.722693 0.035062 0.441017 2
0 -0.409549 -1.559711 -0.953253 0.903125 0.449538 2
0 -1.437761 -0.690851 -0.044764 0.500000 0.261719 2
0 -1.141091 -0.838572 -0.883669 0.915317 0.293655 2
0 -1.103644 -0.892305 0.787224 0.031750 0.305228 2
0 -0.108857 -1.614070 -0.409760 0.500000 0.461350 2
0 0.436108 -1.520193 0.722693 0.035062 0.441017 2
0 0.409550 -1.559711 -0.953254 0.903125 0.449538 2
0 1.141091 -0.838572 -0.883669 0.915317 0.293655 2
0 1.437760 -0.690851 -0.044764 0.500000 0.261719 2
0 1.103646 -0.892305 0.787224 0.031750 0.305228 2
0 0.108858 -1.614070 -0.409760 0.500000 0.461350 2
0 -0.237034 -3.968077 0.240461 0.170370 0.800049 7
0 0.340547 -3.963869 0.237706 0.171867 0.799139 7
0 0.279779 -3.896883 -1.006732 0.848017 0.784658 7
0 0.662123 -0.928794 -0.601102 0.500000 0.589023 7
0 0.639904 -3.912983 -0.418128 0.500000 0.788138 7
0 -0.663995 -3.912982 -0.369532 0.500000 0.788138 7
0 -0.387120 -0.528446 0.296188 0.140092 0.502469 7
0 0.338089 -0.792785 0.311287 0.131888 0.559618 7
0 0.416184 -1.240128 -1.187498 0.899360 0.656331 7
0 -0.344188 -0.714189 -1.172475 0.891197 0.542626 7
0 -0.778152 -0.424096 -0.311059 0.500000 0.479955 7
0 -0.411523 -3.896883 -0.969482 0.827777 0.784658 7
0 0.399120 -0.524442 0.288189 0.140092 0.502469 14
0 0.356189 -0.710185 -1.180475 0.891196 0.542626 14
0 0.423522 -3.892883 -0.977481 0.827777 0.800039 14
0 0.790153 -0.420092 -0.319059 0.500000 0.479955 14
0 -0.404183 -1.236128 -1.195499 0.899359 0.656331 14
0 -0.328549 -3.959863 0.229707 0.171867 0.814520 14
0 0.249033 -3.964070 0.232462 0.170370 0.815430 14
0 -0.267780 -3.892883 -1.014731 0.848016 0.800039 14
0 -0.650123 -0.924790 -0.609102 0.500000 0.589023 14
0 -0.627906 -3.908983 -0.426128 0.500000 0.803519 14
0 0.675993 -3.908983 -0.377532 0.500000 0.803519 14
0 -0.326088 -0.788780 0.303288 0.131888 0.559617 14
36
0.029863 -0.573566 0.765416
0.076437 -0.379844 -0.843561
-0.948904 0.271855 0.034060
-0.572223 0.012250 -0.789837
-0.678520 -0.024595 0.724855
0.605506 -0.518392 0.047898
-0.046800 -0.645435 0.679202
-0.076436 -0.379843 -0.843562
0.570751 -0.002121 -0.790913
0.949813 0.269416 0.036493
0.659729 -0.015938 0.739187
-0.602341 -0.519069 0.048243
-0.303655 0.031713 0.950112
0.540496 0.037908 0.838555
0.382685 -0.045123 -0.917824
0.993704 -0.015992 -0.110891
0.998480 0.013596 -0.031203
-0.979157 0.006118 0.173086
-0.522013 -0.148639 0.839886
0.638375 -0.080898 0.765463
0.503104 -0.069651 -0.861415
-0.473734 -0.066302 -0.878168
-0.999420 -0.026224 -0.021723
-0.569462 -0.020032 -0.821308
0.522013 -0.148640 0.839886
0.473735 -0.066301 -0.878168
0.569463 -0.020032 -0.821307
0.999420 -0.026225 -0.021723
-0.503103 -0.069651 -0.861415
-0.540497 0.037909 0.838555
0.303654 0.031713 0.950112
-0.382685 -0.045123 -0.917825
-0.993704 -0.015991 -0.110892
-0.998479 0.013596 -0.031204
0.979157 0.006118 0.173087
-0.638375 -0.080898 0.765462
48
0 18 0 19 18 0 19 1
0 1 21 20 1 21 20 1
0 22 23 21 22 23 21 1
0 22 3 2 22 3 2 1
0 4 22 2 4 22 2 1
0 23 20 21 23 20 21 1
0 12 19 13 12 19 13 1
0 20 23 14 20 23 14 1
0 15 1 20 15 1 20 1
0 20 16 15 20 16 15 1
0 1 15 5 1 15 5 1
0 16 19 15 16 19 15 1
0 16 20 14 16 20 14 1
0 13 19 16 13 19 16 1
0 15 19 5 15 19 5 1
0 5 19 0 5 19 0 1
0 18 17 22 18 17 22 1
0 0 18 4 0 18 4 1
0 3 22 21 3 22 21 1
0 22 4 18 22 4 18 1
0 23 22 17 23 22 17 1
0 17 18 12 17 18 12 1
0 19 12 18 19 12 18 1
0 21 1 3 21 1 3 1
0 6 24 35 6 24 35 1
0 7 25 8 7 25 8 1
0 26 27 25 26 27 25 1
0 27 8 25 27 8 25 1
0 27 10 9 27 10 9 1
0 28 26 25 28 26 25 1
0 35 30 29 35 30 29 1
0 26 28 31 26 28 31 1
0 7 32 28 7 32 28 1
0 33 28 32 33 28 32 1
0 32 7 11 32 7 11 1
0 35 33 32 35 33 32 1
0 28 33 31 28 33 31 1
0 35 29 33 35 29 33 1
0 35 32 11 35 32 11 1
0 35 11 6 35 11 6 1
0 34 24 27 34 24 27 1
0 24 6 10 24 6 10 1
0 10 27 24 10 27 24 1
0 27 26 34 27 26 34 1
0 24 34 30 24 34 30 1
0 30 35 24 30 35 24 1
0 25 7 28 25 7 28 1
0 8 27 9 8 27 9 1
"Mesh6" 0 6
44
0 0.503975 0.226659 -0.825015 0.827586 0.629411 1
0 0.574662 0.253741 -0.323315 0.920800 0.613417 1
0 -0.716482 0.672837 -0.179798 0.154018 0.835205 1
0 -0.574660 0.253741 -0.323314 0.220982 0.989013 1
0 -0.715198 0.580182 0.024009 0.015625 0.819824 1
0 0.629107 0.537897 -0.763729 0.880666 0.445596 1
0 -0.000032 0.552143 -1.102381 0.496068 0.437182 1
0 0.000002 0.800606 -1.165548 0.496089 0.290442 1
0 -0.629102 0.537897 -0.763729 0.111513 0.445596 1
0 0.574662 0.253741 -0.323315 0.220982 0.989013 1
0 0.716486 0.672837 -0.179798 0.154018 0.835205 1
0 0.713485 0.571499 0.019780 0.015625 0.819824 1
0 -0.615850 0.799822 -0.818637 0.119615 0.290904 1
0 -0.716482 0.672837 -0.179798 0.029018 0.371582 1
0 -0.266388 -0.266201 -0.805009 0.320867 0.920491 1
0 -0.457606 0.226659 -0.825015 0.195090 0.629411 1
0 -0.165192 0.215549 -1.042170 0.387430 0.635973 1
0 0.165196 0.215549 -1.042170 0.604748 0.635973 1
0 -0.000035 0.324871 -1.290989 0.496065 0.571408 1
0 0.000001 0.150610 -1.136999 0.496089 0.674325 1
0 -0.000036 0.208939 -1.280382 0.496064 0.639876 1
0 0.000001 -0.363221 -0.846241 0.496089 0.977791 1
0 0.278983 -0.333181 -0.580602 0.679593 0.960049 1
0 0.520708 0.022043 0.040410 0.880924 0.750256 1
0 0.000000 1.098847 -1.039743 0.496088 0.098947 1
0 -0.608976 1.101015 -0.712413 0.088371 0.043088 1
0 -0.624144 0.245379 -0.045383 0.034806 0.594731 1
0 0.678538 0.950713 -0.400062 0.937630 0.232487 1
0 -0.673060 0.947657 -0.395466 0.053372 0.233124 1
0 0.622472 0.236696 -0.049612 0.956134 0.599859 1
0 0.622472 0.236696 -0.049612 0.015625 0.991211 1
0 -0.624144 0.245379 -0.045383 0.015625 0.991211 1
0 0.713485 0.571499 0.019780 0.901926 0.042987 1
0 0.716486 0.672837 -0.179798 0.984976 0.364390 1
0 0.678538 0.950713 -0.400062 0.966840 0.130768 1
0 0.716486 0.672837 -0.179798 0.984968 0.365901 1
0 0.615851 0.799822 -0.818637 0.872563 0.290904 1
0 0.608980 1.101016 -0.712412 0.902020 0.043087 1
0 -0.574660 0.253741 -0.323314 0.071378 0.613417 1
0 -0.279256 -0.333180 -0.580602 0.312403 0.960049 1
0 -0.521800 0.022043 0.040411 0.110445 0.750256 1
0 -0.015603 -0.149126 0.129638 0.485824 0.851349 1
0 0.000001 -0.418915 -0.704932 0.495195 0.984234 1
0 0.266128 -0.266201 -0.805009 0.671138 0.920491 1
44
0.755924 -0.220307 -0.616477
0.923890 -0.358507 -0.133791
-0.979309 -0.154114 -0.131158
-0.920960 -0.359032 -0.151420
-0.961327 -0.245301 -0.121754
0.809135 -0.192973 -0.555033
-0.008394 0.066912 -0.997724
-0.000008 0.081735 -0.996654
-0.794618 -0.223013 -0.564666
0.923890 -0.358507 -0.133791
0.993252 -0.052770 -0.103275
0.956877 -0.099819 0.023989
-0.824575 0.062714 -0.562265
-0.979309 -0.154114 -0.131158
-0.685879 -0.510667 -0.518449
-0.753110 -0.221376 -0.619531
-0.665600 -0.223880 -0.711937
0.648573 -0.233844 -0.724341
-0.000112 0.283290 -0.959034
0.000020 -0.756901 -0.653529
-0.000023 -0.690355 -0.723471
0.000136 -0.750014 -0.661422
0.611600 -0.784922 -0.099216
0.652465 -0.700907 0.288129
-0.000001 0.259592 -0.965718
-0.762792 0.108464 -0.637483
-0.927936 -0.344270 -0.113791
0.970383 -0.018612 -0.138909
-0.087444 0.784937 0.613374
0.903166 -0.332498 0.007763
0.903166 -0.332498 0.007763
-0.927936 -0.344270 -0.113791
0.956877 -0.099819 0.023989
0.993252 -0.052770 -0.103275
0.970383 -0.018612 -0.138909
0.993252 -0.052770 -0.103275
0.826000 0.067123 -0.559659
0.757395 0.128322 -0.640224
-0.920960 -0.359032 -0.151420
-0.611664 -0.784808 -0.099713
-0.655660 -0.733807 0.177868
0.014066 -0.878872 0.476850
-0.003102 -0.986557 0.163386
0.673081 -0.537183 -0.508327
55
0 35 37 36 35 37 36 1
0 38 40 39 38 40 39 1
0 41 42 40 41 42 40 1
0 43 1 0 43 1 0 1
0 2 4 3 2 4 3 1
0 5 7 6 5 7 6 1
0 7 8 6 7 8 6 1
0 9 11 10 9 11 10 1
0 12 8 7 12 8 7 1
0 8 13 38 8 13 38 1
0 7 5 36 7 5 36 1
0 14 16 15 14 16 15 1
0 17 6 18 17 6 18 1
0 19 17 20 19 17 20 1
0 19 20 16 19 20 16 1
0 21 17 19 21 17 19 1
0 42 22 21 42 22 21 1
0 40 42 39 40 42 39 1
0 14 38 39 14 38 39 1
0 23 1 22 23 1 22 1
0 1 43 22 1 43 22 1
0 7 37 24 7 37 24 1
0 25 7 24 25 7 24 1
0 5 35 36 5 35 36 1
0 17 18 20 17 18 20 1
0 18 16 20 18 16 20 1
0 38 26 40 38 26 40 1
0 39 42 21 39 42 21 1
0 17 21 43 17 21 43 1
0 21 16 14 21 16 14 1
0 21 14 39 21 14 39 1
0 43 21 22 43 21 22 1
0 16 21 19 16 21 19 1
0 17 43 0 17 43 0 1
0 6 15 16 6 15 16 1
0 0 6 17 0 6 17 1
0 6 16 18 6 16 18 1
0 37 35 27 37 35 27 1
0 6 0 5 6 0 5 1
0 15 6 8 15 6 8 1
0 7 25 12 7 25 12 1
0 37 7 36 37 7 36 1
0 13 25 28 13 25 28 1
0 13 12 25 13 12 25 1
0 42 23 22 42 23 22 1
0 23 29 1 23 29 1 1
0 38 14 15 38 14 15 1
0 1 5 0 1 5 0 1
0 8 38 15 8 38 15 1
0 35 5 1 35 5 1 1
0 13 8 12 13 8 12 1
0 42 41 23 42 41 23 1
0 30 11 9 30 11 9 1
0 3 4 31 3 4 31 1
0 32 34 33 32 34 33 1
"Mesh7" 0 7
216
0 -1.203563 3.630790 0.451452 0.345597 0.063997 0
0 -1.197598 3.603598 -0.503432 0.099980 0.062373 0
0 -1.389315 2.771006 0.519644 0.363137 0.113122 0
0 -1.406974 2.707155 -0.646823 0.063096 0.117808 0
0 -1.469495 2.483233 -0.065793 0.051652 0.124975 0
0 -1.389315 2.771006 0.519644 0.056357 0.103035 0
0 -1.406974 2.707155 -0.646823 0.046981 0.107866 0
0 1.203563 3.630790 0.451452 0.357381 0.038218 0
0 1.197598 3.603598 -0.503432 0.088372 0.036562 0
0 1.389315 2.771006 0.519645 0.376593 0.089802 0
0 1.406974 2.707155 -0.646822 0.047976 0.094706 0
0 1.389315 2.771006 0.519645 0.082122 0.100239 0
0 1.469495 2.483233 -0.065792 0.066660 0.121810 0
0 1.406974 2.707155 -0.646822 0.051314 0.104990 0
0 -0.966415 1.359475 0.465391 0.172573 0.642705 0
0 -0.480118 1.323437 -0.888615 0.683138 0.589449 0
0 0.000000 1.307371 -0.855960 0.505417 0.595271 0
0 -1.173586 1.327139 -0.090662 0.118575 0.647484 0
0 -1.469495 2.483233 -0.065793 0.026427 0.372353 0
0 -0.983791 1.345805 -0.717220 0.181403 0.647484 0
0 0.470327 1.323978 -0.898468 0.735916 0.591254 0
0 0.000000 1.307371 -0.855960 0.547001 0.595271 0
0 0.000000 2.144310 -1.083752 0.547001 0.392807 0
0 0.384972 2.152317 -1.111768 0.701632 0.390870 0
0 1.469495 2.483233 -0.065792 0.026445 0.371622 0
0 0.983446 1.344042 -0.716515 0.181403 0.647484 0
0 0.966547 2.151613 -0.944130 0.187161 0.452533 0
0 0.470327 1.323978 -0.898468 0.370647 0.651631 0
0 0.492902 1.329514 -1.112638 0.370611 0.655749 0
0 -0.960182 2.151613 -0.944130 0.189019 0.452133 0
0 -1.406974 2.707155 -0.646823 0.043181 0.313774 0
0 -0.342706 2.689251 -1.172187 0.492976 0.320062 0
0 -0.503164 1.328793 -1.099500 0.493694 0.651631 0
0 1.469495 2.483233 -0.065792 0.004092 0.371622 0
0 1.389315 2.771006 0.519645 0.030973 0.301411 0
0 0.967861 1.339710 0.462656 0.172271 0.650626 0
0 -0.355041 3.767452 -0.490885 0.239181 0.054222 0
0 0.000000 3.653812 -0.650723 0.496760 0.086019 0
0 0.000000 3.276436 -0.733980 0.496760 0.178092 0
0 -1.203563 3.630790 0.451452 0.093144 0.096275 0
0 0.000000 3.798691 0.818721 0.496760 0.050670 0
0 -0.469648 3.854460 0.538942 0.338959 0.042464 0
0 1.203563 3.630790 0.451452 0.093249 0.091635 0
0 0.751806 3.823356 -0.050072 0.244707 0.044652 0
0 0.436168 3.856961 0.506448 0.350528 0.036452 0
0 1.160462 1.363984 -0.089096 0.118575 0.647484 0
0 -1.389315 2.771006 0.519644 0.030929 0.303121 0
0 -1.469495 2.483233 -0.065793 0.004074 0.372353 0
0 1.197598 3.603598 -0.503432 0.095249 0.098270 0
0 0.337939 2.686280 -1.178285 0.492976 0.320062 0
0 1.406974 2.707155 -0.646822 0.043181 0.313774 0
0 -1.197598 3.603598 -0.503432 0.114387 0.097481 0
0 -0.474966 3.478432 -1.052334 0.493802 0.130594 0
0 -0.751806 3.823356 -0.050073 0.244454 0.049947 0
0 -1.197598 3.603598 -0.503432 0.095142 0.102817 0
0 0.751806 3.823356 -0.050072 0.250514 0.050103 0
0 1.197598 3.603598 -0.503432 0.114387 0.097481 0
0 0.474966 3.478432 -1.052334 0.493802 0.130594 0
0 -0.751806 3.823356 -0.050073 0.250514 0.050103 0
0 0.355041 3.767452 -0.465885 0.239181 0.054222 0
0 -1.173586 1.327139 -0.090662 0.103184 0.650485 0
0 1.160462 1.363984 -0.089096 0.107699 0.644704 0
0 0.355041 3.767452 -0.465885 0.370108 0.058514 0
0 0.474966 3.478432 -1.052334 0.370755 0.130594 0
0 0.337939 2.686280 -1.178285 0.369929 0.320062 0
0 -0.342706 2.689251 -1.172187 0.381476 0.322789 0
0 -0.474966 3.478432 -1.052334 0.337178 0.132929 0
0 -0.355041 3.767452 -0.490885 0.377345 0.063397 0
0 0.492902 1.329514 -1.112638 0.493694 0.651631 0
0 -0.396169 2.152354 -1.095616 0.493335 0.455984 0
0 -0.396169 2.152354 -1.095616 0.652846 0.392351 0
0 0.000000 2.144310 -1.083752 0.505417 0.392807 0
0 0.384972 2.152317 -1.111768 0.493335 0.455984 0
0 0.000000 3.798691 0.818721 0.496760 0.050670 0
0 -0.355041 3.767452 -0.490885 0.493155 0.058514 0
0 -0.480118 1.323437 -0.888615 0.370647 0.651631 0
0 0.384972 2.152317 -1.111768 0.370288 0.455984 0
0 0.492902 1.329514 -1.112638 0.370647 0.651631 0
0 0.470327 1.323978 -0.898468 0.370575 0.655749 0
0 -0.480118 1.323437 -0.888615 0.370647 0.651631 0
0 -0.503164 1.328793 -1.099500 0.370575 0.655749 0
0 -0.396169 2.152354 -1.095616 0.370288 0.455984 0
0 -0.503164 1.328793 -1.099500 0.370647 0.651631 0
0 -0.480118 1.323437 -0.888615 0.370575 0.655749 0
0 0.000000 3.276436 -0.733980 0.547001 0.104306 0
0 0.000000 3.276436 -0.733980 0.505417 0.104306 0
0 -0.355041 3.767452 -0.490885 0.638233 0.034770 0
0 0.355041 3.767452 -0.465885 0.493155 0.058514 0
0 0.355041 3.767452 -0.465885 0.689032 0.025198 0
0 0.384972 2.152317 -1.111768 0.370288 0.455984 0
0 -0.355041 3.767452 -0.490885 0.370108 0.058514 0
0 -0.396169 2.152354 -1.095616 0.370288 0.455984 0
0 -0.342706 2.689251 -1.172187 0.369929 0.320062 0
0 0.541713 4.190606 -0.329309 0.559549 0.397962 0
0 0.423171 4.174748 0.337119 0.564990 0.497881 0
0 0.751806 3.823356 -0.050072 0.736660 0.274415 0
0 0.436168 3.856961 0.506448 0.715329 0.530196 0
0 -0.548617 4.175776 -0.330674 0.564510 0.392283 0
0 -1.079839 3.548763 -0.699168 0.873965 0.045175 0
0 -0.751806 3.823356 -0.050073 0.736814 0.274980 0
0 0.000000 4.160229 0.535513 0.562582 0.841827 0
0 0.000000 3.798691 0.818721 0.735781 0.891480 0
0 -0.355041 3.767452 -0.490885 0.756814 0.606227 0
0 0.000000 3.276436 -0.733980 0.985971 0.963205 0
0 -0.567904 3.985192 -0.670628 0.656140 0.402729 0
0 -0.423172 4.174748 0.337118 0.562858 0.494728 0
0 -0.469648 3.854460 0.538942 0.717091 0.500814 0
0 0.355041 3.767452 -0.465885 0.756208 0.609231 0
0 0.567903 3.985192 -0.665818 0.657033 0.404179 0
0 1.079838 3.548763 -0.699168 0.872037 0.041045 0
0 0.000000 3.276436 -0.733980 0.985971 0.963205 0
0 1.579119 -0.485936 -0.090538 0.058205 0.899995 2
0 1.294406 0.182369 -0.105796 0.112333 0.669062 2
0 0.857705 0.087867 -1.211178 0.372729 0.952308 2
0 1.294406 0.182369 -0.105796 0.080878 0.931755 2
0 0.857705 0.087867 -1.211178 0.495776 0.952308 2
0 1.066041 0.228740 0.568825 0.155748 0.653038 2
0 0.907788 -0.380247 -0.902479 0.185833 0.863474 2
0 0.851685 0.079509 -0.891242 0.196499 0.704606 2
0 0.857705 0.087867 -1.211178 0.195355 0.701718 2
0 -0.857705 0.077347 -1.162298 0.495776 0.952308 2
0 -1.294406 0.182370 -0.105797 0.080878 0.931755 2
0 1.066041 0.228740 0.568825 0.139355 0.921686 2
0 1.294406 0.182369 -0.105796 0.062793 0.933000 2
0 -1.579120 -0.485936 -0.090539 0.028055 0.884615 2
0 -1.294406 0.182370 -0.105797 0.081581 0.653681 2
0 -0.857705 0.077347 -1.162298 0.497768 0.709961 2
0 -1.037471 -0.380613 -0.847983 0.161135 0.863601 2
0 -1.133849 -0.104241 -0.072936 0.143016 0.768100 2
0 -0.905986 -0.056783 0.560022 0.185854 0.751701 2
0 0.000000 -0.049942 0.806484 0.358414 0.749338 2
0 0.904651 -0.056783 0.560023 0.186430 0.751701 2
0 1.133849 -0.104241 -0.072936 0.142856 0.768100 2
0 1.037472 -0.375353 -0.872424 0.161179 0.861783 2
0 -0.907787 -0.384850 -0.881094 0.185516 0.865065 2
0 -1.144771 -0.651633 -1.280141 0.140963 0.957252 2
0 0.000000 0.020999 -1.101690 0.546445 0.899560 2
0 0.907788 -0.380247 -0.902479 0.808444 0.937943 2
0 0.200241 -0.832577 -1.318651 0.550958 0.983659 2
0 1.144771 -0.643743 -1.316801 0.140780 0.954525 2
0 -0.857705 0.077347 -1.162298 0.194931 0.705353 2
0 -0.851685 0.070303 -0.848472 0.196063 0.707786 2
0 1.144771 -0.643743 -1.316801 0.497768 0.973633 2
0 -1.144771 -0.651633 -1.280141 0.497768 0.973633 2
0 -1.206186 -0.439021 0.798424 0.129417 0.883784 2
0 1.203428 -0.439022 0.798425 0.129629 0.883784 2
0 0.851685 0.079509 -0.891242 0.826056 0.900358 2
0 -0.907787 -0.384850 -0.881094 0.758030 0.938482 2
0 -0.200239 -0.833727 -1.313305 0.506316 0.984469 2
0 -0.305241 -0.741873 -1.093674 0.559924 0.974731 2
0 -0.851685 0.070303 -0.848472 0.776136 0.900874 2
0 0.000000 0.020999 -1.101690 0.499570 0.899560 2
0 0.000000 0.020999 -1.101690 0.499570 0.899560 2
0 -0.851685 0.070303 -0.848472 0.372729 0.952308 2
0 -0.857705 0.077347 -1.162298 0.372792 0.951112 2
0 0.851685 0.079509 -0.891242 0.372756 0.958048 2
0 -0.851685 0.070303 -0.848472 0.817216 0.887415 2
0 0.851685 0.079509 -0.891242 0.889095 0.892305 2
0 0.000000 0.020999 -1.101690 0.547001 0.906460 2
0 0.200241 -0.832577 -1.318651 0.504083 0.983659 2
0 0.305246 -0.741298 -1.096347 0.558424 0.974117 2
0 0.907788 -0.380247 -0.902479 0.761569 0.937943 2
0 -0.857705 0.077347 -1.162298 0.372729 0.952308 2
0 -1.069419 0.228740 0.568824 0.155129 0.653038 2
0 -1.294406 0.182370 -0.105797 0.112831 0.669062 2
0 -1.579120 -0.485936 -0.090539 0.059305 0.899995 2
0 0.000000 -0.447270 1.209268 0.358414 0.886634 2
0 0.000000 0.255402 0.836127 0.358414 0.643826 2
0 -1.294406 0.182370 -0.105797 0.062717 0.925892 2
0 -1.069419 0.228740 0.568824 0.138073 0.914736 2
0 0.857705 0.087867 -1.211178 0.497768 0.709961 2
0 0.000000 0.020999 -1.101690 0.505417 0.906460 2
0 1.294406 0.182369 -0.105796 0.081083 0.653681 2
0 1.579119 -0.485936 -0.090538 0.026955 0.884615 2
0 -0.614196 -3.048187 0.665188 0.368679 0.954463 8
0 -0.590809 -0.982715 0.590301 0.349416 0.399972 8
0 0.061715 -0.556094 0.748187 0.057198 0.280165 8
0 -0.590809 -0.982717 -0.438583 0.084765 0.399972 8
0 -0.614196 -3.048187 -0.466471 0.077591 0.954463 8
0 0.066161 -0.515240 -0.527462 0.061903 0.273915 8
0 0.221616 -1.319593 -0.280394 0.125454 0.489707 8
0 0.348778 -0.912786 0.088040 0.051891 0.378656 8
0 0.221616 -1.319593 -0.280394 0.048930 0.491387 8
0 0.066161 -0.515240 -0.527462 0.046944 0.268852 8
0 -0.658100 0.083401 -0.515301 0.065031 0.113834 8
0 -0.658099 0.083401 0.693811 0.376041 0.113834 8
0 0.140547 -1.269494 0.610150 0.354522 0.476328 8
0 0.061715 -0.556094 0.748187 0.390028 0.284886 8
0 0.140547 -1.269494 0.610150 0.056088 0.477590 8
0 0.332669 -3.048188 0.665187 0.056531 0.969827 8
0 -0.766680 -0.282750 0.497930 0.325657 0.212219 8
0 -0.769138 -0.272339 -0.335686 0.111232 0.209427 8
0 0.332669 -3.048188 -0.466471 0.077591 0.953649 8
0 0.332669 -3.048188 0.665187 0.368679 0.953649 8
0 0.332669 -3.048188 -0.466471 0.047434 0.969827 8
0 0.758718 -0.294772 0.501931 0.335542 0.191450 15
0 -0.340632 -3.060214 -0.462470 0.063852 0.959413 15
0 -0.340632 -3.060215 0.669188 0.382662 0.959413 15
0 -0.340632 -3.060214 -0.462470 0.052802 0.942675 15
0 -0.069678 -0.568120 0.752187 0.084883 0.272248 15
0 0.606233 -3.060213 -0.462470 0.063852 0.959412 15
0 0.579674 -0.994753 -0.434582 0.071708 0.385835 15
0 0.579674 -0.994751 0.594301 0.361565 0.385834 15
0 0.606233 -3.060213 0.669188 0.382662 0.959412 15
0 -0.229579 -1.331616 -0.276393 0.116273 0.479382 15
0 -0.074124 -0.527265 -0.523461 0.046669 0.256013 15
0 -0.074124 -0.527265 -0.523461 0.051192 0.261257 15
0 -0.229579 -1.331616 -0.276393 0.057717 0.477644 15
0 -0.352458 -0.924798 0.092040 0.067448 0.368202 15
0 0.650136 0.071379 0.697811 0.390725 0.089770 15
0 0.650137 0.071378 -0.511301 0.050095 0.089770 15
0 -0.069678 -0.568120 0.752187 0.406044 0.267358 15
0 -0.148510 -1.281516 0.614151 0.367157 0.465469 15
0 -0.340632 -3.060215 0.669188 0.082691 0.942675 15
0 -0.148510 -1.281516 0.614151 0.081237 0.464166 15
0 0.761176 -0.284360 -0.331686 0.100696 0.188558 15
216
-0.546239 0.636067 0.440999
-0.530064 0.589672 -0.599352
-0.030964 0.065921 0.891691
0.023948 0.085458 -0.872421
-0.307138 -0.257440 -0.059541
-0.030964 0.065921 0.891691
0.023948 0.085458 -0.872421
0.538849 0.650608 0.421923
0.530197 0.589981 -0.598936
0.030947 0.065886 0.891601
-0.023383 0.085906 -0.871759
0.030947 0.065886 0.891601
0.306110 -0.262210 -0.059563
-0.023383 0.085906 -0.871759
-0.659345 -0.045850 0.750442
0.646605 -0.163731 -0.745046
-0.013360 -0.035790 -0.999270
-0.996815 -0.072964 0.032175
-0.307138 -0.257440 -0.059541
-0.855476 -0.030958 -0.516915
-0.659138 -0.163117 -0.734118
-0.013360 -0.035790 -0.999270
-0.018434 0.019857 -0.999633
-0.282295 0.029678 -0.958868
0.306110 -0.262210 -0.059563
0.862764 -0.028315 -0.504813
0.603759 -0.135405 -0.785583
-0.659138 -0.163117 -0.734118
-0.160146 -0.118966 -0.979898
-0.595892 -0.138208 -0.791083
0.023948 0.085458 -0.872421
0.052300 0.107010 -0.992881
0.167341 -0.123120 -0.978181
0.306110 -0.262210 -0.059563
0.030947 0.065886 0.891601
0.664726 -0.046988 0.745608
0.672696 0.589394 -0.424740
0.028475 0.262870 -0.963152
0.002737 0.301646 -0.501458
-0.546239 0.636067 0.440999
0.006506 0.441841 0.897070
-0.465786 0.679537 0.566810
0.538849 0.650608 0.421923
0.589236 0.803416 0.085581
0.481476 0.663316 0.572882
0.996409 -0.079287 0.029703
-0.030964 0.065921 0.891691
-0.307138 -0.257440 -0.059541
0.530197 0.589981 -0.598936
-0.047505 0.116525 -0.992051
-0.023383 0.085906 -0.871759
-0.530064 0.589672 -0.599352
-0.028863 0.740974 -0.670913
-0.580818 0.811989 0.057654
-0.530064 0.589672 -0.599352
0.589236 0.803416 0.085581
0.530197 0.589981 -0.598936
0.016957 0.746993 -0.664615
-0.580818 0.811989 0.057654
-0.672551 0.586405 -0.425196
-0.996815 -0.072964 0.032175
0.996409 -0.079287 0.029703
-0.672551 0.586405 -0.425196
0.016957 0.746993 -0.664615
-0.047505 0.116525 -0.992051
0.052300 0.107010 -0.992881
-0.028863 0.740974 -0.670913
0.672696 0.589394 -0.424740
-0.160146 -0.118966 -0.979898
0.280041 0.022705 -0.959719
0.280041 0.022705 -0.959719
-0.018434 0.019857 -0.999633
-0.282295 0.029678 -0.958868
0.006506 0.441841 0.897070
0.672696 0.589394 -0.424740
0.646605 -0.163731 -0.745046
-0.282295 0.029678 -0.958868
-0.160146 -0.118966 -0.979898
-0.659138 -0.163117 -0.734118
0.646605 -0.163731 -0.745046
0.167341 -0.123120 -0.978181
0.280041 0.022705 -0.959719
0.167341 -0.123120 -0.978181
0.646605 -0.163731 -0.745046
0.002737 0.301646 -0.501458
0.002737 0.301646 -0.501458
0.672696 0.589394 -0.424740
-0.672551 0.586405 -0.425196
-0.672551 0.586405 -0.425196
-0.282295 0.029678 -0.958868
0.672696 0.589394 -0.424740
0.280041 0.022705 -0.959719
0.052300 0.107010 -0.992881
0.169296 0.965335 -0.198662
0.570383 0.596954 0.540452
0.589236 0.803416 0.085581
0.481476 0.663316 0.572882
-0.177313 0.966298 -0.186623
-0.785193 0.573922 -0.232564
-0.580818 0.811989 0.057654
0.019146 0.547602 0.835979
0.006506 0.441841 0.897070
0.672696 0.589394 -0.424740
0.002737 0.301646 -0.501458
0.551624 0.331905 -0.765212
-0.559175 0.644766 0.490351
-0.465786 0.679537 0.566810
-0.672551 0.586405 -0.425196
-0.557672 0.303724 -0.772498
0.783600 0.567440 -0.252947
0.002737 0.301646 -0.501458
0.540669 -0.839094 0.059987
0.957073 0.245464 -0.025647
-0.220247 0.039133 -0.942034
0.957073 0.245464 -0.025647
-0.220247 0.039133 -0.942034
0.661330 0.224680 0.701650
-0.115471 -0.419817 -0.900234
-0.591052 -0.117914 -0.795313
-0.220247 0.039133 -0.942034
0.234825 -0.017456 -0.939331
-0.957103 0.242205 -0.034154
0.661330 0.224680 0.701650
0.957073 0.245464 -0.025647
-0.540586 -0.839354 0.057026
-0.957103 0.242205 -0.034154
0.234825 -0.017456 -0.939331
0.092471 -0.994036 -0.057800
-0.531135 -0.814265 0.234239
0.094712 -0.990744 0.097237
0.000009 0.043386 0.999058
-0.095679 -0.990845 0.095244
0.528661 -0.818682 0.224225
-0.089799 -0.993045 -0.076147
0.104796 -0.389844 -0.914898
0.441166 -0.893880 0.079689
-0.016142 0.067808 -0.996715
-0.115471 -0.419817 -0.900234
0.009093 -0.960739 -0.277304
-0.425852 -0.901215 0.080379
0.234825 -0.017456 -0.939331
0.573411 -0.102919 -0.807823
-0.425852 -0.901215 0.080379
0.441166 -0.893880 0.079689
-0.340856 -0.874569 0.344885
0.340334 -0.874470 0.345651
-0.591052 -0.117914 -0.795313
0.104796 -0.389844 -0.914898
-0.020530 -0.967176 -0.253278
-0.082290 -0.509147 -0.856737
0.573411 -0.102919 -0.807823
-0.016142 0.067808 -0.996715
-0.016142 0.067808 -0.996715
0.573411 -0.102919 -0.807823
0.234825 -0.017456 -0.939331
-0.591052 -0.117914 -0.795313
0.573411 -0.102919 -0.807823
-0.591052 -0.117914 -0.795313
-0.016142 0.067808 -0.996715
0.009093 -0.960739 -0.277304
0.080279 -0.524596 -0.847558
-0.115471 -0.419817 -0.900234
0.234825 -0.017456 -0.939331
-0.662543 0.223977 0.700617
-0.957103 0.242205 -0.034154
-0.540586 -0.839354 0.057026
0.000310 -0.846590 0.532245
0.001069 0.312369 0.935497
-0.957103 0.242205 -0.034154
-0.662543 0.223977 0.700617
-0.220247 0.039133 -0.942034
-0.016142 0.067808 -0.996715
0.957073 0.245464 -0.025647
0.540669 -0.839094 0.059987
-0.703218 0.095600 0.701760
-0.513506 -0.067012 0.855465
0.233200 -0.091896 0.968077
-0.429747 -0.066636 -0.900487
-0.703619 0.080136 -0.703246
0.276043 -0.138715 -0.951083
0.614697 0.000591 -0.788764
0.999978 -0.006256 0.001969
0.614697 0.000591 -0.788764
0.276043 -0.138715 -0.951083
-0.755331 0.167866 -0.633479
-0.626471 0.181728 0.757964
0.519250 -0.010300 0.854560
0.233200 -0.091896 0.968077
0.519250 -0.010300 0.854560
0.640305 0.088951 0.758990
-0.813520 -0.076671 0.576460
-0.792345 -0.069228 -0.606133
0.676702 0.095015 -0.728834
0.640305 0.088951 0.758990
0.676702 0.095015 -0.728834
0.813356 -0.078393 0.576460
-0.679614 0.087993 -0.727439
-0.642851 0.075915 0.759292
-0.679614 0.087993 -0.727439
-0.233945 -0.092596 0.967830
0.705411 0.070424 -0.703376
0.429369 -0.067437 -0.900608
0.513475 -0.067869 0.855416
0.705409 0.076606 0.703393
-0.618588 0.001165 -0.785715
-0.277096 -0.139092 -0.950721
-0.277096 -0.139092 -0.950721
-0.618588 0.001165 -0.785715
-0.999977 -0.006223 0.002736
0.626471 0.181728 0.757964
0.755332 0.167865 -0.633479
-0.233945 -0.092596 0.967830
-0.521924 -0.009882 0.852935
-0.642851 0.075915 0.759292
-0.521924 -0.009882 0.852935
0.792154 -0.070877 -0.606192
190
0 163 165 164 163 165 164 1
0 166 163 167 166 163 167 1
0 170 173 172 170 173 172 1
0 111 116 112 111 116 112 1
0 117 119 118 117 119 118 1
0 116 166 167 116 166 167 1
0 124 126 125 124 126 125 1
0 127 165 128 127 165 128 1
0 165 129 128 165 129 128 1
0 129 166 130 129 166 130 1
0 166 131 130 166 131 130 1
0 131 111 132 131 111 132 1
0 111 133 132 111 133 132 1
0 134 135 127 134 135 127 1
0 136 138 137 136 138 137 1
0 139 117 133 139 117 133 1
0 140 134 141 140 134 141 1
0 173 170 142 173 170 142 1
0 126 124 143 126 124 143 1
0 165 163 144 165 163 144 1
0 116 111 145 116 111 145 1
0 166 116 145 166 116 145 1
0 163 166 144 163 166 144 1
0 165 127 135 165 127 135 1
0 133 111 139 133 111 139 1
0 129 165 144 129 165 144 1
0 111 131 145 111 131 145 1
0 166 129 144 166 129 144 1
0 131 166 145 131 166 145 1
0 119 117 139 119 117 139 1
0 134 140 135 134 140 135 1
0 136 137 146 136 137 146 1
0 147 149 148 147 149 148 1
0 147 151 150 147 151 150 1
0 152 160 159 152 160 159 1
0 148 151 147 148 151 147 1
0 151 148 149 151 148 149 1
0 160 161 159 160 161 159 1
0 174 177 175 174 177 175 1
0 174 178 177 174 178 177 1
0 179 177 180 179 177 180 1
0 181 183 182 181 183 182 1
0 184 0 185 184 0 185 1
0 175 187 186 175 187 186 1
0 181 189 188 181 189 188 1
0 190 184 185 190 184 185 1
0 190 191 184 190 191 184 1
0 177 192 180 177 192 180 1
0 175 193 174 175 193 174 1
0 1 0 184 1 0 184 1
0 189 181 194 189 181 194 1
0 2 185 0 2 185 0 1
0 175 191 190 175 191 190 1
0 175 177 191 175 177 191 1
0 184 3 1 184 3 1 1
0 187 185 2 187 185 2 1
0 181 5 4 181 5 4 1
0 181 176 5 181 176 5 1
0 194 181 182 194 181 182 1
0 193 175 186 193 175 186 1
0 192 177 178 192 177 178 1
0 184 179 3 184 179 3 1
0 179 184 191 179 184 191 1
0 185 187 190 185 187 190 1
0 183 4 6 183 4 6 1
0 183 181 4 183 181 4 1
0 176 181 188 176 181 188 1
0 177 179 191 177 179 191 1
0 187 175 190 187 175 190 1
0 200 202 201 200 202 201 1
0 200 203 202 200 203 202 1
0 201 205 204 201 205 204 1
0 206 208 207 206 208 207 1
0 7 210 209 7 210 209 1
0 211 202 212 211 202 212 1
0 213 208 214 213 208 214 1
0 215 209 210 215 209 210 1
0 215 195 209 215 195 209 1
0 196 201 204 196 201 204 1
0 197 202 203 197 202 203 1
0 7 8 210 7 8 210 1
0 208 213 198 208 213 198 1
0 209 9 7 209 9 7 1
0 201 195 215 201 195 215 1
0 201 202 195 201 202 195 1
0 10 210 8 10 210 8 1
0 209 211 9 209 211 9 1
0 199 12 11 199 12 11 1
0 199 208 12 199 208 12 1
0 208 198 207 208 198 207 1
0 202 197 212 202 197 212 1
0 201 196 200 201 196 200 1
0 205 210 10 205 210 10 1
0 210 205 215 210 205 215 1
0 211 209 195 211 209 195 1
0 208 13 12 208 13 12 1
0 208 206 13 208 206 13 1
0 208 199 214 208 199 214 1
0 205 201 215 205 201 215 1
0 202 211 195 202 211 195 1
0 168 14 169 168 14 169 1
0 15 171 16 15 171 16 1
0 17 19 18 17 19 18 1
0 20 22 21 20 22 21 1
0 20 23 22 20 23 22 1
0 24 26 25 24 26 25 1
0 27 113 28 27 113 28 1
0 114 25 115 114 25 115 1
0 29 31 30 29 31 30 1
0 32 29 19 32 29 19 1
0 29 30 18 29 30 18 1
0 33 35 34 33 35 34 1
0 36 38 37 36 38 37 1
0 39 41 40 39 41 40 1
0 42 44 43 42 44 43 1
0 29 18 19 29 18 19 1
0 19 121 120 19 121 120 1
0 25 45 24 25 45 24 1
0 35 123 122 35 123 122 1
0 45 25 114 45 25 114 1
0 19 17 121 19 17 121 1
0 14 47 46 14 47 46 1
0 42 43 48 42 43 48 1
0 49 26 50 49 26 50 1
0 51 31 52 51 31 52 1
0 53 39 54 53 39 54 1
0 55 57 56 55 57 56 1
0 52 58 51 52 58 51 1
0 38 59 37 38 59 37 1
0 47 14 60 47 14 60 1
0 14 168 60 14 168 60 1
0 35 33 61 35 33 61 1
0 123 35 61 123 35 61 1
0 50 26 24 50 26 24 1
0 56 49 50 56 49 50 1
0 62 64 63 62 64 63 1
0 65 67 66 65 67 66 1
0 68 115 25 68 115 25 1
0 120 32 19 120 32 19 1
0 69 31 29 69 31 29 1
0 70 16 71 70 16 71 1
0 70 15 16 70 15 16 1
0 26 68 25 26 68 25 1
0 49 72 26 49 72 26 1
0 44 42 73 44 42 73 1
0 41 39 53 41 39 53 1
0 52 74 58 52 74 58 1
0 68 26 72 68 26 72 1
0 29 32 69 29 32 69 1
0 75 154 153 75 154 153 1
0 113 27 155 113 27 155 1
0 171 15 156 171 15 156 1
0 20 158 157 20 158 157 1
0 76 78 77 76 78 77 1
0 79 81 80 79 81 80 1
0 162 83 82 162 83 82 1
0 158 20 21 158 20 21 1
0 23 84 22 23 84 22 1
0 85 70 71 85 70 71 1
0 86 70 85 86 70 85 1
0 87 57 55 87 57 55 1
0 23 88 84 23 88 84 1
0 64 62 89 64 62 89 1
0 90 92 91 90 92 91 1
0 49 56 57 49 56 57 1
0 31 51 30 31 51 30 1
0 93 95 94 93 95 94 1
0 94 95 96 94 95 96 1
0 97 99 98 97 99 98 1
0 100 96 101 100 96 101 1
0 102 104 103 102 104 103 1
0 103 99 102 103 99 102 1
0 100 106 105 100 106 105 1
0 107 108 93 107 108 93 1
0 108 95 109 108 95 109 1
0 99 105 106 99 105 106 1
0 96 100 94 96 100 94 1
0 106 100 101 106 100 101 1
0 104 102 97 104 102 97 1
0 108 107 110 108 107 110 1
0 99 103 104 99 103 104 1
0 110 95 108 110 95 108 1
0 95 110 107 95 110 107 1
0 104 97 98 104 97 98 1
0 99 104 98 99 104 98 1
0 99 97 105 99 97 105 1
0 107 93 94 107 93 94 1
0 95 93 109 95 93 109 1
0 93 108 109 93 108 109 1
0 97 102 105 97 102 105 1
"Mesh8" 0 8
43
0 -1.437761 -0.690851 -0.044764 0.019588 0.405455 2
0 -1.133849 -0.104241 -0.072936 0.033647 0.091715 2
0 0.436108 -1.520193 0.722693 0.073044 0.955964 2
0 1.103646 -0.892305 0.787224 0.124701 0.800707 2
0 -0.907787 -0.384850 -0.881094 0.126218 0.241795 2
0 0.108858 -1.614070 -0.409760 0.183646 0.841128 2
0 0.436108 -1.520193 0.722693 0.078124 0.642664 2
0 0.000001 -1.482147 0.755584 0.218748 0.636899 2
0 -0.352108 -1.520193 0.722693 0.359374 0.642664 2
0 -0.108857 -1.614070 -0.409760 0.253850 0.841128 2
0 -0.409549 -1.559711 -0.953253 0.350810 0.953901 2
0 0.000001 -1.573616 -0.987472 0.218748 0.959898 2
0 0.409550 -1.559711 -0.953254 0.086688 0.953901 2
0 1.141091 -0.838572 -0.883669 0.965222 0.484461 2
0 1.133849 -0.104241 -0.072936 0.962257 0.091715 2
0 1.437760 -0.690851 -0.044764 0.976315 0.405455 2
0 1.037472 -0.375353 -0.872424 0.922791 0.236715 2
0 0.904651 -0.056783 0.560023 0.109302 0.594109 2
0 1.437760 -0.690851 -0.044764 0.129695 0.750894 2
0 1.133849 -0.104241 -0.072936 0.127038 0.605843 2
0 -0.905986 -0.056783 0.560022 0.109960 0.595443 2
0 -1.133849 -0.104241 -0.072936 0.127589 0.607089 2
0 -1.437761 -0.690851 -0.044764 0.130245 0.751025 2
0 0.000000 0.020999 -1.101690 0.497952 0.024732 2
0 -0.305241 -0.741873 -1.093674 0.372957 0.432743 2
0 0.000000 -0.049942 0.806484 0.039868 0.593765 2
0 0.907788 -0.380247 -0.902479 0.869686 0.239333 2
0 0.305246 -0.741298 -1.096347 0.622948 0.432436 2
0 -0.409549 -1.559711 -0.953253 0.330243 0.870152 2
0 -1.141091 -0.838572 -0.883669 0.030681 0.484461 2
0 0.000001 -0.850020 -1.124042 0.497952 0.490584 2
0 -0.352108 -1.520193 0.722693 0.067109 0.954521 2
0 -0.639164 -0.786180 1.049486 0.089318 0.774416 2
0 -1.103644 -0.892305 0.787224 0.125252 0.800455 2
0 0.000001 -1.482147 0.755584 0.039868 0.945185 2
0 0.000001 -0.855287 1.028690 0.039868 0.791373 2
0 0.000000 -0.049942 0.806484 0.039296 0.592418 2
0 0.000001 -0.855287 1.028690 0.039296 0.791554 2
0 0.639166 -0.786180 1.049486 0.088757 0.774466 2
0 0.409550 -1.559711 -0.953254 0.665660 0.870152 2
0 0.000001 -1.573616 -0.987472 0.497952 0.877589 2
0 0.000001 -1.482147 0.755584 0.039296 0.946556 2
0 -1.037471 -0.380613 -0.847983 0.073113 0.239528 2
43
-0.948904 0.271855 0.034060
-0.531135 -0.814265 0.234239
-0.046800 -0.645435 0.679202
0.659729 -0.015938 0.739187
0.104796 -0.389844 -0.914898
-0.602341 -0.519069 0.048243
-0.046800 -0.645435 0.679202
0.027675 -0.804708 0.593026
0.029863 -0.573566 0.765416
0.605506 -0.518392 0.047898
0.076437 -0.379844 -0.843561
-0.000001 -0.894467 -0.447134
-0.076436 -0.379843 -0.843562
0.570751 -0.002121 -0.790913
0.528661 -0.818682 0.224225
0.949813 0.269416 0.036493
-0.089799 -0.993045 -0.076147
-0.095679 -0.990845 0.095244
0.949813 0.269416 0.036493
0.528661 -0.818682 0.224225
0.094712 -0.990744 0.097237
-0.531135 -0.814265 0.234239
-0.948904 0.271855 0.034060
-0.016142 0.067808 -0.996715
-0.082290 -0.509147 -0.856737
0.000009 0.043386 0.999058
-0.115471 -0.419817 -0.900234
0.080279 -0.524596 -0.847558
0.076437 -0.379844 -0.843561
-0.572223 0.012250 -0.789837
-0.001256 -0.150644 -0.988587
0.029863 -0.573566 0.765416
-0.198416 -0.041365 0.979245
-0.678520 -0.024595 0.724855
0.027675 -0.804708 0.593026
0.000000 -0.071074 0.997471
0.000009 0.043386 0.999058
0.000000 -0.071074 0.997471
0.203094 0.053677 0.977687
-0.076436 -0.379843 -0.843562
-0.000001 -0.894467 -0.447134
0.027675 -0.804708 0.593026
0.092471 -0.994036 -0.057800
38
0 28 30 29 28 30 29 1
0 31 33 32 31 33 32 1
0 34 32 35 34 32 35 1
0 36 38 37 36 38 37 1
0 39 30 40 39 30 40 1
0 32 34 31 32 34 31 1
0 38 41 37 38 41 37 1
0 42 0 29 42 0 29 1
0 42 1 0 42 1 0 1
0 41 3 2 41 3 2 1
0 41 38 3 41 38 3 1
0 29 4 42 29 4 42 1
0 5 7 6 5 7 6 1
0 7 9 8 7 9 8 1
0 9 11 10 9 11 10 1
0 11 5 12 11 5 12 1
0 9 7 11 9 7 11 1
0 7 5 11 7 5 11 1
0 30 28 40 30 28 40 1
0 30 39 13 30 39 13 1
0 14 13 15 14 13 15 1
0 14 16 13 14 16 13 1
0 17 18 3 17 18 3 1
0 17 19 18 17 19 18 1
0 20 32 33 20 32 33 1
0 21 33 22 21 33 22 1
0 21 20 33 21 20 33 1
0 23 24 30 23 24 30 1
0 32 25 35 32 25 35 1
0 25 32 20 25 32 20 1
0 38 17 3 38 17 3 1
0 17 38 36 17 38 36 1
0 26 13 16 26 13 16 1
0 13 27 30 13 27 30 1
0 27 23 30 27 23 30 1
0 24 29 30 24 29 30 1
0 26 27 13 26 27 13 1
0 24 4 29 24 4 29 1
"Mesh9" 0 9
60
0 -0.521759 -4.200658 -1.408981 0.075106 0.935438 6
0 -0.717414 -4.075116 -0.126632 0.572349 0.982239 6
0 -0.418937 -2.832171 -0.981384 0.117433 0.877182 6
0 -0.433538 -4.084436 0.307925 0.804717 0.983396 6
0 0.281768 -4.084435 0.307926 0.804717 0.983396 6
0 0.655092 -4.075115 -0.126631 0.572349 0.982239 6
0 -0.710642 -0.688918 -0.374329 0.442039 0.611323 6
0 -0.619787 -2.853671 -0.248685 0.509224 0.879849 6
0 -0.385854 -2.908612 0.290897 0.797751 0.886664 6
0 -0.598267 -4.713229 0.522973 0.801321 0.936233 6
0 -0.854843 -4.508313 -0.048923 0.547186 0.941425 6
0 0.377964 -0.711311 0.315290 0.810794 0.614100 6
0 -0.411507 -0.697884 -0.970678 0.123157 0.612435 6
0 -0.272073 -0.736370 0.323346 0.815102 0.617208 6
0 0.462154 -4.216953 -1.426715 0.049210 0.930254 6
0 0.345945 -2.882502 -1.095307 0.056515 0.883425 6
0 0.583123 -2.881318 -0.311267 0.475759 0.883279 6
0 0.812072 -4.527547 -0.098016 0.532191 0.941095 6
0 0.369115 -2.889900 0.333251 0.820398 0.884343 6
0 0.382332 -4.730139 0.496983 0.813102 0.930432 6
0 0.307320 -0.673277 -0.970582 0.123208 0.609382 6
0 0.690546 -0.648921 -0.247107 0.510067 0.606360 6
0 0.361276 -4.075115 -1.120131 0.041101 0.982239 6
0 -0.433537 -4.075118 -1.120131 0.041102 0.982240 6
0 0.639904 -3.912983 -0.418128 0.421934 0.503299 7
0 -0.411523 -3.896883 -0.969482 0.127112 0.501302 7
0 0.279779 -3.896883 -1.006732 0.107194 0.501302 7
0 -0.237034 -3.968077 0.240461 0.774097 0.510133 7
0 0.340547 -3.963869 0.237706 0.772624 0.509611 7
0 -0.663995 -3.912982 -0.369532 0.447920 0.503299 7
0 -0.450154 -4.212954 -1.430715 0.049210 0.930254 13
0 -0.369606 -4.726139 0.492983 0.813102 0.930432 13
0 -0.357115 -2.885896 0.329251 0.820398 0.884343 13
0 -0.295319 -0.669268 -0.974582 0.123208 0.609382 13
0 -0.678546 -0.644912 -0.251108 0.510067 0.606360 13
0 0.533760 -4.196659 -1.412980 0.075106 0.935438 13
0 0.445538 -4.071118 -1.124131 0.041102 0.982240 13
0 -0.349275 -4.071115 -1.124132 0.041101 0.982239 13
0 0.729414 -4.071116 -0.130632 0.572349 0.982239 13
0 0.430938 -2.828167 -0.985383 0.117433 0.877182 13
0 -0.269769 -4.080436 0.303926 0.804717 0.983396 13
0 0.445538 -4.080436 0.303926 0.804717 0.983396 13
0 -0.643092 -4.071115 -0.130632 0.572349 0.982239 13
0 0.397854 -2.904608 0.286898 0.797751 0.886664 13
0 0.631787 -2.849667 -0.252684 0.509224 0.879849 13
0 0.722642 -0.684910 -0.378328 0.442039 0.611323 13
0 0.867569 -4.504313 -0.052922 0.547186 0.941425 13
0 0.610994 -4.709229 0.518974 0.801321 0.936233 13
0 -0.365964 -0.707302 0.311290 0.810794 0.614100 13
0 0.423508 -0.693875 -0.974678 0.123157 0.612435 13
0 0.284073 -0.732361 0.319347 0.815102 0.617208 13
0 -0.799346 -4.523548 -0.102016 0.532191 0.941095 13
0 -0.571123 -2.877314 -0.315267 0.475759 0.883279 13
0 -0.333944 -2.878498 -1.099307 0.056515 0.883425 13
0 0.675993 -3.908983 -0.377532 0.447920 0.503299 14
0 -0.328549 -3.959863 0.229707 0.772624 0.509611 14
0 -0.627906 -3.908983 -0.426128 0.421934 0.503299 14
0 -0.267780 -3.892883 -1.014731 0.107194 0.501302 14
0 0.423522 -3.892883 -0.977481 0.127112 0.501302 14
0 0.249033 -3.964070 0.232462 0.774097 0.510133 14
60
-0.290277 -0.877582 -0.381562
-0.177019 -0.309904 0.024601
-0.718228 0.060074 -0.693209
-0.081397 -0.253929 0.082316
0.068004 -0.096126 0.381252
0.165756 -0.332366 -0.012477
-0.998353 0.011611 0.056181
-0.994865 0.058679 0.082463
-0.527881 0.057623 0.847361
-0.342195 -0.933428 0.107774
-0.501296 -0.860784 -0.088056
0.434429 0.065314 0.898335
-0.483195 0.016236 -0.875362
-0.562405 0.052491 0.825194
0.205183 -0.894300 -0.397652
0.540980 0.075353 -0.837653
0.997782 0.033565 0.057484
0.495868 -0.850786 -0.174004
0.629627 0.040120 0.775862
0.272229 -0.962109 0.015418
0.603992 0.007892 -0.796952
0.999856 0.011347 0.012594
0.249947 0.079674 -0.312849
-0.252121 0.101055 -0.291072
0.998480 0.013596 -0.031203
-0.569462 -0.020032 -0.821308
0.382685 -0.045123 -0.917824
-0.303655 0.031713 0.950112
0.540496 0.037908 0.838555
-0.979157 0.006118 0.173086
-0.205183 -0.894300 -0.397651
-0.272229 -0.962109 0.015418
-0.629627 0.040120 0.775861
-0.603991 0.007892 -0.796952
-0.999856 0.011347 0.012593
0.290277 -0.877582 -0.381562
0.252122 0.101055 -0.291071
-0.249948 0.079675 -0.312848
0.177019 -0.309904 0.024600
0.718229 0.060074 -0.693208
-0.068004 -0.096125 0.381252
0.081397 -0.253928 0.082316
-0.165756 -0.332365 -0.012476
0.527881 0.057622 0.847362
0.994865 0.058678 0.082464
0.998353 0.011611 0.056182
0.501295 -0.860784 -0.088056
0.342195 -0.933428 0.107774
-0.434430 0.065314 0.898335
0.483196 0.016236 -0.875362
0.562404 0.052491 0.825194
-0.495868 -0.850787 -0.174004
-0.997782 0.033564 0.057484
-0.540979 0.075352 -0.837653
0.979157 0.006118 0.173087
-0.540497 0.037909 0.838555
-0.998479 0.013596 -0.031204
-0.382685 -0.045123 -0.917825
0.569463 -0.020032 -0.821307
0.303654 0.031713 0.950112
96
0 6 8 7 6 8 7 1
0 9 7 8 9 7 8 1
0 9 10 7 9 10 7 1
0 24 11 28 24 11 28 1
0 12 29 6 12 29 6 1
0 29 13 6 29 13 6 1
0 14 16 15 14 16 15 1
0 14 17 16 14 17 16 1
0 17 18 16 17 18 16 1
0 17 19 18 17 19 18 1
0 12 26 25 12 26 25 1
0 26 12 20 26 12 20 1
0 21 15 16 21 15 16 1
0 14 23 22 14 23 22 1
0 14 0 23 14 0 23 1
0 24 20 21 24 20 21 1
0 27 11 13 27 11 13 1
0 11 24 21 11 24 21 1
0 11 27 28 11 27 28 1
0 13 29 27 13 29 27 1
0 29 12 25 29 12 25 1
0 20 24 26 20 24 26 1
0 0 1 23 0 1 23 1
0 0 10 1 0 10 1 1
0 11 8 13 11 8 13 1
0 19 8 18 19 8 18 1
0 19 9 8 19 9 8 1
0 6 2 12 6 2 12 1
0 21 18 11 21 18 11 1
0 2 6 7 2 6 7 1
0 15 21 20 15 21 20 1
0 8 11 18 8 11 18 1
0 8 6 13 8 6 13 1
0 18 21 16 18 21 16 1
0 12 15 20 12 15 20 1
0 15 12 2 15 12 2 1
0 9 4 3 9 4 3 1
0 9 19 4 9 19 4 1
0 19 5 4 19 5 4 1
0 19 17 5 19 17 5 1
0 10 3 1 10 3 1 1
0 10 9 3 10 9 3 1
0 10 2 7 10 2 7 1
0 10 0 2 10 0 2 1
0 0 15 2 0 15 2 1
0 0 14 15 0 14 15 1
0 17 22 5 17 22 5 1
0 17 14 22 17 14 22 1
0 43 45 44 43 45 44 1
0 46 43 44 46 43 44 1
0 46 47 43 46 47 43 1
0 48 56 55 48 56 55 1
0 54 49 45 54 49 45 1
0 50 54 45 50 54 45 1
0 51 53 52 51 53 52 1
0 51 30 53 51 30 53 1
0 31 52 32 31 52 32 1
0 31 51 52 31 51 52 1
0 57 49 58 57 49 58 1
0 49 57 33 49 57 33 1
0 53 34 52 53 34 52 1
0 35 37 36 35 37 36 1
0 35 30 37 35 30 37 1
0 33 56 34 33 56 34 1
0 48 59 50 48 59 50 1
0 56 48 34 56 48 34 1
0 59 48 55 59 48 55 1
0 54 50 59 54 50 59 1
0 49 54 58 49 54 58 1
0 56 33 57 56 33 57 1
0 46 36 38 46 36 38 1
0 46 35 36 46 35 36 1
0 43 48 50 43 48 50 1
0 47 32 43 47 32 43 1
0 47 31 32 47 31 32 1
0 39 45 49 39 45 49 1
0 32 34 48 32 34 48 1
0 45 39 44 45 39 44 1
0 34 53 33 34 53 33 1
0 48 43 32 48 43 32 1
0 45 43 50 45 43 50 1
0 34 32 52 34 32 52 1
0 53 49 33 53 49 33 1
0 49 53 39 49 53 39 1
0 31 41 40 31 41 40 1
0 31 47 41 31 47 41 1
0 51 40 42 51 40 42 1
0 51 31 40 51 31 40 1
0 47 38 41 47 38 41 1
0 47 46 38 47 46 38 1
0 35 44 39 35 44 39 1
0 35 46 44 35 46 44 1
0 30 39 53 30 39 53 1
0 30 35 39 30 35 39 1
0 30 42 37 30 42 37 1
0 30 51 42 30 51 42 1
"Mesh10" 0 10
96
0 -0.587201 -1.097327 0.377877 0.017857 0.303467 4
0 0.274484 -1.097327 0.377877 0.020089 0.303467 4
0 -0.177233 -0.263450 -1.511215 0.805804 0.749512 4
0 -0.909243 -0.835726 -1.247907 0.805804 0.975830 4
0 -0.501629 -1.427498 0.174773 0.051006 0.499169 4
0 0.099525 -1.427497 0.174773 0.051006 0.499169 4
0 0.274484 -1.097327 0.377877 0.006696 0.299072 4
0 -0.587201 -1.097327 0.377877 0.006696 0.296875 4
0 0.437083 -0.964721 -0.230327 0.104911 0.296875 4
0 0.274484 -1.097327 0.377877 0.006696 0.296875 4
0 0.099525 -1.427497 0.174773 0.051006 0.499169 4
0 -0.587201 -1.097327 0.377877 0.020089 0.303467 4
0 0.099525 -1.427497 0.174773 0.935980 1.000000 4
0 -0.501629 -1.427498 0.174773 0.935980 1.000000 4
0 -0.897229 -1.427497 -1.103400 0.533093 1.000000 4
0 0.575356 -1.427497 -1.103400 0.533094 1.000000 4
0 -0.217634 -1.427496 -2.759394 0.975446 0.499023 4
0 -0.681562 -1.427497 -2.459394 0.910714 0.499023 4
0 -0.717512 -1.126777 -2.494659 0.909718 0.368653 4
0 -0.192473 -1.126777 -2.794658 0.974794 0.368653 4
0 -0.192473 -1.126777 -2.794658 0.995536 0.749512 4
0 -0.717512 -1.126777 -2.494659 0.325893 0.975830 4
0 -0.181701 -0.795560 -2.504065 0.326659 0.749021 4
0 0.575356 -1.427497 -1.103400 0.535465 0.499169 4
0 0.284031 -1.427496 -2.459395 0.910714 0.499023 4
0 0.383233 -1.126777 -2.494657 0.909718 0.368653 4
0 -0.681562 -1.427497 -2.459394 0.105677 1.000000 4
0 -0.217634 -1.427496 -2.759394 0.011115 1.000000 4
0 0.284031 -1.427496 -2.459395 0.105676 1.000000 4
0 0.595261 -0.835725 -1.247908 0.574338 0.242336 4
0 0.595261 -0.835725 -1.247908 0.805804 0.516602 4
0 0.595261 -0.835725 -1.247908 0.562500 0.261719 4
0 0.383233 -1.126777 -2.494657 0.325893 0.516602 4
0 -0.828397 -0.984539 -0.185214 0.111607 0.303467 4
0 0.437083 -0.964721 -0.230327 0.111607 0.303467 4
0 -0.909243 -0.835726 -1.247907 0.562500 0.261719 4
0 -0.828397 -0.984539 -0.185214 0.104911 0.296875 4
0 -0.909243 -0.835726 -1.247907 0.574338 0.242336 4
0 -0.897229 -1.427497 -1.103400 0.535465 0.499169 4
0 -0.433537 -4.075118 -1.120131 0.986607 0.914306 6
0 0.361276 -4.075115 -1.120131 0.537946 0.035400 6
0 0.655092 -4.075115 -0.126631 0.111607 0.033203 6
0 -0.717414 -4.075116 -0.126632 0.111607 0.033203 6
0 0.281768 -4.084435 0.307926 0.020089 0.033203 6
0 0.361276 -4.075115 -1.120131 0.986607 0.593506 6
0 0.281768 -4.084435 0.307926 0.020089 0.031006 6
0 -0.433538 -4.084436 0.307925 0.020089 0.033203 6
0 -0.433537 -4.075118 -1.120131 0.537946 0.035400 6
0 -0.375231 -1.126736 -2.494655 0.325893 0.516602 11
0 0.836398 -0.984504 -0.185214 0.111607 0.303467 11
0 -0.429081 -0.964686 -0.230326 0.111607 0.303467 11
0 0.917243 -0.835691 -1.247907 0.562500 0.261719 11
0 0.905230 -1.427456 -1.103400 0.535465 0.499169 11
0 0.917243 -0.835691 -1.247907 0.574338 0.242336 11
0 0.836398 -0.984504 -0.185214 0.104911 0.296875 11
0 -0.266482 -1.097286 0.377877 0.020089 0.303467 11
0 0.595202 -1.097286 0.377877 0.017857 0.303467 11
0 0.917243 -0.835691 -1.247907 0.805804 0.975830 11
0 0.185234 -0.263412 -1.511214 0.805804 0.749512 11
0 0.595202 -1.097286 0.377877 0.006696 0.296875 11
0 -0.266482 -1.097286 0.377877 0.006696 0.299072 11
0 -0.091523 -1.427456 0.174773 0.051006 0.499169 11
0 0.509630 -1.427456 0.174773 0.051006 0.499169 11
0 -0.091523 -1.427456 0.174773 0.051006 0.499169 11
0 -0.266482 -1.097286 0.377877 0.006696 0.296875 11
0 -0.429081 -0.964686 -0.230326 0.104911 0.296875 11
0 0.595202 -1.097286 0.377877 0.020089 0.303467 11
0 -0.567355 -1.427456 -1.103399 0.533094 1.000000 11
0 0.905230 -1.427456 -1.103400 0.533093 1.000000 11
0 0.509630 -1.427456 0.174773 0.935980 1.000000 11
0 -0.091523 -1.427456 0.174773 0.935980 1.000000 11
0 0.200473 -1.126736 -2.794655 0.974794 0.368653 11
0 0.725512 -1.126736 -2.494655 0.909718 0.368653 11
0 0.689563 -1.427456 -2.459393 0.910714 0.499023 11
0 0.225634 -1.427456 -2.759393 0.975446 0.499023 11
0 0.189702 -0.795526 -2.504063 0.326659 0.749021 11
0 0.725512 -1.126736 -2.494655 0.325893 0.975830 11
0 0.200473 -1.126736 -2.794655 0.995536 0.749512 11
0 -0.375231 -1.126736 -2.494655 0.909718 0.368653 11
0 -0.276030 -1.427456 -2.459393 0.910714 0.499023 11
0 -0.567355 -1.427456 -1.103399 0.535465 0.499169 11
0 -0.276030 -1.427456 -2.459393 0.105676 1.000000 11
0 0.225634 -1.427456 -2.759393 0.011115 1.000000 11
0 0.689563 -1.427456 -2.459393 0.105677 1.000000 11
0 -0.587260 -0.835691 -1.247906 0.574338 0.242336 11
0 -0.587260 -0.835691 -1.247906 0.805804 0.516602 11
0 -0.587260 -0.835691 -1.247906 0.562500 0.261719 11
0 0.445538 -4.071118 -1.124131 0.537946 0.035400 13
0 -0.349275 -4.071115 -1.124132 0.537946 0.035400 13
0 -0.269769 -4.080436 0.303926 0.020089 0.031006 13
0 0.729414 -4.071116 -0.130632 0.111607 0.033203 13
0 -0.269769 -4.080436 0.303926 0.020089 0.033203 13
0 -0.349275 -4.071115 -1.124132 0.986607 0.593506 13
0 0.445538 -4.071118 -1.124131 0.986607 0.914306 13
0 0.445538 -4.080436 0.303926 0.020089 0.033203 13
0 -0.643092 -4.071115 -0.130632 0.111607 0.033203 13
96
-0.536901 -0.117858 0.835372
0.651328 -0.238399 0.720373
-0.017579 0.692003 -0.721680
-0.895768 0.357614 -0.264030
-0.534752 -0.724409 0.435054
0.535004 -0.743725 0.400804
0.651328 -0.238399 0.720373
-0.536901 -0.117858 0.835372
0.952124 -0.235186 0.195315
0.651328 -0.238399 0.720373
0.535004 -0.743725 0.400804
-0.536901 -0.117858 0.835372
0.535004 -0.743725 0.400804
-0.534752 -0.724409 0.435054
-0.826139 -0.563368 0.010506
0.808164 -0.588291 0.027991
-0.018043 -0.608311 -0.793494
-0.682589 -0.568382 -0.459362
-0.817351 0.273596 -0.507033
-0.019508 0.282682 -0.959015
-0.019508 0.282682 -0.959015
-0.817351 0.273596 -0.507033
-0.013032 0.845681 -0.533529
0.808164 -0.588291 0.027991
0.602374 -0.656788 -0.453624
0.810749 0.209131 -0.546764
-0.682589 -0.568382 -0.459362
-0.018043 -0.608311 -0.793494
0.602374 -0.656788 -0.453624
0.906921 0.326640 -0.266083
0.906921 0.326640 -0.266083
0.906921 0.326640 -0.266083
0.810749 0.209131 -0.546764
-0.959546 -0.163643 0.229111
0.952124 -0.235186 0.195315
-0.895768 0.357614 -0.264030
-0.959546 -0.163643 0.229111
-0.895768 0.357614 -0.264030
-0.826139 -0.563368 0.010506
-0.252121 0.101055 -0.291072
0.249947 0.079674 -0.312849
0.165756 -0.332366 -0.012477
-0.177019 -0.309904 0.024601
0.068004 -0.096126 0.381252
0.249947 0.079674 -0.312849
0.068004 -0.096126 0.381252
-0.081397 -0.253929 0.082316
-0.252121 0.101055 -0.291072
-0.810749 0.209135 -0.546763
0.959546 -0.163644 0.229111
-0.952123 -0.235188 0.195317
0.895768 0.357615 -0.264030
0.826139 -0.563368 0.010506
0.895768 0.357615 -0.264030
0.959546 -0.163644 0.229111
-0.651326 -0.238399 0.720375
0.536901 -0.117858 0.835372
0.895768 0.357615 -0.264030
0.017579 0.692003 -0.721681
0.536901 -0.117858 0.835372
-0.651326 -0.238399 0.720375
-0.535002 -0.743725 0.400805
0.534751 -0.724409 0.435055
-0.535002 -0.743725 0.400805
-0.651326 -0.238399 0.720375
-0.952123 -0.235188 0.195317
0.536901 -0.117858 0.835372
-0.808164 -0.588292 0.027992
0.826139 -0.563368 0.010506
0.534751 -0.724409 0.435055
-0.535002 -0.743725 0.400805
0.019509 0.282689 -0.959013
0.817350 0.273602 -0.507032
0.682591 -0.568379 -0.459363
0.018043 -0.608308 -0.793496
0.013032 0.845683 -0.533526
0.817350 0.273602 -0.507032
0.019509 0.282689 -0.959013
-0.810749 0.209135 -0.546763
-0.602375 -0.656787 -0.453625
-0.808164 -0.588292 0.027992
-0.602375 -0.656787 -0.453625
0.018043 -0.608308 -0.793496
0.682591 -0.568379 -0.459363
-0.906921 0.326640 -0.266083
-0.906921 0.326640 -0.266083
-0.906921 0.326640 -0.266083
0.252122 0.101055 -0.291071
-0.249948 0.079675 -0.312848
-0.068004 -0.096125 0.381252
0.177019 -0.309904 0.024600
-0.068004 -0.096125 0.381252
-0.249948 0.079675 -0.312848
0.252122 0.101055 -0.291071
0.081397 -0.253928 0.082316
-0.165756 -0.332365 -0.012476
80
0 36 38 37 36 38 37 1
0 0 43 1 0 43 1 1
0 2 39 3 2 39 3 1
0 4 6 5 4 6 5 1
0 4 7 6 4 7 6 1
0 8 10 9 8 10 9 1
0 45 11 46 45 11 46 1
0 12 14 13 12 14 13 1
0 12 15 14 12 15 14 1
0 16 18 17 16 18 17 1
0 16 19 18 16 19 18 1
0 18 38 17 18 38 17 1
0 38 18 37 38 18 37 1
0 20 22 21 20 22 21 1
0 23 25 24 23 25 24 1
0 15 26 14 15 26 14 1
0 15 27 26 15 27 26 1
0 15 28 27 15 28 27 1
0 25 23 29 25 23 29 1
0 2 22 30 2 22 30 1
0 31 41 40 31 41 40 1
0 11 42 46 11 42 46 1
0 23 8 29 23 8 29 1
0 22 32 30 22 32 30 1
0 22 3 21 22 3 21 1
0 3 22 2 3 22 2 1
0 39 2 44 39 2 44 1
0 44 2 30 44 2 30 1
0 41 1 43 41 1 43 1
0 33 42 11 33 42 11 1
0 41 34 1 41 34 1 1
0 42 35 47 42 35 47 1
0 42 33 35 42 33 35 1
0 4 36 7 4 36 7 1
0 36 4 38 36 4 38 1
0 34 41 31 34 41 31 1
0 10 8 23 10 8 23 1
0 22 20 32 22 20 32 1
0 19 24 25 19 24 25 1
0 19 16 24 19 16 24 1
0 52 54 53 52 54 53 1
0 91 56 55 91 56 55 1
0 93 58 57 93 58 57 1
0 59 61 60 59 61 60 1
0 59 62 61 59 62 61 1
0 63 65 64 63 65 64 1
0 66 89 94 66 89 94 1
0 67 69 68 67 69 68 1
0 67 70 69 67 70 69 1
0 71 73 72 71 73 72 1
0 71 74 73 71 74 73 1
0 52 72 73 52 72 73 1
0 72 52 53 72 52 53 1
0 75 77 76 75 77 76 1
0 78 80 79 78 80 79 1
0 81 83 82 81 83 82 1
0 81 68 83 81 68 83 1
0 81 67 68 81 67 68 1
0 80 78 84 80 78 84 1
0 75 58 85 75 58 85 1
0 95 86 88 95 86 88 1
0 90 66 94 90 66 94 1
0 65 80 84 65 80 84 1
0 48 75 85 48 75 85 1
0 57 75 76 57 75 76 1
0 75 57 58 75 57 58 1
0 58 93 92 58 93 92 1
0 58 92 85 58 92 85 1
0 55 95 91 55 95 91 1
0 90 49 66 90 49 66 1
0 50 95 55 50 95 55 1
0 51 90 87 51 90 87 1
0 49 90 51 49 90 51 1
0 54 62 59 54 62 59 1
0 62 54 52 62 54 52 1
0 95 50 86 95 50 86 1
0 65 63 80 65 63 80 1
0 77 75 48 77 75 48 1
0 74 78 79 74 78 79 1
0 74 71 78 74 71 78 1
"Mesh11" 0 11
13
0 0.000000 2.697826 0.947703 0.500000 0.521432 0
0 0.000000 2.144577 0.791891 0.500000 0.661669 0
0 1.389315 2.771006 0.519645 0.972719 0.502883 0
0 -1.389315 2.771006 0.519644 0.027281 0.502883 0
0 0.967861 1.339710 0.462656 0.829317 0.865686 0
0 -0.966415 1.359475 0.465391 0.171175 0.860676 0
0 1.203563 3.630790 0.451452 0.925141 0.115757 0
0 0.000000 3.798691 0.818721 0.515625 0.085871 0
0 -1.203563 3.630790 0.451452 0.106109 0.115757 0
0 0.000000 1.309338 0.626575 0.500000 0.873385 0
0 -1.069419 0.228740 0.568824 0.171595 0.990777 2
0 0.000000 0.255402 0.836127 0.500000 0.996693 2
0 1.066041 0.228740 0.568825 0.827368 0.990777 2
13
0.000000 -0.078559 0.996909
-0.000231 -0.192296 0.981337
0.030947 0.065886 0.891601
-0.030964 0.065921 0.891691
0.664726 -0.046988 0.745608
-0.659345 -0.045850 0.750442
0.538849 0.650608 0.421923
0.006506 0.441841 0.897070
-0.546239 0.636067 0.440999
0.001266 0.000692 0.999999
-0.662543 0.223977 0.700617
0.001069 0.312369 0.935497
0.661330 0.224680 0.701650
14
0 0 2 1 0 2 1 1
0 3 0 1 3 0 1 1
0 4 1 2 4 1 2 1
0 1 5 3 1 5 3 1
0 5 11 10 5 11 10 1
0 11 4 12 11 4 12 1
0 2 7 6 2 7 6 1
0 7 3 8 7 3 8 1
0 5 1 9 5 1 9 1
0 1 4 9 1 4 9 1
0 4 11 9 4 11 9 1
0 11 5 9 11 5 9 1
0 3 7 0 3 7 0 1
0 7 2 0 7 2 0 1
"Mesh12" 0 12
37
0 -0.049998 1.324867 0.894895 0.695117 0.625441 1
0 0.750042 1.043874 0.738453 0.924301 0.688056 1
0 0.717545 1.460632 0.523464 0.914991 0.595188 1
0 0.520563 2.076258 1.286756 0.858563 0.458008 1
0 0.597247 1.935052 0.020790 0.880529 0.489473 1
0 0.374776 1.741645 -0.590030 0.816800 0.510287 1
0 0.678538 0.950713 -0.400062 0.909139 0.750817 1
0 0.608980 1.101016 -0.712412 0.883891 0.663735 1
0 0.818008 1.534120 -0.433065 0.943770 0.580596 1
0 0.713485 0.571499 0.019780 0.921461 0.793315 1
0 0.908301 1.447416 1.316940 0.969636 0.598133 1
0 -0.042775 1.730597 0.510192 0.697187 0.535032 1
0 0.000001 1.373268 -1.005589 0.709440 0.581677 1
0 -0.375358 1.730680 -0.634021 0.601914 0.512730 1
0 -0.026613 2.268242 1.124904 0.701816 0.415228 1
0 -0.563172 1.596744 0.557000 0.548112 0.564859 1
0 0.000000 1.098847 -1.039743 0.709440 0.658871 1
0 -0.608976 1.101015 -0.712413 0.534990 0.663735 1
0 -0.941993 1.088186 0.625930 0.439593 0.678181 1
0 -0.049999 1.011904 0.934010 0.695117 0.695179 1
0 -0.673060 0.947657 -0.395466 0.516632 0.709495 1
0 -0.716482 0.672837 -0.179798 0.496529 0.770734 1
0 -0.715198 0.580182 0.024009 0.496911 0.791381 1
0 -0.623418 0.252759 0.370758 0.508781 0.864341 1
0 -0.624144 0.245379 -0.045383 0.508547 0.865985 1
0 -0.521800 0.022043 0.040411 0.541489 0.915752 1
0 0.520708 0.022043 0.040410 0.877040 0.915752 1
0 0.622472 0.236696 -0.049612 0.909795 0.867920 1
0 0.457480 0.252760 0.335024 0.840492 0.864340 1
0 -0.015603 -0.149126 0.129638 0.704970 0.953893 1
0 0.750289 1.828129 0.293238 0.924370 0.513299 1
0 -0.762134 1.538268 -0.549565 0.491116 0.579672 1
0 -0.375358 1.730680 -0.634021 0.601914 0.512730 1
0 -0.608865 1.821328 1.111856 0.535023 0.514814 1
0 -1.109349 1.501854 1.441671 0.391651 0.586003 1
0 0.000001 0.203201 0.688277 0.709440 0.875384 1
0 0.668064 1.828876 0.671388 0.900816 0.513132 1
37
-0.001236 0.435415 0.900229
0.740033 -0.112528 0.663090
0.891757 0.018228 0.452147
0.433416 0.889031 0.147562
0.420909 0.878921 -0.224352
0.216248 0.874943 -0.433257
0.970383 -0.018612 -0.138909
0.757395 0.128322 -0.640224
0.903121 0.269797 -0.334041
0.956877 -0.099819 0.023989
0.862145 0.259324 0.435266
-0.141758 0.190089 0.971479
0.022278 0.362903 -0.931561
-0.521784 0.776779 -0.332819
-0.141413 0.681729 0.717808
-0.355167 0.563473 0.745892
-0.000001 0.259592 -0.965718
-0.762792 0.108464 -0.637483
-0.709680 -0.213757 0.671314
-0.047846 -0.086110 0.995136
-0.087444 0.784937 0.613374
-0.979309 -0.154114 -0.131158
-0.961327 -0.245301 -0.121754
-0.748319 -0.577602 0.326182
-0.927936 -0.344270 -0.113791
-0.655660 -0.733807 0.177868
0.652465 -0.700907 0.288129
0.903166 -0.332498 0.007763
0.693755 -0.531590 0.485918
0.014066 -0.878872 0.476850
0.935007 0.354628 0.000784
-0.652608 0.581877 -0.485306
-0.521784 0.776779 -0.332819
-0.879336 0.365695 0.305018
-0.978444 0.206264 -0.010093
0.026532 -0.584700 0.810815
0.716167 0.301250 0.629567
59
0 0 2 1 0 2 1 1
0 3 5 4 3 5 4 1
0 6 8 7 6 8 7 1
0 6 9 8 6 9 8 1
0 2 11 10 2 11 10 1
0 5 13 12 5 13 12 1
0 5 14 13 5 14 13 1
0 15 11 0 15 11 0 1
0 12 17 16 12 17 16 1
0 18 15 0 18 15 0 1
0 1 19 0 1 19 0 1
0 17 21 20 17 21 20 1
0 17 22 21 17 22 21 1
0 17 18 22 17 18 22 1
0 23 25 24 23 25 24 1
0 26 28 27 26 28 27 1
0 23 29 25 23 29 25 1
0 29 28 26 29 28 26 1
0 30 2 10 30 2 10 1
0 9 28 1 9 28 1 1
0 19 18 0 19 18 0 1
0 7 12 16 7 12 16 1
0 12 32 31 12 32 31 1
0 12 33 32 12 33 32 1
0 34 17 31 34 17 31 1
0 18 17 34 18 17 34 1
0 23 22 18 23 22 18 1
0 23 24 22 23 24 22 1
0 8 12 7 8 12 7 1
0 5 11 14 5 11 14 1
0 12 31 17 12 31 17 1
0 1 8 9 1 8 9 1
0 2 8 1 2 8 1 1
0 11 13 14 11 13 14 1
0 15 32 33 15 32 33 1
0 15 31 32 15 31 32 1
0 5 12 8 5 12 8 1
0 4 5 8 4 5 8 1
0 15 34 31 15 34 31 1
0 15 18 34 15 18 34 1
0 33 11 15 33 11 15 1
0 11 2 0 11 2 0 1
0 2 30 8 2 30 8 1
0 30 4 8 30 4 8 1
0 18 35 23 18 35 23 1
0 1 35 19 1 35 19 1
0 35 18 19 35 18 19 1
0 35 1 28 35 1 28 1
0 28 9 27 28 9 27 1
0 13 33 12 13 33 12 1
0 11 33 13 11 33 13 1
0 10 36 30 10 36 30 1
0 29 23 35 29 23 35 1
0 28 29 35 28 29 35 1
0 36 3 30 36 3 30 1
0 36 10 11 36 10 11 1
0 3 36 11 3 36 11 1
0 5 3 11 5 3 11 1
0 30 3 4 30 3 4 1

Materials: 13
"Material0"
0.000000 0.000000 0.000000 1.000000
0.000000 0.000000 0.000000 1.000000
1.000000 1.000000 1.000000 1.000000
1.000000 1.000000 1.000000 1.000000
0.000000
1.000000
""
""
"Material1"
1.000000 1.000000 0.887006 1.000000
1.000000 1.000000 0.887006 1.000000
0.000000 0.000000 0.000000 1.000000
0.000000 0.000000 0.000000 1.000000
0.000000
1.000000
""
""
"Material2"
0.000000 0.000000 0.000000 1.000000
0.000000 0.000000 0.000000 1.000000
0.000000 0.000000 0.000000 1.000000
0.000000 0.000000 0.000000 1.000000
0.000000
1.000000
""
""
"Material3"
1.000000 0.875706 0.649717 1.000000
1.000000 0.875707 0.655367 1.000000
0.000000 0.000000 0.000000 1.000000
0.000000 0.000000 0.000000 1.000000
0.000000
1.000000
""
""
"Material4"
1.000000 0.811765 0.623529 1.000000
1.000000 0.811765 0.623529 1.000000
0.000000 0.000000 0.000000 1.000000
0.000000 0.000000 0.000000 1.000000
0.000000
1.000000
""
""
"Material5"
1.000000 1.000000 1.000000 1.000000
1.000000 1.000000 1.000000 1.000000
0.000000 0.000000 0.000000 1.000000
0.000000 0.000000 0.000000 1.000000
0.000000
1.000000
"t5_bikerpants.bmp"
""
"Material6"
1.000000 1.000000 1.000000 1.000000
1.000000 1.000000 1.000000 1.000000
0.000000 0.000000 0.000000 1.000000
0.000000 0.000000 0.000000 1.000000
0.000000
1.000000
"face.ini"
""
"Material7"
1.000000 1.000000 1.000000 1.000000
1.000000 1.000000 1.000000 1.000000
0.000000 0.000000 0.000000 1.000000
0.000000 0.000000 0.000000 1.000000
0.000000
1.000000
"t8_zach.bmp"
""
"Material8"
1.000000 1.000000 1.000000 1.000000
1.000000 1.000000 1.000000 1.000000
0.000000 0.000000 0.000000 1.000000
0.000000 0.000000 0.000000 1.000000
0.000000
1.000000
"t9_zach.bmp"
""
"Material9"
1.000000 1.000000 1.000000 1.000000
1.000000 1.000000 1.000000 1.000000
1.000000 1.000000 1.000000 1.000000
1.000000 1.000000 1.000000 1.000000
0.000000
1.000000
"t5_bikerpants.bmp"
""
"Material10"
1.000000 1.000000 1.000000 1.000000
1.000000 1.000000 1.000000 1.000000
1.000000 1.000000 1.000000 1.000000
1.000000 1.000000 1.000000 1.000000
0.000000
1.000000
"bikermjacket8.bmp"
""
"Material11"
1.000000 1.000000 1.000000 1.000000
1.000000 1.000000 1.000000 1.000000
0.000000 0.000000 0.000000 1.000000
0.000000 0.000000 0.000000 1.000000
0.000000
1.000000
"FutreMchest6.bmp"
""
"Material12"
1.000000 1.000000 1.000000 1.000000
1.000000 1.000000 1.000000 1.000000
0.000000 0.000000 0.000000 1.000000
0.000000 0.000000 0.000000 1.000000
0.000000
1.000000
"bikermbelt.bmp"
""

Bones: 16
"torso"
""
8 0 0 0 0 0 0
0
0
"head"
""
8 0 0 0 0 0 0
0
0
"pelvis"
""
8 0 0 0 0 0 0
0
0
"r lower arm"
""
8 0 0 0 0 0 0
0
0
"r foot"
""
8 0 0 0 0 0 0
0
0
"r hand"
""
8 0 0 0 0 0 0
0
0
"r leg"
""
8 0 0 0 0 0 0
0
0
"r thigh"
""
8 0 0 0 0 0 0
0
0
"r upper arm"
""
8 0 0 0 0 0 0
0
0
"neck"
""
8 0 0 0 0 0 0
0
0
"l lower arm"
""
8 0 0 0 0 0 0
0
0
"l foot"
""
8 0 0 0 0 0 0
0
0
"l hand"
""
8 0 0 0 0 0 0
0
0
"l leg"
""
8 0 0 0 0 0 0
0
0
"l thigh"
""
8 0 0 0 0 0 0
0
0
"l upper arm"
""
8 0 0 0 0 0 0
0
0
