// MilkShape 3D ASCII

Frames: 1
Frame: 1

Meshes: 11
"Mesh0" 0 0
112
0 -0.866123 1.002508 0.076713 0.000000 0.000000 0
0 -0.646764 1.058604 0.563971 0.000000 0.000000 0
0 -0.666212 0.905774 -0.573184 0.000000 0.000000 0
0 -0.666212 0.905774 -0.573184 0.000000 0.000000 0
0 0.000000 0.854725 -0.530599 0.000000 0.000000 0
0 0.000000 2.514778 -0.751748 0.000000 0.000000 0
0 0.726636 2.391002 -0.889855 0.000000 0.000000 0
0 1.089365 2.463907 0.180250 0.000000 0.000000 0
0 0.665847 0.903702 -0.572326 0.000000 0.000000 0
0 0.726636 2.391002 -0.889855 0.000000 0.000000 0
0 0.665847 0.903702 -0.572326 0.000000 0.000000 0
0 0.866123 1.002508 0.076713 0.000000 0.000000 0
0 -0.712920 2.391002 -0.889854 0.000000 0.000000 0
0 -0.712920 2.391002 -0.889854 0.000000 0.000000 0
0 -1.089365 2.463907 0.180250 0.000000 0.000000 0
0 1.145152 2.777020 0.666661 0.000000 0.000000 0
0 0.646764 1.058604 0.563971 0.000000 0.000000 0
0 -1.145152 2.777020 0.666661 0.000000 0.000000 0
0 0.000000 1.049641 0.717363 0.000000 0.000000 0
0 -1.145152 2.777020 0.666661 0.000000 0.000000 0
0 0.000000 2.702405 0.952012 0.000000 0.000000 0
0 1.145152 2.777020 0.666661 0.000000 0.000000 0
0 1.022560 2.813318 -0.263996 0.000000 0.000000 0
0 -1.022560 2.813318 -0.263997 0.000000 0.000000 0
0 -1.145152 2.777020 0.666661 0.000000 0.000000 0
0 -1.089602 3.362567 0.559066 0.000000 0.000000 0
0 -1.089365 2.463907 0.180250 0.000000 0.000000 0
0 -1.045472 3.384828 -0.006936 0.000000 0.000000 0
0 -1.022560 2.813318 -0.263997 0.000000 0.000000 0
0 -0.829611 0.552569 -0.496288 0.000000 0.000000 2
0 0.829612 0.552569 -0.546288 0.000000 0.000000 2
0 0.971569 -0.733333 -0.413034 0.000000 0.000000 2
0 0.274780 -1.583333 -0.313034 0.000000 0.000000 2
0 -0.274781 -1.583333 -0.313034 0.000000 0.000000 2
0 -0.971569 -0.733333 -0.413034 0.000000 0.000000 2
0 -1.003062 -0.733333 0.817736 0.000000 0.000000 2
0 -0.281653 -1.733333 0.775336 0.000000 0.000000 2
0 0.281653 -1.733333 0.775336 0.000000 0.000000 2
0 1.003062 -0.733333 0.817736 0.000000 0.000000 2
0 -0.071761 -1.683330 0.196078 0.000000 0.000000 2
0 0.071761 -1.683330 0.196078 0.000000 0.000000 2
0 1.061970 0.596377 0.073327 0.000000 0.000000 2
0 -0.731985 0.588121 0.716148 0.000000 0.000000 2
0 -1.061970 0.596377 0.073327 0.000000 0.000000 2
0 0.000000 0.620078 0.931617 0.000000 0.000000 2
0 0.000000 0.554633 -0.669494 0.000000 0.000000 2
0 0.731985 0.588121 0.716148 0.000000 0.000000 2
0 -0.829611 0.552569 -0.496288 0.000000 0.000000 2
0 0.829612 0.552569 -0.546288 0.000000 0.000000 2
0 0.297150 -2.625101 -0.558467 0.000000 0.000000 6
0 0.457845 -2.625101 -0.035511 0.000000 0.000000 6
0 -0.420552 -2.625101 -0.004650 0.000000 0.000000 6
0 -0.217813 -2.625102 -0.537917 0.000000 0.000000 6
0 -0.500190 -3.525100 -0.442636 0.000000 0.000000 6
0 -0.194454 -2.625102 0.482390 0.000000 0.000000 6
0 -0.223513 -3.525101 0.646783 0.000000 0.000000 6
0 0.406752 -3.525100 0.615818 0.000000 0.000000 6
0 0.275417 -2.625102 0.461840 0.000000 0.000000 6
0 0.010939 -3.525100 -0.758020 0.000000 0.000000 6
0 0.358614 -1.164474 -0.604416 0.000000 0.000000 6
0 0.611751 -1.284206 0.002376 0.000000 0.000000 6
0 0.457845 -2.625101 -0.035511 0.000000 0.000000 6
0 0.297150 -2.625101 -0.558467 0.000000 0.000000 6
0 -0.217813 -2.625102 -0.537917 0.000000 0.000000 6
0 -0.515135 -1.149325 0.036193 0.000000 0.000000 6
0 -0.254884 -1.060246 -0.586006 0.000000 0.000000 6
0 -0.515135 -1.149325 0.036193 0.000000 0.000000 6
0 -0.420552 -2.625101 -0.004650 0.000000 0.000000 6
0 -0.194454 -2.625102 0.482390 0.000000 0.000000 6
0 0.314077 -1.279977 0.617322 0.000000 0.000000 6
0 -0.265814 -1.203612 0.634725 0.000000 0.000000 6
0 0.275417 -2.625102 0.461840 0.000000 0.000000 6
0 0.611751 -1.284206 0.002376 0.000000 0.000000 6
0 0.457845 -2.625101 -0.035511 0.000000 0.000000 6
0 -0.420552 -2.625101 -0.004650 0.000000 0.000000 6
0 0.531645 -3.525100 -0.473601 0.000000 0.000000 6
0 0.465555 -0.759570 -0.192603 0.000000 0.000000 8
0 0.146950 -0.098025 -0.420057 0.000000 0.000000 8
0 -0.413530 -0.089189 0.548027 0.000000 0.000000 8
0 -0.436798 -0.043133 -0.116871 0.000000 0.000000 8
0 -0.246304 -0.740671 -0.196052 0.000000 0.000000 8
0 -0.243819 -0.743431 0.454058 0.000000 0.000000 8
0 0.137848 -0.108884 0.719096 0.000000 0.000000 8
0 0.454306 -0.775798 0.408765 0.000000 0.000000 8
0 0.592477 -0.298231 0.180358 0.000000 0.000000 8
0 0.217813 -2.625102 -0.537917 0.000000 0.000000 13
0 0.254884 -1.060246 -0.586006 0.000000 0.000000 13
0 0.515135 -1.149325 0.036193 0.000000 0.000000 13
0 0.194454 -2.625102 0.482390 0.000000 0.000000 13
0 0.420552 -2.625101 -0.004650 0.000000 0.000000 13
0 0.515135 -1.149325 0.036193 0.000000 0.000000 13
0 -0.275417 -2.625102 0.461840 0.000000 0.000000 13
0 0.265814 -1.203612 0.634724 0.000000 0.000000 13
0 -0.314077 -1.279977 0.617322 0.000000 0.000000 13
0 -0.457845 -2.625101 -0.035511 0.000000 0.000000 13
0 -0.611751 -1.284206 0.002376 0.000000 0.000000 13
0 0.420552 -2.625101 -0.004650 0.000000 0.000000 13
0 -0.457845 -2.625101 -0.035511 0.000000 0.000000 13
0 -0.297150 -2.625101 -0.558467 0.000000 0.000000 13
0 -0.531646 -3.525100 -0.473601 0.000000 0.000000 13
0 0.500190 -3.525100 -0.442636 0.000000 0.000000 13
0 0.217813 -2.625102 -0.537917 0.000000 0.000000 13
0 0.420552 -2.625101 -0.004650 0.000000 0.000000 13
0 -0.275417 -2.625102 0.461840 0.000000 0.000000 13
0 -0.406752 -3.525100 0.615818 0.000000 0.000000 13
0 0.223513 -3.525101 0.646783 0.000000 0.000000 13
0 0.194454 -2.625102 0.482390 0.000000 0.000000 13
0 -0.010939 -3.525100 -0.758020 0.000000 0.000000 13
0 -0.297150 -2.625101 -0.558467 0.000000 0.000000 13
0 -0.457845 -2.625101 -0.035511 0.000000 0.000000 13
0 -0.611751 -1.284206 0.002376 0.000000 0.000000 13
0 -0.358614 -1.164474 -0.604416 0.000000 0.000000 13
112
-0.995088 0.098802 0.006159
-0.670421 0.107231 0.734192
-0.483837 0.041814 -0.661898
-0.483837 0.041814 -0.661898
0.001187 0.028890 -0.999582
0.000892 0.325673 -0.945482
0.334317 0.105685 -0.749958
-0.012071 -0.037046 -0.082306
0.475583 0.064193 -0.657554
0.334317 0.105685 -0.749958
0.475583 0.064193 -0.657554
0.994413 0.105142 0.009326
-0.331420 0.103829 -0.753684
-0.331420 0.103829 -0.753684
0.012688 -0.037911 -0.084974
0.262516 -0.000934 0.780347
0.670421 0.107232 0.734192
-0.262516 -0.000934 0.780347
0.000000 0.135669 0.990754
-0.262516 -0.000934 0.780347
0.000000 0.051680 0.998664
0.262516 -0.000934 0.780347
0.348081 0.166065 -0.675951
-0.345608 0.161083 -0.679728
-0.262516 -0.000934 0.780347
-0.526642 0.474397 0.559816
0.012688 -0.037911 -0.084974
-0.481684 0.593844 -0.437372
-0.345608 0.161083 -0.679728
-0.527886 0.265288 -0.660213
0.506112 0.309240 -0.664021
-0.122278 -0.462390 0.006816
-0.357269 -0.143336 -0.801259
0.357269 -0.143336 -0.801260
0.122278 -0.462390 0.006816
0.141903 -0.495208 0.047472
0.455819 -0.177770 0.701132
-0.455819 -0.177770 0.701132
-0.141903 -0.495208 0.047472
0.496407 -0.480410 -0.127785
-0.496407 -0.480410 -0.127785
0.836009 0.536214 0.016898
-0.552070 0.488335 0.667060
-0.857803 0.497013 0.014855
0.000000 0.490931 0.867978
-0.012710 0.381911 -0.912336
0.552070 0.488336 0.667060
-0.527886 0.265288 -0.660213
0.506112 0.309240 -0.664021
0.543057 0.091903 -0.834652
0.997386 0.056851 0.044608
-0.995603 0.043076 0.083183
-0.567808 0.067715 -0.820371
-0.811501 0.356247 -0.376272
-0.639520 0.003772 0.768765
-0.750450 0.218996 0.609385
0.716635 0.268506 0.627900
0.575289 0.049607 0.816445
-0.029133 0.448855 -0.813805
0.427435 -0.020640 -0.903811
0.999076 -0.033840 0.026504
0.997386 0.056851 0.044608
0.543057 0.091903 -0.834652
-0.567808 0.067715 -0.820371
-0.999887 0.006428 0.013588
-0.556691 0.051034 -0.829151
-0.999887 0.006428 0.013588
-0.995603 0.043076 0.083183
-0.639520 0.003772 0.768765
0.446529 0.029769 0.894274
-0.629271 0.076000 0.773461
0.575289 0.049607 0.816445
0.999076 -0.033840 0.026504
0.997386 0.056851 0.044608
-0.995603 0.043076 0.083183
0.792081 0.359650 -0.406816
0.741652 -0.134638 -0.657134
0.186674 0.035254 -0.981789
-0.867351 -0.052625 0.494906
-0.855807 -0.008823 -0.517220
-0.639105 -0.189386 -0.745438
-0.578319 -0.273930 0.768446
0.261382 -0.079095 0.961989
0.726957 -0.193226 0.658936
0.998867 0.040627 0.024786
0.567808 0.067715 -0.820371
0.556691 0.051034 -0.829151
0.999887 0.006428 0.013588
0.639520 0.003772 0.768765
0.995603 0.043076 0.083183
0.999887 0.006428 0.013588
-0.575289 0.049607 0.816445
0.629271 0.076000 0.773461
-0.446529 0.029769 0.894274
-0.997386 0.056851 0.044608
-0.999076 -0.033840 0.026504
0.995603 0.043076 0.083183
-0.997386 0.056851 0.044608
-0.543057 0.091903 -0.834652
-0.792081 0.359650 -0.406816
0.811501 0.356247 -0.376272
0.567808 0.067715 -0.820371
0.995603 0.043076 0.083183
-0.575289 0.049607 0.816445
-0.716635 0.268506 0.627900
0.750450 0.218996 0.609385
0.639520 0.003772 0.768765
0.029133 0.448855 -0.813805
-0.543057 0.091903 -0.834652
-0.997386 0.056851 0.044608
-0.999076 -0.033840 0.026504
-0.427435 -0.020640 -0.903810
107
0 0 42 43 0 42 43 1
0 0 1 42 0 1 42 1
0 45 2 29 45 2 29 1
0 3 43 47 3 43 47 1
0 3 0 43 3 0 43 1
0 4 6 5 4 6 5 1
0 7 9 8 7 9 8 1
0 45 10 4 45 10 4 1
0 11 30 41 11 30 41 1
0 11 8 30 11 8 30 1
0 4 12 2 4 12 2 1
0 13 14 3 13 14 3 1
0 11 15 7 11 15 7 1
0 11 16 15 11 16 15 1
0 10 45 48 10 45 48 1
0 2 45 4 2 45 4 1
0 0 3 14 0 3 14 1
0 1 14 17 1 14 17 1
0 1 0 14 1 0 14 1
0 1 44 42 1 44 42 1
0 1 18 44 1 18 44 1
0 18 46 44 18 46 44 1
0 18 16 46 18 16 46 1
0 16 41 46 16 41 46 1
0 16 11 41 16 11 41 1
0 8 11 7 8 11 7 1
0 19 18 1 19 18 1 1
0 19 20 18 19 20 18 1
0 20 16 18 20 16 18 1
0 20 21 16 20 21 16 1
0 6 4 10 6 4 10 1
0 12 4 5 12 4 5 1
0 9 7 22 9 7 22 1
0 14 13 23 14 13 23 1
0 31 33 32 31 33 32 1
0 31 34 33 31 34 33 1
0 35 37 36 35 37 36 1
0 35 38 37 35 38 37 1
0 39 32 33 39 32 33 1
0 39 40 32 39 40 32 1
0 40 36 37 40 36 37 1
0 40 39 36 40 39 36 1
0 59 61 60 59 61 60 1
0 59 62 61 59 62 61 1
0 59 63 62 59 63 62 1
0 64 63 65 64 63 65 1
0 66 68 67 66 68 67 1
0 69 68 70 69 68 70 1
0 69 71 68 69 71 68 1
0 72 71 69 72 71 69 1
0 72 73 71 72 73 71 1
0 63 64 74 63 64 74 1
0 63 59 65 63 59 65 1
0 68 66 70 68 66 70 1
0 75 50 49 75 50 49 1
0 51 53 52 51 53 52 1
0 54 56 55 54 56 55 1
0 54 57 56 54 57 56 1
0 58 52 53 58 52 53 1
0 50 56 57 50 56 57 1
0 50 75 56 50 75 56 1
0 55 51 54 55 51 54 1
0 51 55 53 51 55 53 1
0 49 58 75 49 58 75 1
0 52 58 49 52 58 49 1
0 84 77 76 84 77 76 1
0 78 80 79 78 80 79 1
0 78 81 80 78 81 80 1
0 82 25 24 82 25 24 1
0 82 78 25 82 78 25 1
0 82 26 84 82 26 84 1
0 82 24 26 82 24 26 1
0 27 78 79 27 78 79 1
0 84 83 82 84 83 82 1
0 77 26 28 77 26 28 1
0 77 84 26 77 84 26 1
0 83 84 76 83 84 76 1
0 77 80 76 77 80 76 1
0 78 27 25 78 27 25 1
0 79 28 27 79 28 27 1
0 79 77 28 79 77 28 1
0 81 82 83 81 82 83 1
0 80 77 79 80 77 79 1
0 82 81 78 82 81 78 1
0 108 110 109 108 110 109 1
0 108 111 110 108 111 110 1
0 85 111 108 85 111 108 1
0 85 87 86 85 87 86 1
0 88 90 89 88 90 89 1
0 91 92 88 91 92 88 1
0 91 93 92 91 93 92 1
0 94 93 91 94 93 91 1
0 94 95 93 94 95 93 1
0 87 85 96 87 85 96 1
0 111 85 86 111 85 86 1
0 90 88 92 90 88 92 1
0 97 99 98 97 99 98 1
0 100 102 101 100 102 101 1
0 103 105 104 103 105 104 1
0 103 106 105 103 106 105 1
0 101 107 100 101 107 100 1
0 104 97 103 104 97 103 1
0 99 97 104 99 97 104 1
0 102 105 106 102 105 106 1
0 105 102 100 105 102 100 1
0 107 98 99 107 98 99 1
0 107 101 98 107 101 98 1
"Mesh1" 0 1
0
0
0
"Mesh2" 0 2
192
0 -0.281653 -1.733333 0.775336 0.000000 0.000000 2
0 -0.274781 -1.583333 -0.313034 0.000000 0.000000 2
0 -0.071761 -1.683330 0.196078 0.000000 0.000000 2
0 -1.314954 -0.633333 0.196076 0.000000 0.000000 2
0 -0.971569 -0.733333 -0.413034 0.000000 0.000000 2
0 -0.281653 -1.733333 0.775336 0.000000 0.000000 2
0 -1.003062 -0.733333 0.817736 0.000000 0.000000 2
0 -0.274781 -1.583333 -0.313034 0.000000 0.000000 2
0 -1.314954 -0.633333 0.196076 0.000000 0.000000 2
0 0.281653 -1.733333 0.775336 0.000000 0.000000 2
0 0.274780 -1.583333 -0.313034 0.000000 0.000000 2
0 0.071761 -1.683330 0.196078 0.000000 0.000000 2
0 1.314954 -0.633333 0.196076 0.000000 0.000000 2
0 0.971569 -0.733333 -0.413034 0.000000 0.000000 2
0 1.003062 -0.733333 0.817736 0.000000 0.000000 2
0 0.281653 -1.733333 0.775336 0.000000 0.000000 2
0 0.274780 -1.583333 -0.313034 0.000000 0.000000 2
0 1.314954 -0.633333 0.196076 0.000000 0.000000 2
0 0.370030 -0.631122 0.382336 0.000000 0.000000 3
0 -0.205015 -1.711195 0.293532 0.000000 0.000000 3
0 0.290368 -1.711195 0.293527 0.000000 0.000000 3
0 -0.271660 -0.631122 -0.307148 0.000000 0.000000 3
0 -0.203470 -1.711195 -0.231167 0.000000 0.000000 3
0 0.374923 -0.631122 -0.307186 0.000000 0.000000 3
0 0.293167 -1.711195 -0.231190 0.000000 0.000000 3
0 -0.199538 -2.099071 -0.215148 0.000000 0.000000 3
0 0.044740 -2.293056 0.040391 0.000000 0.000000 3
0 -0.199495 -2.086430 0.288118 0.000000 0.000000 3
0 0.290289 -2.086612 0.288119 0.000000 0.000000 3
0 0.290235 -2.099072 -0.215173 0.000000 0.000000 3
0 -0.276251 -0.631122 0.382359 0.000000 0.000000 3
0 -0.174958 -1.274596 0.406617 0.000000 0.000000 5
0 0.030456 -1.520295 0.355535 0.000000 0.000000 5
0 0.234787 -1.422015 0.355535 0.000000 0.000000 5
0 0.029373 -1.176315 0.406618 0.000000 0.000000 5
0 -0.328206 -0.881476 0.457699 0.000000 0.000000 5
0 -0.161832 0.003346 0.321769 0.000000 0.000000 5
0 -0.239928 0.003346 0.048437 0.000000 0.000000 5
0 0.234788 -1.422015 -0.359625 0.000000 0.000000 5
0 0.030456 -1.520295 -0.359625 0.000000 0.000000 5
0 -0.123875 -0.783195 0.457700 0.000000 0.000000 5
0 0.026893 0.221063 0.050002 0.000000 0.000000 5
0 0.438036 -1.176315 -0.615039 0.000000 0.000000 5
0 0.438036 -1.176315 -0.359625 0.000000 0.000000 5
0 0.284787 -1.176315 -0.359625 0.000000 0.000000 5
0 0.284787 -1.176315 -0.615038 0.000000 0.000000 5
0 -0.328206 -0.881476 -0.461791 0.000000 0.000000 5
0 -0.123875 -0.783195 -0.461791 0.000000 0.000000 5
0 0.131539 -0.684915 -0.359625 0.000000 0.000000 5
0 -0.174958 -1.274595 -0.410708 0.000000 0.000000 5
0 0.029373 -1.176315 -0.410707 0.000000 0.000000 5
0 0.306738 0.003346 0.321769 0.000000 0.000000 5
0 0.438035 -0.586636 -0.359624 0.000000 0.000000 5
0 0.438036 -0.586636 -0.615039 0.000000 0.000000 5
0 0.306738 0.003345 -0.237895 0.000000 0.000000 5
0 -0.161832 0.003345 -0.237896 0.000000 0.000000 5
0 0.131539 -0.684916 -0.615039 0.000000 0.000000 5
0 0.611751 -1.284206 0.002376 0.000000 0.000000 6
0 0.358614 -1.164474 -0.604416 0.000000 0.000000 6
0 0.314077 -1.279977 0.617322 0.000000 0.000000 6
0 0.611751 -1.284206 0.002376 0.000000 0.000000 6
0 -0.265814 -1.203612 0.634725 0.000000 0.000000 6
0 0.314077 -1.279977 0.617322 0.000000 0.000000 6
0 -0.515135 -1.149325 0.036193 0.000000 0.000000 6
0 -0.254884 -1.060246 -0.586006 0.000000 0.000000 6
0 0.358614 -1.164474 -0.604416 0.000000 0.000000 6
0 -0.515135 -1.149325 0.036193 0.000000 0.000000 6
0 0.365642 -4.028666 -0.573349 0.000000 0.000000 7
0 0.365642 -4.028666 -0.573349 0.000000 0.000000 7
0 -0.334044 -4.028666 -0.043586 0.000000 0.000000 7
0 0.577204 -4.028666 -0.043586 0.000000 0.000000 7
0 -0.325639 -0.352504 0.700070 0.000000 0.000000 7
0 0.570447 -1.554968 0.695432 0.000000 0.000000 7
0 -0.089770 -4.028666 0.410137 0.000000 0.000000 7
0 -0.089770 -4.028666 0.410137 0.000000 0.000000 7
0 0.478740 -1.554968 -0.797891 0.000000 0.000000 7
0 0.365642 -4.028666 -0.573349 0.000000 0.000000 7
0 -0.089769 -4.028666 -0.573349 0.000000 0.000000 7
0 0.365642 -4.028666 0.410137 0.000000 0.000000 7
0 0.577204 -4.028666 -0.043586 0.000000 0.000000 7
0 0.722085 -1.604968 -0.055882 0.000000 0.000000 7
0 -0.309231 -0.352504 -0.785304 0.000000 0.000000 7
0 0.577204 -4.028666 -0.043586 0.000000 0.000000 7
0 -0.334044 -4.028666 -0.043586 0.000000 0.000000 7
0 -0.089769 -4.028666 -0.573349 0.000000 0.000000 7
0 -0.680829 -0.252504 -0.054571 0.000000 0.000000 7
0 -0.325639 -0.352504 0.700070 0.000000 0.000000 7
0 0.365642 -4.028666 0.410137 0.000000 0.000000 7
0 -0.309231 -0.352504 -0.785304 0.000000 0.000000 7
0 -0.680829 -0.252504 -0.054571 0.000000 0.000000 7
0 -0.334044 -4.028666 -0.043586 0.000000 0.000000 7
0 -0.680829 -0.252504 -0.054571 0.000000 0.000000 7
0 0.365642 -4.028666 0.410137 0.000000 0.000000 7
0 -0.264930 -3.082265 0.430093 0.000000 0.000000 8
0 0.483516 -3.082276 0.430050 0.000000 0.000000 8
0 0.414284 -1.034836 0.411446 0.000000 0.000000 8
0 0.491054 -3.096969 -0.270565 0.000000 0.000000 8
0 0.425543 -1.035709 -0.202916 0.000000 0.000000 8
0 -0.204351 -1.030006 -0.206282 0.000000 0.000000 8
0 -0.254878 -3.096954 -0.270522 0.000000 0.000000 8
0 0.483516 -3.082276 0.430050 0.000000 0.000000 8
0 0.491054 -3.096969 -0.270565 0.000000 0.000000 8
0 -0.254878 -3.096954 -0.270522 0.000000 0.000000 8
0 -0.264930 -3.082265 0.430093 0.000000 0.000000 8
0 -0.203581 -1.030201 0.450768 0.000000 0.000000 8
0 -0.044740 -2.293056 0.040391 0.000000 0.000000 10
0 0.199538 -2.099071 -0.215148 0.000000 0.000000 10
0 -0.290289 -2.086612 0.288119 0.000000 0.000000 10
0 -0.290235 -2.099072 -0.215173 0.000000 0.000000 10
0 -0.370030 -0.631122 0.382336 0.000000 0.000000 10
0 0.276251 -0.631122 0.382359 0.000000 0.000000 10
0 -0.290368 -1.711195 0.293527 0.000000 0.000000 10
0 0.205015 -1.711195 0.293532 0.000000 0.000000 10
0 0.271660 -0.631122 -0.307148 0.000000 0.000000 10
0 0.203470 -1.711195 -0.231167 0.000000 0.000000 10
0 -0.374923 -0.631122 -0.307186 0.000000 0.000000 10
0 -0.293167 -1.711195 -0.231190 0.000000 0.000000 10
0 0.199495 -2.086430 0.288118 0.000000 0.000000 10
0 -0.234788 -1.422015 -0.359625 0.000000 0.000000 12
0 0.123875 -0.783195 0.457700 0.000000 0.000000 12
0 -0.026893 0.221063 0.050002 0.000000 0.000000 12
0 -0.284787 -1.176315 -0.615038 0.000000 0.000000 12
0 -0.284788 -1.176315 -0.359625 0.000000 0.000000 12
0 -0.438036 -1.176315 -0.359625 0.000000 0.000000 12
0 -0.438036 -1.176315 -0.615039 0.000000 0.000000 12
0 0.123875 -0.783195 -0.461791 0.000000 0.000000 12
0 0.328206 -0.881476 -0.461791 0.000000 0.000000 12
0 -0.131539 -0.684915 -0.359625 0.000000 0.000000 12
0 0.174958 -1.274595 -0.410708 0.000000 0.000000 12
0 -0.029373 -1.176315 -0.410708 0.000000 0.000000 12
0 -0.438036 -0.586635 -0.615039 0.000000 0.000000 12
0 -0.438035 -0.586635 -0.359624 0.000000 0.000000 12
0 -0.306738 0.003346 0.321769 0.000000 0.000000 12
0 -0.306738 0.003345 -0.237895 0.000000 0.000000 12
0 -0.131539 -0.684915 -0.615039 0.000000 0.000000 12
0 0.161832 0.003345 -0.237896 0.000000 0.000000 12
0 -0.029373 -1.176315 0.406617 0.000000 0.000000 12
0 -0.234787 -1.422015 0.355535 0.000000 0.000000 12
0 -0.030456 -1.520295 0.355534 0.000000 0.000000 12
0 0.174958 -1.274596 0.406617 0.000000 0.000000 12
0 0.239928 0.003346 0.048437 0.000000 0.000000 12
0 0.161832 0.003346 0.321769 0.000000 0.000000 12
0 0.328206 -0.881476 0.457699 0.000000 0.000000 12
0 -0.030456 -1.520295 -0.359625 0.000000 0.000000 12
0 0.265814 -1.203612 0.634724 0.000000 0.000000 13
0 0.515135 -1.149325 0.036193 0.000000 0.000000 13
0 0.254884 -1.060246 -0.586006 0.000000 0.000000 13
0 -0.358614 -1.164474 -0.604416 0.000000 0.000000 13
0 0.515135 -1.149325 0.036193 0.000000 0.000000 13
0 -0.358614 -1.164474 -0.604416 0.000000 0.000000 13
0 -0.611751 -1.284206 0.002376 0.000000 0.000000 13
0 -0.611751 -1.284206 0.002376 0.000000 0.000000 13
0 -0.314077 -1.279977 0.617322 0.000000 0.000000 13
0 -0.314077 -1.279977 0.617322 0.000000 0.000000 13
0 0.089769 -4.028666 -0.573349 0.000000 0.000000 14
0 -0.365642 -4.028666 -0.573349 0.000000 0.000000 14
0 -0.478740 -1.554968 -0.797891 0.000000 0.000000 14
0 -0.722085 -1.604968 -0.055882 0.000000 0.000000 14
0 -0.577204 -4.028666 -0.043586 0.000000 0.000000 14
0 -0.365642 -4.028666 0.410137 0.000000 0.000000 14
0 0.309231 -0.352504 -0.785304 0.000000 0.000000 14
0 -0.365642 -4.028666 -0.573349 0.000000 0.000000 14
0 0.089770 -4.028666 0.410137 0.000000 0.000000 14
0 0.325639 -0.352504 0.700070 0.000000 0.000000 14
0 0.680829 -0.252504 -0.054571 0.000000 0.000000 14
0 0.089769 -4.028666 -0.573349 0.000000 0.000000 14
0 0.680829 -0.252504 -0.054571 0.000000 0.000000 14
0 0.309231 -0.352504 -0.785304 0.000000 0.000000 14
0 -0.365642 -4.028666 0.410137 0.000000 0.000000 14
0 0.680829 -0.252504 -0.054571 0.000000 0.000000 14
0 0.334044 -4.028666 -0.043586 0.000000 0.000000 14
0 0.334044 -4.028666 -0.043586 0.000000 0.000000 14
0 -0.365642 -4.028666 0.410137 0.000000 0.000000 14
0 -0.365642 -4.028666 -0.573349 0.000000 0.000000 14
0 -0.577204 -4.028666 -0.043586 0.000000 0.000000 14
0 0.334044 -4.028666 -0.043586 0.000000 0.000000 14
0 -0.577204 -4.028666 -0.043586 0.000000 0.000000 14
0 -0.570447 -1.554968 0.695432 0.000000 0.000000 14
0 0.325639 -0.352504 0.700070 0.000000 0.000000 14
0 0.089770 -4.028666 0.410137 0.000000 0.000000 14
0 -0.491054 -3.096969 -0.270565 0.000000 0.000000 15
0 0.254878 -3.096954 -0.270522 0.000000 0.000000 15
0 0.264930 -3.082265 0.430094 0.000000 0.000000 15
0 -0.483516 -3.082276 0.430050 0.000000 0.000000 15
0 -0.414284 -1.034836 0.411446 0.000000 0.000000 15
0 -0.483516 -3.082276 0.430050 0.000000 0.000000 15
0 0.264930 -3.082265 0.430094 0.000000 0.000000 15
0 0.203581 -1.030201 0.450768 0.000000 0.000000 15
0 -0.425543 -1.035709 -0.202916 0.000000 0.000000 15
0 -0.491054 -3.096969 -0.270565 0.000000 0.000000 15
0 0.254878 -3.096954 -0.270522 0.000000 0.000000 15
0 0.204351 -1.030006 -0.206282 0.000000 0.000000 15
192
0.455819 -0.177770 0.701132
0.357269 -0.143336 -0.801260
0.496407 -0.480410 -0.127785
-0.109305 -0.239341 0.005215
0.122278 -0.462390 0.006816
0.455819 -0.177770 0.701132
0.141903 -0.495208 0.047472
0.357269 -0.143336 -0.801260
-0.109305 -0.239341 0.005215
-0.455819 -0.177770 0.701132
-0.357269 -0.143336 -0.801259
-0.496407 -0.480410 -0.127785
0.109305 -0.239341 0.005215
-0.122278 -0.462390 0.006816
-0.141903 -0.495208 0.047472
-0.455819 -0.177770 0.701132
-0.357269 -0.143336 -0.801259
0.109305 -0.239341 0.005215
0.699354 -0.106384 0.706814
-0.707126 -0.061288 0.704426
0.704287 -0.061652 0.707233
-0.702934 -0.061584 -0.708584
-0.704648 -0.066385 -0.706445
0.706363 -0.084066 -0.702840
0.707174 -0.067246 -0.703834
-0.584410 -0.580457 -0.567040
-0.000787 -0.999715 0.023873
-0.582237 -0.558532 0.590798
0.581945 -0.556749 0.592765
0.585139 -0.579558 -0.567208
-0.707187 -0.085323 0.701859
-0.557674 -0.445616 0.700304
-0.133444 -0.855714 0.499946
0.765893 -0.244698 0.594585
0.652289 0.268457 0.708837
-0.790177 0.003035 0.612871
-0.406143 0.518812 0.752251
-0.892149 0.451719 0.004531
0.765893 -0.244697 -0.594584
-0.133444 -0.855714 -0.499947
0.546009 -0.199903 0.813580
-0.160016 0.987085 0.007660
0.577349 -0.577352 -0.577350
0.577348 -0.577351 0.577352
-0.503467 -0.684391 0.527380
-0.503468 -0.684391 -0.527379
-0.799530 0.036447 -0.599520
0.185039 -0.083616 -0.979168
0.163898 -0.774333 0.611185
-0.422233 -0.379053 -0.823431
0.652290 0.268457 -0.708836
0.805905 0.224587 0.547794
0.785950 -0.176959 0.592426
0.675302 0.336691 -0.656205
0.500184 0.736896 -0.454753
-0.394000 0.535145 -0.747251
-0.424103 -0.196480 -0.884043
0.999076 -0.033840 0.026504
0.427435 -0.020640 -0.903811
0.446529 0.029769 0.894274
0.999076 -0.033840 0.026504
-0.629271 0.076000 0.773461
0.446529 0.029769 0.894274
-0.999887 0.006428 0.013588
-0.556691 0.051034 -0.829151
0.427435 -0.020640 -0.903811
-0.999887 0.006428 0.013588
0.483717 -0.009814 -0.844782
0.483717 -0.009814 -0.844782
-0.983800 0.081112 0.070618
0.998824 -0.004446 0.028535
-0.564688 0.051457 0.823699
0.523580 -0.013478 0.851870
-0.340214 0.039983 0.926934
-0.340214 0.039983 0.926934
0.603956 0.005041 -0.797002
0.483717 -0.009814 -0.844782
-0.544320 0.003390 -0.833317
0.606774 0.032064 0.775983
0.998824 -0.004446 0.028535
0.999410 -0.024146 0.024436
-0.333070 0.078159 -0.939657
0.998824 -0.004446 0.028535
-0.983800 0.081112 0.070618
-0.544320 0.003390 -0.833317
-0.982834 0.037096 -0.180727
-0.564688 0.051457 0.823699
0.606774 0.032064 0.775983
-0.333070 0.078159 -0.939657
-0.982834 0.037096 -0.180727
-0.983800 0.081112 0.070618
-0.982834 0.037096 -0.180727
0.606774 0.032064 0.775983
-0.703873 -0.023873 0.708566
0.704947 -0.040256 0.705307
0.715634 -0.040247 0.697315
0.709574 -0.009860 -0.702345
0.711985 -0.016846 -0.701992
-0.703009 -0.016224 -0.710996
-0.702949 0.006691 -0.710343
0.704947 -0.040256 0.705307
0.709574 -0.009860 -0.702345
-0.702949 0.006691 -0.710343
-0.703873 -0.023873 0.708566
-0.688852 -0.041959 0.723686
0.000787 -0.999715 0.023873
0.584410 -0.580457 -0.567040
-0.581945 -0.556749 0.592765
-0.585139 -0.579558 -0.567208
-0.699355 -0.106384 0.706814
0.707187 -0.085323 0.701859
-0.704287 -0.061652 0.707233
0.707126 -0.061288 0.704426
0.702934 -0.061584 -0.708584
0.704648 -0.066385 -0.706445
-0.706363 -0.084066 -0.702840
-0.707174 -0.067246 -0.703834
0.582237 -0.558532 0.590798
-0.765893 -0.244697 -0.594584
-0.546009 -0.199903 0.813580
0.160016 0.987085 0.007660
0.503468 -0.684391 -0.527379
0.503467 -0.684391 0.527380
-0.577348 -0.577351 0.577352
-0.577349 -0.577352 -0.577350
-0.185039 -0.083615 -0.979168
0.799530 0.036447 -0.599520
-0.163898 -0.774333 0.611184
0.422233 -0.379053 -0.823431
-0.652290 0.268457 -0.708836
-0.675302 0.336692 -0.656205
-0.785950 -0.176958 0.592426
-0.805905 0.224587 0.547794
-0.500184 0.736896 -0.454753
0.424103 -0.196480 -0.884043
0.394000 0.535145 -0.747251
-0.652289 0.268457 0.708837
-0.765893 -0.244698 0.594585
0.133444 -0.855714 0.499946
0.557674 -0.445616 0.700304
0.892149 0.451718 0.004531
0.406143 0.518812 0.752252
0.790177 0.003035 0.612871
0.133444 -0.855713 -0.499947
0.629271 0.076000 0.773461
0.999887 0.006428 0.013588
0.556691 0.051034 -0.829151
-0.427435 -0.020640 -0.903810
0.999887 0.006428 0.013588
-0.427435 -0.020640 -0.903810
-0.999076 -0.033840 0.026504
-0.999076 -0.033840 0.026504
-0.446529 0.029769 0.894274
-0.446529 0.029769 0.894274
0.544320 0.003390 -0.833317
-0.483717 -0.009814 -0.844781
-0.603956 0.005041 -0.797002
-0.999410 -0.024146 0.024436
-0.998824 -0.004446 0.028536
-0.606774 0.032064 0.775984
0.333070 0.078159 -0.939657
-0.483717 -0.009814 -0.844781
0.340215 0.039983 0.926934
0.564688 0.051457 0.823699
0.982834 0.037096 -0.180727
0.544320 0.003390 -0.833317
0.982834 0.037096 -0.180727
0.333070 0.078159 -0.939657
-0.606774 0.032064 0.775984
0.982834 0.037096 -0.180727
0.983800 0.081112 0.070618
0.983800 0.081112 0.070618
-0.606774 0.032064 0.775984
-0.483717 -0.009814 -0.844781
-0.998824 -0.004446 0.028536
0.983800 0.081112 0.070618
-0.998824 -0.004446 0.028536
-0.523580 -0.013478 0.851870
0.564688 0.051457 0.823699
0.340215 0.039983 0.926934
-0.709574 -0.009860 -0.702345
0.702949 0.006691 -0.710343
0.703873 -0.023873 0.708567
-0.704947 -0.040256 0.705307
-0.715634 -0.040247 0.697315
-0.704947 -0.040256 0.705307
0.703873 -0.023873 0.708567
0.688852 -0.041959 0.723686
-0.711985 -0.016846 -0.701992
-0.709574 -0.009860 -0.702345
0.702949 0.006691 -0.710343
0.703009 -0.016224 -0.710996
240
0 25 27 26 25 27 26 1
0 28 26 27 28 26 27 1
0 29 26 28 29 26 28 1
0 25 26 29 25 26 29 1
0 30 100 18 30 100 18 1
0 30 103 100 30 103 100 1
0 19 18 20 19 18 20 1
0 19 30 18 19 30 18 1
0 20 27 19 20 27 19 1
0 20 28 27 20 28 27 1
0 21 103 30 21 103 30 1
0 21 102 103 21 102 103 1
0 22 30 19 22 30 19 1
0 22 21 30 22 21 30 1
0 19 25 22 19 25 22 1
0 19 27 25 19 27 25 1
0 23 102 21 23 102 21 1
0 23 101 102 23 101 102 1
0 24 21 22 24 21 22 1
0 24 23 21 24 23 21 1
0 22 29 24 22 29 24 1
0 22 25 29 22 25 29 1
0 18 101 23 18 101 23 1
0 18 100 101 18 100 101 1
0 20 23 24 20 23 24 1
0 20 18 23 20 18 23 1
0 24 28 20 24 28 20 1
0 24 29 28 24 29 28 1
0 51 53 52 51 53 52 1
0 51 54 53 51 54 53 1
0 55 56 53 55 56 53 1
0 31 33 32 31 33 32 1
0 31 34 33 31 34 33 1
0 35 37 36 35 37 36 1
0 38 32 33 38 32 33 1
0 38 39 32 38 39 32 1
0 34 35 40 34 35 40 1
0 34 31 35 34 31 35 1
0 41 37 55 41 37 55 1
0 42 44 43 42 44 43 1
0 42 45 44 42 45 44 1
0 46 47 55 46 47 55 1
0 41 54 51 41 54 51 1
0 41 51 36 41 51 36 1
0 41 55 54 41 55 54 1
0 48 51 52 48 51 52 1
0 52 44 48 52 44 48 1
0 52 43 44 52 43 44 1
0 31 46 35 31 46 35 1
0 31 49 46 31 49 46 1
0 48 45 56 48 45 56 1
0 48 44 45 48 44 45 1
0 50 39 38 50 39 38 1
0 50 49 39 50 49 39 1
0 56 42 53 56 42 53 1
0 56 45 42 56 45 42 1
0 49 50 47 49 50 47 1
0 37 41 36 37 41 36 1
0 55 47 56 55 47 56 1
0 49 32 39 49 32 39 1
0 49 31 32 49 31 32 1
0 49 47 46 49 47 46 1
0 43 53 42 43 53 42 1
0 43 52 53 43 52 53 1
0 40 35 36 40 35 36 1
0 37 35 46 37 35 46 1
0 55 53 54 55 53 54 1
0 48 40 51 48 40 51 1
0 34 38 33 34 38 33 1
0 34 50 38 34 50 38 1
0 40 36 51 40 36 51 1
0 40 56 47 40 56 47 1
0 40 48 56 40 48 56 1
0 37 46 55 37 46 55 1
0 40 50 34 40 50 34 1
0 40 47 50 40 47 50 1
0 68 57 70 68 57 70 1
0 68 58 57 68 58 57 1
0 82 59 92 82 59 92 1
0 82 60 59 82 60 59 1
0 73 62 61 73 62 61 1
0 69 61 63 69 61 63 1
0 83 64 84 83 64 84 1
0 67 64 65 67 64 65 1
0 62 73 87 62 73 87 1
0 64 67 84 64 67 84 1
0 61 69 73 61 69 73 1
0 64 83 66 64 83 66 1
0 71 0 72 71 0 72 1
0 72 74 71 72 74 71 1
0 75 77 76 75 77 76 1
0 78 80 79 78 80 79 1
0 77 75 81 77 75 81 1
0 1 81 75 1 81 75 1
0 2 75 80 2 75 80 1
0 0 80 72 0 80 72 1
0 3 86 85 3 86 85 1
0 4 89 88 4 89 88 1
0 77 91 90 77 91 90 1
0 90 71 74 90 71 74 1
0 74 72 78 74 72 78 1
0 5 86 6 5 86 6 1
0 80 78 72 80 78 72 1
0 76 80 75 76 80 75 1
0 75 2 1 75 2 1 1
0 80 76 79 80 76 79 1
0 80 0 2 80 0 2 1
0 88 7 4 88 7 4 1
0 89 4 8 89 4 8 1
0 91 77 81 91 77 81 1
0 86 3 6 86 3 6 1
0 71 90 91 71 90 91 1
0 104 94 93 104 94 93 1
0 104 95 94 104 95 94 1
0 95 96 94 95 96 94 1
0 95 97 96 95 97 96 1
0 98 93 99 98 93 99 1
0 98 104 93 98 104 93 1
0 97 99 96 97 99 96 1
0 97 98 99 97 98 99 1
0 117 106 105 117 106 105 1
0 105 107 117 105 107 117 1
0 105 108 107 105 108 107 1
0 105 106 108 105 106 108 1
0 182 109 183 182 109 183 1
0 182 110 109 182 110 109 1
0 110 111 109 110 111 109 1
0 110 112 111 110 112 111 1
0 107 112 117 107 112 117 1
0 107 111 112 107 111 112 1
0 181 110 182 181 110 182 1
0 181 113 110 181 113 110 1
0 113 112 110 113 112 110 1
0 113 114 112 113 114 112 1
0 117 114 106 117 114 106 1
0 117 112 114 117 112 114 1
0 180 113 181 180 113 181 1
0 180 115 113 180 115 113 1
0 115 114 113 115 114 113 1
0 115 116 114 115 116 114 1
0 106 116 108 106 116 108 1
0 106 114 116 106 114 116 1
0 183 115 180 183 115 180 1
0 183 109 115 183 109 115 1
0 109 116 115 109 116 115 1
0 109 111 116 109 111 116 1
0 108 111 107 108 111 107 1
0 108 116 111 108 116 111 1
0 130 132 131 130 132 131 1
0 133 132 130 133 132 130 1
0 134 135 130 134 135 130 1
0 136 138 137 136 138 137 1
0 136 139 138 136 139 138 1
0 140 142 141 140 142 141 1
0 143 137 138 143 137 138 1
0 143 118 137 143 118 137 1
0 139 119 142 139 119 142 1
0 139 136 119 139 136 119 1
0 140 120 135 140 120 135 1
0 121 123 122 121 123 122 1
0 121 124 123 121 124 123 1
0 125 126 135 125 126 135 1
0 133 120 132 133 120 132 1
0 132 120 141 132 120 141 1
0 135 120 133 135 120 133 1
0 132 127 131 132 127 131 1
0 123 127 122 123 127 122 1
0 123 131 127 123 131 127 1
0 128 142 126 128 142 126 1
0 128 139 142 128 139 142 1
0 122 134 121 122 134 121 1
0 122 127 134 122 127 134 1
0 128 118 143 128 118 143 1
0 128 129 118 128 129 118 1
0 121 130 124 121 130 124 1
0 121 134 130 121 134 130 1
0 129 128 125 129 128 125 1
0 120 140 141 120 140 141 1
0 125 135 134 125 135 134 1
0 139 143 138 139 143 138 1
0 139 128 143 139 128 143 1
0 125 128 126 125 128 126 1
0 131 124 130 131 124 130 1
0 131 123 124 131 123 124 1
0 142 119 141 142 119 141 1
0 142 140 126 142 140 126 1
0 130 135 133 130 135 133 1
0 119 127 132 119 127 132 1
0 129 137 118 129 137 118 1
0 129 136 137 129 136 137 1
0 141 119 132 141 119 132 1
0 127 125 134 127 125 134 1
0 127 119 125 127 119 125 1
0 126 140 135 126 140 135 1
0 125 136 129 125 136 129 1
0 125 119 136 125 119 136 1
0 149 176 150 149 176 150 1
0 149 161 176 149 161 176 1
0 151 172 152 151 172 152 1
0 151 174 172 151 174 172 1
0 153 162 144 153 162 144 1
0 144 175 145 144 175 145 1
0 146 171 165 146 171 165 1
0 146 173 147 146 173 147 1
0 162 153 168 162 153 168 1
0 173 146 165 173 146 165 1
0 175 144 162 175 144 162 1
0 171 146 148 171 146 148 1
0 9 178 177 9 178 177 1
0 179 177 178 179 177 178 1
0 154 156 155 154 156 155 1
0 157 159 158 157 159 158 1
0 156 154 160 156 154 160 1
0 160 10 156 160 10 156 1
0 156 11 157 156 11 157 1
0 157 9 177 157 9 177 1
0 163 12 164 163 12 164 1
0 166 13 167 166 13 167 1
0 169 154 170 169 154 170 1
0 178 170 179 178 170 179 1
0 177 179 159 177 179 159 1
0 163 15 14 163 15 14 1
0 159 157 177 159 157 177 1
0 157 155 156 157 155 156 1
0 11 156 10 11 156 10 1
0 155 157 158 155 157 158 1
0 9 157 11 9 157 11 1
0 16 167 13 16 167 13 1
0 13 166 17 13 166 17 1
0 154 169 160 154 169 160 1
0 12 163 14 12 163 14 1
0 170 178 169 170 178 169 1
0 184 186 185 184 186 185 1
0 184 187 186 184 187 186 1
0 188 185 189 188 185 189 1
0 188 184 185 188 184 185 1
0 187 190 186 187 190 186 1
0 187 191 190 187 191 190 1
0 191 189 190 191 189 190 1
0 191 188 189 191 188 189 1
"Mesh3" 0 3
0
0
0
"Mesh4" 0 4
0
0
0
"Mesh5" 0 5
95
0 -0.329868 1.860143 -0.589337 0.125571 0.166081 1
0 -0.618832 1.160270 1.024746 0.476524 0.265855 1
0 0.618832 1.160270 1.024746 0.476524 0.265855 1
0 -0.571348 0.190960 0.971614 0.464972 0.404040 1
0 -0.659736 1.809659 0.081970 0.271535 0.173278 1
0 -0.499205 -0.243547 0.049498 0.264474 0.465983 1
0 -0.755381 -0.012477 -0.093395 0.233405 0.433042 1
0 -0.970166 1.338724 -0.111318 0.229508 0.240415 1
0 -0.840935 0.551176 -0.278314 0.193198 0.352687 1
0 -0.892911 0.602714 0.063388 0.267494 0.345340 1
0 0.970165 1.338724 -0.111318 0.229508 0.240415 1
0 0.759053 1.430197 -0.635016 0.115639 0.227374 1
0 -0.743630 0.911498 -0.453003 0.155215 0.301320 1
0 -0.858085 0.409286 0.160966 0.288711 0.372915 1
0 -0.618832 1.160270 1.024746 0.476524 0.265855 1
0 0.618832 1.160270 1.024746 0.476524 0.265855 1
0 0.840935 0.551176 -0.278314 0.193198 0.352687 1
0 0.743630 0.911498 -0.453003 0.155215 0.301320 1
0 0.892911 0.602714 0.063389 0.267495 0.345340 1
0 -0.759053 1.430197 -0.635016 0.115639 0.227374 1
0 0.000000 1.632423 -0.988385 0.038805 0.198544 1
0 1.645540 -3.658439 1.822410 0.656652 0.638793 1
0 2.443576 -3.694038 3.263989 0.995000 0.704898 1
0 1.703007 -3.989458 2.903217 0.639155 0.711857 1
0 1.455248 -3.113141 1.384211 0.645700 0.566569 1
0 2.572754 -2.382753 2.830721 0.995000 0.561180 1
0 2.969526 -3.246134 2.822163 0.995000 0.650828 1
0 0.970165 1.338724 -0.111318 0.646875 0.057200 1
0 1.775021 1.463623 0.995658 0.995000 0.104430 1
0 2.728443 -1.668551 2.148236 0.995000 0.467453 1
0 1.158225 2.027137 0.483487 0.692358 0.022518 1
0 0.451174 -3.262767 3.320286 0.330000 0.640281 1
0 1.645540 -3.658439 1.822410 0.656652 0.638793 1
0 1.703007 -3.989458 2.903217 0.639155 0.711857 1
0 0.700656 -2.324944 3.432285 0.330000 0.554852 1
0 1.455248 -3.113141 1.384211 0.645700 0.566569 1
0 0.502989 -1.351039 3.299646 0.330000 0.451422 1
0 0.970165 1.338724 -0.111318 0.646875 0.057200 1
0 0.484906 1.759194 0.853278 0.499312 0.055326 1
0 1.158225 2.027137 0.483487 0.692358 0.022518 1
0 2.443576 -3.694038 3.263989 0.005000 0.704898 1
0 0.451174 -3.262767 3.320286 0.330000 0.640281 1
0 1.703007 -3.989458 2.903217 0.005000 0.711859 1
0 0.451174 -3.262767 3.320286 0.330000 0.640281 1
0 2.443576 -3.694038 3.263989 0.005000 0.704898 1
0 2.969526 -3.246134 2.822163 0.005000 0.650828 1
0 1.775021 1.463623 0.995658 0.005000 0.104430 1
0 0.484906 1.759194 0.853278 0.499312 0.055326 1
0 0.502989 -1.351039 3.299646 0.330000 0.451422 1
0 0.700656 -2.324944 3.432285 0.330000 0.554852 1
0 2.572754 -2.382753 2.830721 0.005000 0.561180 1
0 2.728443 -1.668551 2.148236 0.005000 0.467453 1
0 1.158225 2.027137 0.483487 0.692358 0.022518 1
0 -1.703007 -3.989458 2.903217 0.639155 0.711857 1
0 -2.443576 -3.694039 3.263989 0.995000 0.704898 1
0 -1.645540 -3.658439 1.822410 0.656652 0.638793 1
0 -2.969526 -3.246134 2.822163 0.995000 0.650828 1
0 -2.572754 -2.382753 2.830721 0.995000 0.561180 1
0 -1.455248 -3.113141 1.384211 0.645700 0.566569 1
0 -2.728443 -1.668551 2.148236 0.995000 0.467453 1
0 -1.775021 1.463623 0.995658 0.995000 0.104430 1
0 -0.970166 1.338724 -0.111318 0.646875 0.057200 1
0 -1.158225 2.027137 0.483487 0.692358 0.022518 1
0 -1.703007 -3.989458 2.903217 0.639155 0.711857 1
0 -1.645540 -3.658439 1.822410 0.656652 0.638793 1
0 -0.451174 -3.262767 3.320286 0.330000 0.640281 1
0 -1.455248 -3.113141 1.384211 0.645700 0.566569 1
0 -0.700657 -2.324944 3.432285 0.330000 0.554852 1
0 -0.502989 -1.351039 3.299646 0.330000 0.451422 1
0 -1.158225 2.027137 0.483487 0.692358 0.022518 1
0 -0.484906 1.759194 0.853278 0.499312 0.055326 1
0 -0.970166 1.338724 -0.111318 0.646875 0.057200 1
0 -1.703007 -3.989458 2.903217 0.005000 0.711859 1
0 -0.451174 -3.262767 3.320286 0.330000 0.640281 1
0 -2.443576 -3.694039 3.263989 0.005000 0.704898 1
0 -2.969526 -3.246134 2.822163 0.005000 0.650828 1
0 -2.443576 -3.694039 3.263989 0.005000 0.704898 1
0 -0.451174 -3.262767 3.320286 0.330000 0.640281 1
0 -0.502989 -1.351039 3.299646 0.330000 0.451422 1
0 -0.484906 1.759194 0.853278 0.499312 0.055326 1
0 -1.775021 1.463623 0.995658 0.005000 0.104430 1
0 -2.728443 -1.668551 2.148236 0.005000 0.467453 1
0 -2.572754 -2.382753 2.830721 0.005000 0.561180 1
0 -0.700657 -2.324944 3.432285 0.330000 0.554852 1
0 -1.158225 2.027137 0.483487 0.692358 0.022518 1
0 0.484906 1.759194 0.853278 0.439242 0.180472 1
0 0.659736 1.809659 0.081970 0.271535 0.173278 1
0 0.000000 2.038705 0.131950 0.282402 0.140625 1
0 0.571348 0.190960 0.971614 0.464972 0.404040 1
0 0.755381 -0.012477 -0.093395 0.233405 0.433042 1
0 0.858085 0.409286 0.160966 0.288711 0.372915 1
0 0.329868 1.860143 -0.589338 0.125571 0.166081 1
0 0.499205 -0.243547 0.049498 0.264474 0.465983 1
0 0.000000 -0.483711 0.192529 0.295574 0.500221 1
0 -0.484906 1.759194 0.853278 0.439242 0.180472 1
95
-0.314012 0.866881 -0.387185
-0.471386 0.132966 0.644704
0.471386 0.132966 0.644704
-0.698300 -0.467819 0.541777
-0.707992 0.705857 0.022674
-0.617674 -0.710277 0.337616
-0.892736 -0.441110 0.091898
-0.304949 0.134426 -0.429441
-0.796708 0.235323 -0.325277
-0.808020 0.281808 0.161660
0.304949 0.134426 -0.429441
0.780724 0.226144 -0.539984
-0.931010 -0.083218 -0.355380
-0.851472 -0.142634 0.504630
-0.471386 0.132966 0.644704
0.471386 0.132966 0.644704
0.796708 0.235323 -0.325277
0.931010 -0.083218 -0.355380
0.808020 0.281808 0.161660
-0.780724 0.226144 -0.539984
0.000000 0.390774 -0.897710
-0.040520 -0.704826 -0.381179
0.169027 -0.291663 0.422152
-0.063122 -0.761459 0.086984
-0.090778 -0.195242 -0.508976
0.538857 0.040375 0.186235
0.434277 0.009037 0.137834
0.304949 0.134426 -0.429441
0.498350 0.384417 0.088512
0.591838 0.103618 0.109611
0.097963 0.548556 -0.149187
-0.233117 -0.296592 0.438369
-0.040520 -0.704826 -0.381179
-0.063122 -0.761459 0.086984
-0.284667 0.132194 0.272703
-0.090778 -0.195242 -0.508976
-0.298634 0.106271 0.285161
0.304949 0.134426 -0.429441
-0.142476 0.498447 0.274604
0.097963 0.548556 -0.149187
0.169027 -0.291663 0.422152
-0.233117 -0.296592 0.438369
-0.063122 -0.761459 0.086984
-0.233117 -0.296592 0.438369
0.169027 -0.291663 0.422152
0.434277 0.009037 0.137834
0.498350 0.384417 0.088512
-0.142476 0.498447 0.274604
-0.298634 0.106271 0.285161
-0.284667 0.132194 0.272703
0.538857 0.040375 0.186235
0.591838 0.103618 0.109611
0.097963 0.548556 -0.149187
0.063122 -0.761459 0.086984
-0.169027 -0.291663 0.422151
0.040520 -0.704826 -0.381179
-0.434277 0.009037 0.137834
-0.538857 0.040375 0.186235
0.090778 -0.195242 -0.508976
-0.591838 0.103618 0.109611
-0.498350 0.384417 0.088512
-0.304949 0.134426 -0.429441
-0.097964 0.548556 -0.149188
0.063122 -0.761459 0.086984
0.040520 -0.704826 -0.381179
0.233117 -0.296593 0.438369
0.090778 -0.195242 -0.508976
0.284667 0.132194 0.272703
0.298634 0.106271 0.285161
-0.097964 0.548556 -0.149188
0.142476 0.498447 0.274604
-0.304949 0.134426 -0.429441
0.063122 -0.761459 0.086984
0.233117 -0.296593 0.438369
-0.169027 -0.291663 0.422151
-0.434277 0.009037 0.137834
-0.169027 -0.291663 0.422151
0.233117 -0.296593 0.438369
0.298634 0.106271 0.285161
0.142476 0.498447 0.274604
-0.498350 0.384417 0.088512
-0.591838 0.103618 0.109611
-0.538857 0.040375 0.186235
0.284667 0.132194 0.272703
-0.097964 0.548556 -0.149188
-0.142476 0.498447 0.274604
0.707992 0.705857 0.022674
0.000000 0.999237 0.039059
0.698301 -0.467819 0.541776
0.892736 -0.441110 0.091898
0.851472 -0.142634 0.504630
0.314012 0.866882 -0.387185
0.617674 -0.710278 0.337615
0.000000 -0.924182 0.381953
0.142476 0.498447 0.274604
88
0 85 87 86 85 87 86 1
0 88 90 89 88 90 89 1
0 86 87 91 86 87 91 1
0 92 88 89 92 88 89 1
0 92 93 88 92 93 88 1
0 94 87 85 94 87 85 1
0 91 87 0 91 87 0 1
0 1 85 2 1 85 2 1
0 1 94 85 1 94 85 1
0 3 2 88 3 2 88 1
0 3 1 2 3 1 2 1
0 93 3 88 93 3 88 1
0 0 87 4 0 87 4 1
0 3 93 5 3 93 5 1
0 3 5 6 3 5 6 1
0 7 9 8 7 9 8 1
0 4 87 94 4 87 94 1
0 86 11 10 86 11 10 1
0 12 7 8 12 7 8 1
0 13 3 6 13 3 6 1
0 14 4 94 14 4 94 1
0 86 15 85 86 15 85 1
0 10 15 86 10 15 86 1
0 14 7 4 14 7 4 1
0 10 17 16 10 17 16 1
0 18 10 16 18 10 16 1
0 18 88 15 18 88 15 1
0 9 14 3 9 14 3 1
0 9 7 14 9 7 14 1
0 10 18 15 10 18 15 1
0 7 19 4 7 19 4 1
0 12 19 7 12 19 7 1
0 19 0 4 19 0 4 1
0 0 20 91 0 20 91 1
0 91 11 86 91 11 86 1
0 20 11 91 20 11 91 1
0 11 17 10 11 17 10 1
0 20 0 19 20 0 19 1
0 90 88 18 90 88 18 1
0 3 13 9 3 13 9 1
0 21 23 22 21 23 22 1
0 24 26 25 24 26 25 1
0 27 29 28 27 29 28 1
0 28 30 27 28 30 27 1
0 31 33 32 31 33 32 1
0 31 35 34 31 35 34 1
0 35 36 34 35 36 34 1
0 37 39 38 37 39 38 1
0 40 42 41 40 42 41 1
0 43 45 44 43 45 44 1
0 46 48 47 46 48 47 1
0 49 51 50 49 51 50 1
0 47 52 46 47 52 46 1
0 29 24 25 29 24 25 1
0 26 21 22 26 21 22 1
0 50 43 49 50 43 49 1
0 43 50 45 43 50 45 1
0 21 26 24 21 26 24 1
0 48 51 49 48 51 49 1
0 38 35 37 38 35 37 1
0 35 31 32 35 31 32 1
0 29 27 24 29 27 24 1
0 48 46 51 48 46 51 1
0 35 38 36 35 38 36 1
0 53 55 54 53 55 54 1
0 56 58 57 56 58 57 1
0 59 61 60 59 61 60 1
0 62 60 61 62 60 61 1
0 63 65 64 63 65 64 1
0 66 65 67 66 65 67 1
0 68 66 67 68 66 67 1
0 69 71 70 69 71 70 1
0 72 74 73 72 74 73 1
0 75 77 76 75 77 76 1
0 78 80 79 78 80 79 1
0 81 83 82 81 83 82 1
0 84 79 80 84 79 80 1
0 58 59 57 58 59 57 1
0 55 56 54 55 56 54 1
0 77 82 83 77 82 83 1
0 82 77 75 82 77 75 1
0 56 55 58 56 55 58 1
0 81 78 83 81 78 83 1
0 66 70 71 66 70 71 1
0 65 66 64 65 66 64 1
0 61 59 58 61 59 58 1
0 80 78 81 80 78 81 1
0 70 66 68 70 66 68 1
"Mesh6" 0 6
57
0 0.170913 -0.543292 -0.757574 0.583406 0.956837 1
0 0.489673 -0.182440 -0.779784 0.738962 0.767527 1
0 0.537164 -0.334350 -0.221258 0.762138 0.847222 1
0 0.000000 0.408708 -0.957126 0.500000 0.457399 1
0 0.636076 0.847227 -0.730809 0.810407 0.227343 1
0 0.684687 0.412015 -0.647129 0.834129 0.455664 1
0 0.609751 0.067612 -0.760780 0.797561 0.636345 1
0 0.775173 0.219819 -0.320736 0.878287 0.556494 1
0 0.755381 -0.012477 -0.093395 0.868628 0.678214 1
0 0.000000 0.141401 -1.138482 0.500000 0.597634 1
0 0.000000 0.274486 -0.992925 0.500000 0.527814 1
0 0.142279 0.266355 -0.931095 0.569432 0.532080 1
0 0.688672 -0.197723 -0.221258 0.836074 0.775545 1
0 0.499205 -0.243547 0.049498 0.743613 0.799438 1
0 1.014440 0.509882 0.020664 0.995050 0.377825 1
0 0.892911 0.602714 0.063389 0.935743 0.382116 1
0 0.858085 0.409286 0.160966 0.918748 0.457096 1
0 0.180784 0.056223 -0.959949 0.588223 0.642319 1
0 0.000000 -0.032296 -1.037721 0.500000 0.688758 1
0 0.000000 -0.225824 -1.006315 0.500000 0.790287 1
0 0.840935 0.551176 -0.278314 0.910379 0.382509 1
0 0.000000 0.794100 -1.026577 0.500000 0.255214 1
0 0.000000 -0.608763 -0.409370 0.500000 0.991185 1
0 0.000000 -0.592571 -0.794043 0.500000 0.982690 1
0 0.840935 0.551176 -0.278314 0.910379 0.382509 1
0 0.892911 0.602714 0.063389 0.935743 0.382116 1
0 1.014440 0.509882 0.020664 0.995050 0.377825 1
0 0.743630 0.911498 -0.453003 0.862893 0.193478 1
0 -0.537164 -0.334350 -0.221258 0.237862 0.847222 1
0 -0.170913 -0.543292 -0.757574 0.416594 0.956837 1
0 -0.684687 0.412015 -0.647129 0.165871 0.455664 1
0 -0.636076 0.847227 -0.730809 0.189593 0.227343 1
0 -0.755381 -0.012477 -0.093395 0.131372 0.678214 1
0 -0.775173 0.219819 -0.320736 0.121713 0.556494 1
0 -0.609752 0.067612 -0.760780 0.202439 0.636345 1
0 -0.142279 0.266355 -0.931095 0.430568 0.532080 1
0 -0.688672 -0.197723 -0.221258 0.163926 0.775545 1
0 -0.499205 -0.243547 0.049498 0.256387 0.799438 1
0 -0.858085 0.409286 0.160966 0.080170 0.452323 1
0 -0.892911 0.602714 0.063388 0.064257 0.382116 1
0 -1.014440 0.509882 0.020664 0.004950 0.377825 1
0 -0.180784 0.056223 -0.959949 0.411777 0.642319 1
0 -0.840935 0.551176 -0.278314 0.089621 0.382509 1
0 -0.489673 -0.182440 -0.779784 0.261038 0.767527 1
0 0.000000 -0.483711 0.192529 0.500000 0.925432 1
0 -1.014440 0.509882 0.020664 0.004950 0.377825 1
0 -0.892911 0.602714 0.063388 0.064257 0.382116 1
0 -0.840935 0.551176 -0.278314 0.089621 0.382509 1
0 -0.743630 0.911498 -0.453003 0.137107 0.193478 1
0 0.697564 1.138712 -0.682913 0.795316 0.051363 1
0 -0.751341 1.170847 -0.544010 0.178441 0.034431 1
0 -0.759053 1.430197 -0.635016 0.219776 0.029192 1
0 -0.697564 1.138712 -0.682913 0.204684 0.051363 1
0 0.000000 1.213262 -1.007481 0.500000 0.065299 1
0 0.000000 1.632423 -0.988385 0.500000 0.029192 1
0 0.759053 1.430197 -0.635016 0.780224 0.029192 1
0 0.751341 1.170847 -0.544010 0.821559 0.034431 1
57
0.488957 -0.764596 -0.419897
0.668661 -0.503296 -0.547344
0.577833 -0.813054 0.071082
0.000000 0.052012 -0.998646
0.726511 -0.049732 -0.685353
0.731417 0.018086 -0.681691
0.747201 -0.117873 -0.654062
0.915060 -0.207492 -0.345851
0.892736 -0.441110 0.091898
0.000000 0.238803 -0.971068
0.000000 0.522898 -0.852395
0.460189 0.309637 -0.832076
0.832617 -0.553696 -0.013063
0.617674 -0.710278 0.337615
0.757030 0.302704 -0.026687
0.808020 0.281808 0.161660
0.851472 -0.142634 0.504630
0.530780 -0.056818 -0.845603
0.000000 -0.332323 -0.943166
0.000000 -0.287070 -0.957910
0.796708 0.235323 -0.325277
0.000000 -0.021474 -0.999769
0.000000 -0.997512 0.070491
0.000000 -0.856894 -0.515493
0.796708 0.235323 -0.325277
0.808020 0.281808 0.161660
0.757030 0.302704 -0.026687
0.931010 -0.083218 -0.355380
-0.577833 -0.813054 0.071083
-0.488957 -0.764596 -0.419897
-0.731417 0.018086 -0.681691
-0.726511 -0.049732 -0.685353
-0.892736 -0.441110 0.091898
-0.915060 -0.207492 -0.345851
-0.747201 -0.117873 -0.654062
-0.460189 0.309637 -0.832076
-0.832617 -0.553695 -0.013062
-0.617674 -0.710277 0.337616
-0.851472 -0.142634 0.504630
-0.808020 0.281808 0.161660
-0.757030 0.302704 -0.026687
-0.530780 -0.056818 -0.845603
-0.796708 0.235323 -0.325277
-0.668661 -0.503296 -0.547345
0.000000 -0.924182 0.381953
-0.757030 0.302704 -0.026687
-0.808020 0.281808 0.161660
-0.796708 0.235323 -0.325277
-0.931010 -0.083218 -0.355380
0.739271 -0.050606 -0.671504
-0.933657 -0.142994 -0.328387
-0.780724 0.226144 -0.539984
-0.739271 -0.050606 -0.671504
0.000000 0.049277 -0.998785
0.000000 0.390774 -0.897710
0.780724 0.226144 -0.539984
0.933657 -0.142994 -0.328387
82
0 0 2 1 0 2 1 1
0 3 5 4 3 5 4 1
0 6 8 7 6 8 7 1
0 9 11 10 9 11 10 1
0 12 6 1 12 6 1 1
0 2 13 12 2 13 12 1
0 14 16 15 14 16 15 1
0 6 7 5 6 7 5 1
0 17 9 18 17 9 18 1
0 19 17 18 19 17 18 1
0 7 20 5 7 20 5 1
0 4 21 3 4 21 3 1
0 22 0 23 22 0 23 1
0 11 9 17 11 9 17 1
0 24 26 25 24 26 25 1
0 11 6 5 11 6 5 1
0 6 11 17 6 11 17 1
0 4 20 27 4 20 27 1
0 11 3 10 11 3 10 1
0 0 19 23 0 19 23 1
0 19 0 1 19 0 1 1
0 6 19 1 6 19 1 1
0 5 3 11 5 3 11 1
0 19 6 17 19 6 17 1
0 28 22 29 28 22 29 1
0 30 3 31 30 3 31 1
0 32 34 33 32 34 33 1
0 35 9 10 35 9 10 1
0 36 32 37 36 32 37 1
0 37 28 36 37 28 36 1
0 38 40 39 38 40 39 1
0 33 34 30 33 34 30 1
0 9 41 18 9 41 18 1
0 41 19 18 41 19 18 1
0 42 33 30 42 33 30 1
0 34 36 43 34 36 43 1
0 21 31 3 21 31 3 1
0 28 37 44 28 37 44 1
0 9 35 41 9 35 41 1
0 45 47 46 45 47 46 1
0 31 42 30 31 42 30 1
0 34 35 30 34 35 30 1
0 35 34 41 35 34 41 1
0 3 35 10 3 35 10 1
0 19 29 23 19 29 23 1
0 29 19 43 29 19 43 1
0 19 34 43 19 34 43 1
0 36 28 43 36 28 43 1
0 29 22 23 29 22 23 1
0 3 30 35 3 30 35 1
0 34 19 41 34 19 41 1
0 42 31 48 42 31 48 1
0 20 4 5 20 4 5 1
0 42 40 33 42 40 33 1
0 40 32 33 40 32 33 1
0 8 14 7 8 14 7 1
0 14 20 7 14 20 7 1
0 2 12 1 2 12 1 1
0 32 36 34 32 36 34 1
0 28 29 43 28 29 43 1
0 28 44 22 28 44 22 1
0 22 2 0 22 2 0 1
0 13 2 44 13 2 44 1
0 2 22 44 2 22 44 1
0 8 12 13 8 12 13 1
0 6 12 8 6 12 8 1
0 27 49 4 27 49 4 1
0 50 52 51 50 52 51 1
0 53 55 54 53 55 54 1
0 53 49 55 53 49 55 1
0 21 52 31 21 52 31 1
0 16 14 8 16 14 8 1
0 40 38 32 40 38 32 1
0 49 21 4 49 21 4 1
0 52 54 51 52 54 51 1
0 52 53 54 52 53 54 1
0 52 48 31 52 48 31 1
0 49 56 55 49 56 55 1
0 49 27 56 49 27 56 1
0 21 49 53 21 49 53 1
0 52 21 53 52 21 53 1
0 48 52 50 48 52 50 1
"Mesh7" 0 7
116
0 0.280487 3.313781 -0.270455 0.875734 0.685000 0
0 0.726636 2.391002 -0.889855 0.535937 0.031178 0
0 0.000000 2.514778 -0.751748 0.876250 0.031178 0
0 1.022560 2.813318 -0.263996 0.535937 0.689528 0
0 0.000000 2.514778 -0.751748 0.875734 0.031178 0
0 -0.712920 2.391002 -0.889854 0.536659 0.031178 0
0 -0.280487 3.313781 -0.270455 0.875694 0.682769 0
0 -1.022560 2.813318 -0.263997 0.536659 0.689528 0
0 -1.045472 3.384828 -0.006936 0.536659 0.212500 0
0 -1.089602 3.362567 0.559066 0.536659 0.310937 0
0 -0.425813 3.594589 0.286718 0.811281 0.212500 0
0 0.000000 3.554249 0.722665 0.999484 0.409375 0
0 1.089602 3.362567 0.559066 0.535937 0.310937 0
0 0.411708 3.603921 0.284175 0.817572 0.212500 0
0 -1.145152 2.777020 0.666661 0.536659 0.025469 0
0 0.000000 2.702405 0.952012 0.999484 0.025469 0
0 0.000000 3.554249 0.722665 0.999484 0.409375 0
0 0.411708 3.603921 0.284175 0.824687 0.733825 0
0 1.045472 3.384828 -0.006935 0.535937 0.960034 0
0 1.045472 3.384828 -0.006935 0.536671 0.960007 0
0 -1.045472 3.384828 -0.006936 0.536671 0.960007 0
0 -0.425813 3.594589 0.286718 0.811289 0.731053 0
0 0.000000 2.702405 0.952012 0.999484 0.025469 0
0 1.145152 2.777020 0.666661 0.535937 0.025469 0
0 -0.425813 3.594589 0.286718 0.023330 0.867368 0
0 0.010201 3.313781 -0.270455 0.072248 0.891866 0
0 -0.280487 3.313781 -0.270455 0.039635 0.891866 0
0 0.280487 3.313781 -0.270455 0.102573 0.891866 0
0 0.411708 3.603921 0.284175 0.117295 0.866554 0
0 0.000000 2.514778 -0.751748 0.071104 0.961571 0
0 -0.537571 1.632344 -1.285948 0.069782 0.405310 0
0 -0.133395 1.484342 -1.811419 0.018642 0.722195 0
0 -0.062802 1.616838 -1.359372 0.116263 0.715956 0
0 -0.537571 1.632344 -1.285948 0.069782 0.405310 0
0 -1.036530 1.709312 -1.367833 0.028124 0.074680 0
0 -0.744891 2.081116 -1.144777 0.217937 0.172297 0
0 -0.049678 1.980547 -1.465575 0.238560 0.654601 0
0 -0.133395 1.484342 -1.811419 0.018642 0.722195 0
0 -0.537571 1.632344 -1.285948 0.069782 0.405310 0
0 -0.850043 1.738852 -1.088590 0.087359 0.173016 0
0 -1.036530 1.709312 -1.367833 0.028124 0.074680 0
0 -0.321389 2.500850 -0.740366 0.457855 0.334694 0
0 -0.374086 2.031561 -1.445027 0.218579 0.435529 0
0 -0.049678 1.980547 -1.465575 0.238560 0.654601 0
0 0.000000 2.414779 -0.751748 0.465733 0.558615 0
0 -0.321389 2.500850 -0.740366 0.457855 0.334694 0
0 0.000000 2.414779 -0.751748 0.465733 0.558615 0
0 -0.049678 1.980547 -1.465575 0.238560 0.654601 0
0 -0.100000 1.993570 -0.885530 0.387451 0.285062 0
0 -0.487343 1.456848 -1.174519 0.268994 0.606971 0
0 -0.676553 2.140248 -0.912809 0.126538 0.273227 0
0 -1.058825 1.230036 -1.005963 0.036377 0.746153 0
0 -0.085664 1.166460 -1.042340 0.463623 0.689817 0
0 -0.321389 2.500850 -0.740366 0.247672 0.050722 0
0 0.062802 1.616838 -1.359372 0.116263 0.715956 0
0 0.133395 1.484342 -1.811419 0.018642 0.722195 0
0 0.537571 1.632344 -1.285948 0.069782 0.405310 0
0 0.744891 2.081116 -1.144777 0.217937 0.172297 0
0 1.036530 1.709312 -1.367832 0.028124 0.074680 0
0 0.537571 1.632344 -1.285948 0.069782 0.405310 0
0 0.537571 1.632344 -1.285948 0.069782 0.405310 0
0 0.133395 1.484342 -1.811419 0.018642 0.722195 0
0 0.049678 1.980547 -1.465575 0.238560 0.654601 0
0 1.036530 1.709312 -1.367832 0.028124 0.074680 0
0 0.850042 1.738852 -1.088590 0.087359 0.173016 0
0 0.321389 2.500850 -0.740366 0.457855 0.334694 0
0 0.049678 1.980547 -1.465575 0.238560 0.654601 0
0 0.374086 2.031560 -1.445027 0.218579 0.435529 0
0 0.000000 2.414779 -0.751748 0.465733 0.558615 0
0 0.321389 2.500850 -0.740366 0.457855 0.334694 0
0 0.049678 1.980547 -1.465575 0.238560 0.654601 0
0 0.000000 2.414779 -0.751748 0.465733 0.558615 0
0 0.676553 2.140248 -0.912809 0.117719 0.283703 0
0 0.487343 1.456848 -1.174519 0.270351 0.610346 0
0 0.100000 1.993569 -0.885530 0.397269 0.295287 0
0 1.058825 1.230036 -1.005963 0.021118 0.746567 0
0 0.085664 1.166459 -1.042340 0.478882 0.691430 0
0 0.321389 2.500850 -0.740366 0.247506 0.065933 0
0 0.010201 3.313781 -0.270455 0.430821 0.932478 0
0 -0.425813 3.594589 0.286718 0.363776 0.861949 0
0 0.411708 3.603921 0.284175 0.361548 0.997426 0
0 0.000000 3.554249 0.722665 0.373408 0.930828 0
0 1.089602 3.362567 0.559066 0.344025 0.862537 0
0 1.145152 2.777020 0.666661 0.313995 0.867074 0
0 1.089365 2.463907 0.180250 0.297937 0.862517 0
0 1.045472 3.384828 -0.006935 0.345167 0.858932 0
0 1.022560 2.813318 -0.263996 0.315857 0.857060 0
0 -0.203581 -1.030201 0.450768 0.686164 0.964004 8
0 -0.243819 -0.743431 0.454058 0.674952 0.878930 8
0 0.454306 -0.775798 0.408765 0.869481 0.888532 8
0 0.414284 -1.034836 0.411446 0.858329 0.965379 8
0 -0.204351 -1.030006 -0.206282 0.685950 0.963946 8
0 -0.246304 -0.740671 -0.196052 0.674259 0.878111 8
0 0.465555 -0.759570 -0.192603 0.872616 0.883718 8
0 0.425543 -1.035709 -0.202916 0.861466 0.965638 8
0 -0.011777 1.815073 0.337495 0.037936 0.928923 9
0 -0.273156 1.815073 -0.013693 0.037936 0.886643 9
0 0.273156 1.815073 -0.013693 0.037936 0.975014 9
0 0.000000 1.815100 -0.246810 0.037929 0.930828 9
0 -0.465555 -0.759570 -0.192603 0.300428 0.955481 15
0 -0.592477 -0.298231 0.180358 0.293919 0.917796 15
0 0.243819 -0.743431 0.454058 0.336809 0.954163 15
0 0.246305 -0.740671 -0.196052 0.336936 0.953937 15
0 0.436798 -0.043133 -0.116870 0.346706 0.896959 15
0 0.413530 -0.089189 0.548027 0.345513 0.900721 15
0 -0.137848 -0.108884 0.719096 0.317235 0.902329 15
0 -0.425543 -1.035709 -0.202916 0.861466 0.901063 15
0 -0.465555 -0.759570 -0.192603 0.872616 0.952030 15
0 0.246305 -0.740671 -0.196052 0.674259 0.942686 15
0 0.204351 -1.030006 -0.206282 0.685950 0.898243 15
0 -0.454306 -0.775798 0.408765 0.301005 0.956807 15
0 -0.146950 -0.098025 -0.420057 0.316768 0.901443 15
0 0.243819 -0.743431 0.454058 0.674952 0.944051 15
0 0.203581 -1.030201 0.450768 0.686164 0.898340 15
0 -0.414284 -1.034836 0.411446 0.858329 0.900631 15
0 -0.454306 -0.775798 0.408765 0.869481 0.960054 15
116
0.125768 0.672277 -0.729538
0.334317 0.105685 -0.749958
0.000892 0.325673 -0.945482
0.348081 0.166065 -0.675951
0.000892 0.325673 -0.945482
-0.331420 0.103829 -0.753684
-0.124429 0.675173 -0.727089
-0.345608 0.161083 -0.679728
-0.481684 0.593844 -0.437372
-0.526642 0.474397 0.559816
-0.359835 0.762825 -0.052470
0.002681 0.524998 0.813336
0.527819 0.472789 0.561817
0.361287 0.761841 -0.051291
-0.262516 -0.000934 0.780347
0.000000 0.051680 0.998664
0.002681 0.524998 0.813336
0.361287 0.761841 -0.051291
0.484234 0.591228 -0.440392
0.484234 0.591228 -0.440392
-0.481684 0.593844 -0.437372
-0.359835 0.762825 -0.052470
0.000000 0.051680 0.998664
0.262516 -0.000934 0.780347
-0.359835 0.762825 -0.052470
0.004101 0.379765 -0.841151
-0.124429 0.675173 -0.727089
0.125768 0.672277 -0.729538
0.361287 0.761841 -0.051291
0.000892 0.325673 -0.945482
-0.245009 -0.098129 -0.338792
-0.292781 -0.218066 -0.163778
-0.003108 -0.741515 0.670930
-0.245009 -0.098129 -0.338792
0.011041 -0.288870 -0.338800
-0.285263 0.440861 -0.851039
-0.202789 0.347521 -0.689098
-0.292781 -0.218066 -0.163778
-0.245009 -0.098129 -0.338792
0.062210 -0.833837 0.548494
0.011041 -0.288870 -0.338800
0.054573 0.193317 -0.225501
-0.189638 0.523968 -0.830358
-0.202789 0.347521 -0.689098
0.000000 0.117597 0.127497
0.054573 0.193317 -0.225501
0.000000 0.117597 0.127497
-0.202789 0.347521 -0.689098
0.232666 0.299886 -0.925168
0.070696 0.286021 -0.955612
-0.032201 0.328359 -0.944004
-0.362228 0.244190 -0.899534
0.420204 0.176052 -0.890188
0.054573 0.193317 -0.225501
0.003107 -0.741514 0.670930
0.292781 -0.218066 -0.163778
0.245009 -0.098129 -0.338792
0.285263 0.440861 -0.851039
-0.011041 -0.288870 -0.338800
0.245009 -0.098129 -0.338792
0.245009 -0.098129 -0.338792
0.292781 -0.218066 -0.163778
0.202790 0.347521 -0.689098
-0.011041 -0.288870 -0.338800
-0.062210 -0.833837 0.548494
-0.054573 0.193317 -0.225501
0.202790 0.347521 -0.689098
0.189638 0.523968 -0.830358
0.000000 0.117597 0.127497
-0.054573 0.193317 -0.225501
0.202790 0.347521 -0.689098
0.000000 0.117597 0.127497
0.032200 0.328359 -0.944004
-0.070696 0.286021 -0.955612
-0.232666 0.299886 -0.925168
0.362228 0.244190 -0.899534
-0.420204 0.176052 -0.890188
-0.054573 0.193317 -0.225501
0.004101 0.379765 -0.841151
-0.359835 0.762825 -0.052470
0.361287 0.761841 -0.051291
0.002681 0.524998 0.813336
0.527819 0.472789 0.561817
0.262516 -0.000934 0.780347
-0.012071 -0.037046 -0.082306
0.484234 0.591228 -0.440392
0.348081 0.166065 -0.675951
-0.688852 -0.041959 0.723686
-0.578319 -0.273930 0.768446
0.726957 -0.193226 0.658936
0.715634 -0.040247 0.697315
-0.703009 -0.016224 -0.710996
-0.639105 -0.189386 -0.745438
0.741652 -0.134638 -0.657134
0.711985 -0.016846 -0.701992
-0.005235 0.245861 0.969291
-0.939026 0.091621 -0.331414
0.946934 0.093627 -0.307489
-0.000167 0.064242 -0.997934
-0.741651 -0.134638 -0.657134
-0.998867 0.040627 0.024786
0.578319 -0.273930 0.768446
0.639105 -0.189386 -0.745438
0.855807 -0.008823 -0.517220
0.867351 -0.052625 0.494907
-0.261382 -0.079095 0.961989
-0.711985 -0.016846 -0.701992
-0.741651 -0.134638 -0.657134
0.639105 -0.189386 -0.745438
0.703009 -0.016224 -0.710996
-0.726957 -0.193226 0.658936
-0.186674 0.035254 -0.981789
0.578319 -0.273930 0.768446
0.688852 -0.041959 0.723686
-0.715634 -0.040247 0.697315
-0.726957 -0.193226 0.658936
95
0 0 2 1 0 2 1 1
0 3 0 1 3 0 1 1
0 4 6 5 4 6 5 1
0 6 7 5 6 7 5 1
0 8 10 9 8 10 9 1
0 11 13 12 11 13 12 1
0 14 16 15 14 16 15 1
0 14 9 16 14 9 16 1
0 10 16 9 10 16 9 1
0 17 0 18 17 0 18 1
0 13 19 12 13 19 12 1
0 6 21 20 6 21 20 1
0 11 23 22 11 23 22 1
0 11 12 23 11 12 23 1
0 0 3 18 0 3 18 1
0 7 6 20 7 6 20 1
0 24 26 25 24 26 25 1
0 27 28 25 27 28 25 1
0 29 27 25 29 27 25 1
0 26 29 25 26 29 25 1
0 30 32 31 30 32 31 1
0 33 35 34 33 35 34 1
0 36 38 37 36 38 37 1
0 39 30 40 39 30 40 1
0 41 30 39 41 30 39 1
0 42 33 43 42 33 43 1
0 32 41 44 32 41 44 1
0 41 32 30 41 32 30 1
0 42 45 35 42 45 35 1
0 33 42 35 33 42 35 1
0 46 42 47 46 42 47 1
0 42 46 45 42 46 45 1
0 48 50 49 48 50 49 1
0 49 50 51 49 50 51 1
0 48 49 52 48 49 52 1
0 50 48 53 50 48 53 1
0 54 56 55 54 56 55 1
0 57 59 58 57 59 58 1
0 60 62 61 60 62 61 1
0 56 64 63 56 64 63 1
0 56 65 64 56 65 64 1
0 59 67 66 59 67 66 1
0 65 54 68 65 54 68 1
0 54 65 56 54 65 56 1
0 69 67 57 69 67 57 1
0 67 59 57 67 59 57 1
0 67 71 70 67 71 70 1
0 71 67 69 71 67 69 1
0 72 74 73 72 74 73 1
0 72 73 75 72 73 75 1
0 73 74 76 73 74 76 1
0 74 72 77 74 72 77 1
0 91 93 92 91 93 92 1
0 91 94 93 91 94 93 1
0 87 92 88 87 92 88 1
0 87 91 92 87 91 92 1
0 94 89 93 94 89 93 1
0 94 90 89 94 90 89 1
0 90 88 89 90 88 89 1
0 90 87 88 90 87 88 1
0 78 98 96 78 98 96 1
0 96 79 78 96 79 78 1
0 78 97 98 78 97 98 1
0 80 95 97 80 95 97 1
0 79 95 81 79 95 81 1
0 97 78 80 97 78 80 1
0 95 79 96 95 79 96 1
0 95 80 81 95 80 81 1
0 111 100 99 111 100 99 1
0 101 103 102 101 103 102 1
0 101 104 103 101 104 103 1
0 104 83 82 104 83 82 1
0 104 105 83 104 105 83 1
0 83 100 84 83 100 84 1
0 83 105 100 83 105 100 1
0 104 85 103 104 85 103 1
0 106 108 107 106 108 107 1
0 106 109 108 106 109 108 1
0 110 100 105 110 100 105 1
0 100 86 84 100 86 84 1
0 100 111 86 100 111 86 1
0 100 110 99 100 110 99 1
0 102 111 99 102 111 99 1
0 85 104 82 85 104 82 1
0 111 85 86 111 85 86 1
0 111 103 85 111 103 85 1
0 105 101 110 105 101 110 1
0 111 102 103 111 102 103 1
0 101 105 104 101 105 104 1
0 109 112 108 109 112 108 1
0 109 113 112 109 113 112 1
0 114 107 115 114 107 115 1
0 114 106 107 114 106 107 1
0 113 115 112 113 115 112 1
0 113 114 115 113 114 115 1
"Mesh8" 0 8
51
0 1.314954 -0.633333 0.196076 0.999484 0.825864 2
0 1.676179 -1.983333 1.477631 0.647198 0.826475 2
0 1.003062 -0.733333 0.817736 0.780211 0.750411 2
0 -1.003062 -0.733333 0.817736 0.780211 0.265214 2
0 -1.676179 -1.983333 1.477631 0.647198 0.189150 2
0 -1.314954 -0.633333 0.196076 0.999484 0.189761 2
0 0.000001 -1.968669 2.140550 0.484891 0.507813 2
0 1.625364 -1.983333 -1.192729 0.635908 0.828678 2
0 -1.625364 -1.983333 -1.192729 0.641843 0.186947 2
0 0.000002 -2.057104 -1.758637 0.508928 0.507813 2
0 -2.333712 -1.867566 0.195935 0.999484 0.047814 2
0 2.333712 -1.867566 0.195935 0.999484 0.967811 2
0 0.000001 -0.468513 -1.285189 0.006000 0.416979 2
0 -1.326675 -0.468513 -0.891992 0.429129 0.416979 2
0 -0.829611 0.552569 -0.496288 0.425682 0.045989 2
0 0.000000 0.554633 -0.669494 0.006000 0.045239 2
0 0.000002 -2.057104 -1.758637 0.006000 0.994164 2
0 -1.625364 -1.983333 -1.192729 0.419265 0.967360 2
0 1.326675 -0.468513 -0.909549 0.336600 0.416955 2
0 0.000001 -0.468513 -1.285189 0.748500 0.416955 2
0 0.000000 0.554633 -0.669494 0.748500 0.045255 2
0 0.829612 0.552569 -0.546288 0.352800 0.045944 2
0 1.625364 -1.983333 -1.192729 0.342600 0.967319 2
0 0.000002 -2.057104 -1.758637 0.748500 0.994192 2
0 0.000001 -0.468513 1.620264 0.006000 0.416979 2
0 1.317566 -0.468513 1.211225 0.441393 0.416979 2
0 0.731985 0.588121 0.716148 0.458841 0.033072 2
0 0.000000 0.620078 0.931617 0.006000 0.021461 2
0 0.000001 -1.968669 2.140550 0.006000 0.962033 2
0 1.676179 -1.983333 1.477631 0.443412 0.967360 2
0 -1.317567 -0.468513 1.211224 0.320607 0.416979 2
0 0.000001 -0.468513 1.620264 0.748500 0.416955 2
0 0.000000 0.620078 0.931617 0.748500 0.021433 2
0 -0.731985 0.588121 0.716148 0.303159 0.033072 2
0 -1.676179 -1.983333 1.477631 0.318588 0.967360 2
0 0.000001 -1.968669 2.140550 0.748500 0.962003 2
0 1.901900 -0.468513 0.172337 0.001500 0.416955 2
0 1.061970 0.596377 0.073327 0.001500 0.030095 2
0 2.333712 -1.867566 0.195935 0.001500 0.925286 2
0 -1.901900 -0.468513 0.172336 0.001326 0.416979 2
0 -1.061970 0.596377 0.073327 0.748500 0.030095 2
0 -2.333712 -1.867566 0.195935 0.001200 0.925286 2
0 1.901900 -0.468513 0.172337 0.748500 0.416955 2
0 1.061970 0.596377 0.073327 0.748500 0.030095 2
0 2.333712 -1.867566 0.195935 0.748500 0.925286 2
0 0.971569 -0.733333 -0.413034 0.803747 0.742794 2
0 2.333712 -1.867566 0.195935 0.999484 0.967811 2
0 1.314954 -0.633333 0.196076 0.999484 0.825864 2
0 -1.314954 -0.633333 0.196076 0.999484 0.189761 2
0 -2.333712 -1.867566 0.195935 0.999484 0.047814 2
0 -0.971569 -0.733333 -0.413034 0.803747 0.272831 2
51
0.109305 -0.239341 0.005215
-0.392067 -0.901548 -0.183015
-0.141903 -0.495208 0.047472
0.141903 -0.495208 0.047472
0.392067 -0.901548 -0.183015
-0.109305 -0.239341 0.005215
0.000000 -0.956933 -0.290307
0.284328 -0.916520 -0.281335
-0.289916 -0.914239 -0.283049
-0.003069 -0.964688 0.263376
0.275283 -0.897040 0.345744
-0.273318 -0.897221 0.346832
-0.007320 0.376974 -0.926195
-0.573380 0.413041 -0.707554
-0.527886 0.265288 -0.660213
-0.012710 0.381911 -0.912336
-0.003069 -0.964688 0.263376
-0.289916 -0.914239 -0.283049
0.571296 0.408894 -0.711637
-0.007320 0.376974 -0.926195
-0.012710 0.381911 -0.912336
0.506112 0.309240 -0.664021
0.284328 -0.916520 -0.281335
-0.003069 -0.964688 0.263376
0.000000 0.419378 0.907812
0.572099 0.443755 0.689772
0.552070 0.488336 0.667060
0.000000 0.490931 0.867978
0.000000 -0.956933 -0.290307
-0.392067 -0.901548 -0.183015
-0.572099 0.443755 0.689772
0.000000 0.419378 0.907812
0.000000 0.490931 0.867978
-0.552070 0.488335 0.667060
0.392067 -0.901548 -0.183015
0.000000 -0.956933 -0.290307
0.886787 0.462127 0.006843
0.836009 0.536214 0.016898
-0.273318 -0.897221 0.346832
-0.885644 0.464356 0.002910
-0.857803 0.497013 0.014855
0.275283 -0.897040 0.345744
0.886787 0.462127 0.006843
0.836009 0.536214 0.016898
-0.273318 -0.897221 0.346832
-0.122278 -0.462390 0.006816
-0.273318 -0.897221 0.346832
0.109305 -0.239341 0.005215
-0.109305 -0.239341 0.005215
0.275283 -0.897040 0.345744
0.122278 -0.462390 0.006816
46
0 45 47 46 45 47 46 1
0 48 50 49 48 50 49 1
0 0 2 1 0 2 1 1
0 3 5 4 3 5 4 1
0 6 3 4 6 3 4 1
0 45 46 7 45 46 7 1
0 49 50 8 49 50 8 1
0 50 9 8 50 9 8 1
0 4 5 10 4 5 10 1
0 0 1 11 0 1 11 1
0 9 45 7 9 45 7 1
0 2 6 1 2 6 1 1
0 2 3 6 2 3 6 1
0 50 45 9 50 45 9 1
0 12 14 13 12 14 13 1
0 12 15 14 12 15 14 1
0 13 16 12 13 16 12 1
0 13 17 16 13 17 16 1
0 18 20 19 18 20 19 1
0 18 21 20 18 21 20 1
0 19 22 18 19 22 18 1
0 19 23 22 19 23 22 1
0 24 26 25 24 26 25 1
0 24 27 26 24 27 26 1
0 25 28 24 25 28 24 1
0 25 29 28 25 29 28 1
0 30 32 31 30 32 31 1
0 30 33 32 30 33 32 1
0 31 34 30 31 34 30 1
0 31 35 34 31 35 34 1
0 36 21 18 36 21 18 1
0 36 37 21 36 37 21 1
0 18 38 36 18 38 36 1
0 18 22 38 18 22 38 1
0 13 40 39 13 40 39 1
0 13 14 40 13 14 40 1
0 39 17 13 39 17 13 1
0 39 41 17 39 41 17 1
0 39 33 30 39 33 30 1
0 39 40 33 39 40 33 1
0 30 41 39 30 41 39 1
0 30 34 41 30 34 41 1
0 25 43 42 25 43 42 1
0 25 26 43 25 26 43 1
0 42 29 25 42 29 25 1
0 42 44 29 42 44 29 1
"Mesh9" 0 9
38
0 -0.033237 0.042588 -1.389214 0.356568 0.345712 4
0 -0.377750 -1.427456 0.794944 0.967454 0.985614 4
0 0.248033 -1.427456 0.794945 0.967454 0.985614 4
0 0.740496 -1.427456 -1.117399 0.432592 0.985614 4
0 0.438990 -1.427456 -2.323394 0.095289 0.985614 4
0 -0.624308 -1.427456 -2.323394 0.095289 0.985614 4
0 -0.673567 -0.450737 -2.608656 0.015504 0.560453 4
0 0.541658 -0.450737 -2.608656 0.015504 0.560453 4
0 -0.039359 0.130475 -2.318063 0.096779 0.307455 4
0 0.761097 -0.435691 -1.261906 0.392175 0.553904 4
0 -0.495006 -0.175487 0.855878 0.984496 0.440639 4
0 -0.936292 -0.435691 -1.261907 0.392175 0.553904 4
0 -0.919832 -1.427456 -1.117400 0.432592 0.985614 4
0 0.429108 -0.175487 0.855878 0.984496 0.440639 4
0 0.406752 -3.525100 0.615818 0.901990 0.139386 6
0 -0.223513 -3.525101 0.646783 0.910651 0.139386 6
0 0.531645 -3.525100 -0.473601 0.597292 0.139386 6
0 0.010939 -3.525100 -0.758020 0.517743 0.139386 6
0 -0.500190 -3.525100 -0.442636 0.605952 0.139386 6
0 0.919832 -1.427456 -1.117399 0.432592 0.985614 11
0 0.936292 -0.435691 -1.261907 0.392175 0.553904 11
0 0.495006 -0.175487 0.855878 0.984496 0.440639 11
0 -0.429108 -0.175487 0.855878 0.984496 0.440639 11
0 0.033237 0.042588 -1.389214 0.356568 0.345712 11
0 -0.248033 -1.427456 0.794945 0.967454 0.985614 11
0 0.377749 -1.427456 0.794944 0.967454 0.985614 11
0 -0.740496 -1.427456 -1.117399 0.432592 0.985614 11
0 -0.541658 -0.450737 -2.608656 0.015504 0.560453 11
0 0.673567 -0.450737 -2.608656 0.015504 0.560453 11
0 0.624309 -1.427456 -2.323394 0.095289 0.985614 11
0 -0.438989 -1.427456 -2.323394 0.095289 0.985614 11
0 0.039359 0.130475 -2.318063 0.096779 0.307455 11
0 -0.761097 -0.435691 -1.261906 0.392175 0.553904 11
0 0.500190 -3.525100 -0.442636 0.605952 0.139386 13
0 0.223513 -3.525101 0.646783 0.910651 0.139386 13
0 -0.531646 -3.525100 -0.473601 0.597292 0.139386 13
0 -0.010939 -3.525100 -0.758020 0.517743 0.139386 13
0 -0.406752 -3.525100 0.615818 0.901990 0.139386 13
38
0.007865 0.892767 -0.450450
-0.487426 -0.586466 0.646896
0.484460 -0.606766 0.630186
0.854559 -0.519355 0.000437
0.452889 -0.687238 -0.567975
-0.464281 -0.672953 -0.575828
-0.713803 0.211652 -0.667599
0.727195 0.190154 -0.659568
0.022206 0.966146 -0.257037
0.903055 0.424069 -0.068242
-0.617144 0.199291 0.761194
-0.890092 0.453876 -0.041634
-0.864970 -0.501717 0.010368
0.761868 0.104025 0.639325
0.716635 0.268506 0.627900
-0.750450 0.218996 0.609385
0.792081 0.359650 -0.406816
-0.029133 0.448855 -0.813805
-0.811501 0.356247 -0.376272
0.864970 -0.501717 0.010368
0.890092 0.453876 -0.041634
0.617144 0.199291 0.761194
-0.761868 0.104025 0.639325
-0.007865 0.892767 -0.450450
-0.484460 -0.606766 0.630185
0.487425 -0.586466 0.646896
-0.854559 -0.519355 0.000437
-0.727195 0.190154 -0.659568
0.713803 0.211652 -0.667599
0.464281 -0.672953 -0.575828
-0.452889 -0.687238 -0.567975
-0.022206 0.966146 -0.257037
-0.903055 0.424069 -0.068242
0.811501 0.356247 -0.376272
0.750450 0.218996 0.609385
-0.792081 0.359650 -0.406816
0.029133 0.448855 -0.813805
-0.716635 0.268506 0.627900
62
0 10 12 11 10 12 11 1
0 10 14 13 10 14 13 1
0 0 18 11 0 18 11 1
0 1 13 2 1 13 2 1
0 1 10 13 1 10 13 1
0 13 3 2 13 3 2 1
0 14 10 15 14 10 15 1
0 2 12 1 2 12 1 1
0 2 3 12 2 3 12 1
0 4 6 5 4 6 5 1
0 4 7 6 4 7 6 1
0 6 12 5 6 12 5 1
0 12 6 11 12 6 11 1
0 7 8 6 7 8 6 1
0 3 7 4 3 7 4 1
0 3 5 12 3 5 12 1
0 3 4 5 3 4 5 1
0 7 3 9 7 3 9 1
0 0 8 9 0 8 9 1
0 9 14 16 9 14 16 1
0 15 11 18 15 11 18 1
0 12 10 1 12 10 1 1
0 3 13 9 3 13 9 1
0 8 7 9 8 7 9 1
0 8 11 6 8 11 6 1
0 11 8 0 11 8 0 1
0 0 16 17 0 16 17 1
0 18 0 17 18 0 17 1
0 16 0 9 16 0 9 1
0 14 9 13 14 9 13 1
0 11 15 10 11 15 10 1
0 19 21 20 19 21 20 1
0 37 21 22 37 21 22 1
0 33 23 20 33 23 20 1
0 21 24 22 21 24 22 1
0 21 25 24 21 25 24 1
0 26 22 24 26 22 24 1
0 21 37 34 21 37 34 1
0 26 25 19 26 25 19 1
0 26 24 25 26 24 25 1
0 27 29 28 27 29 28 1
0 27 30 29 27 30 29 1
0 19 28 29 19 28 29 1
0 28 19 20 28 19 20 1
0 31 27 28 31 27 28 1
0 27 26 30 27 26 30 1
0 30 19 29 30 19 29 1
0 30 26 19 30 26 19 1
0 26 27 32 26 27 32 1
0 31 23 32 31 23 32 1
0 37 32 35 37 32 35 1
0 20 34 33 20 34 33 1
0 21 19 25 21 19 25 1
0 22 26 32 22 26 32 1
0 27 31 32 27 31 32 1
0 20 31 28 20 31 28 1
0 31 20 23 31 20 23 1
0 35 23 36 35 23 36 1
0 23 33 36 23 33 36 1
0 23 35 32 23 35 32 1
0 32 37 22 32 37 22 1
0 34 20 21 34 20 21 1
"Mesh10" 0 10
10
0 0.000000 0.870013 -1.166857 0.952788 0.972890 1
0 -0.663284 0.883494 -0.938953 0.417260 0.971873 1
0 0.743630 0.911498 -0.453003 0.971195 0.973933 1
0 0.759053 1.430197 -0.635016 0.873073 0.106460 1
0 -0.759053 1.430197 -0.635016 0.156448 0.122752 1
0 -0.743630 0.911498 -0.453003 0.017034 0.968574 1
0 0.663284 0.883494 -0.938953 0.648089 0.971686 1
0 0.000000 0.870013 -1.166857 0.015706 0.971051 1
0 0.000000 1.632423 -0.988385 0.015706 0.053997 1
0 0.000000 1.632423 -0.988385 0.952788 0.046002 1
10
0.000000 0.227927 -0.973678
-0.671729 0.188420 -0.716434
0.931010 -0.083218 -0.355380
0.780724 0.226144 -0.539984
-0.780724 0.226144 -0.539984
-0.931010 -0.083218 -0.355380
0.671729 0.188419 -0.716435
0.000000 0.227927 -0.973678
0.000000 0.390774 -0.897710
0.000000 0.390774 -0.897710
6
0 6 8 7 6 8 7 1
0 9 1 0 9 1 0 1
0 2 3 6 2 3 6 1
0 4 5 1 4 5 1 1
0 1 9 4 1 9 4 1
0 8 6 3 8 6 3 1

Materials: 11
"Material0"
0.090395 0.090395 0.107345 1.000000
0.090395 0.090395 0.107345 1.000000
0.000000 0.000000 0.000000 1.000000
0.000000 0.000000 0.000000 1.000000
0.000000
1.000000
""
""
"Material1"
0.000000 0.740113 0.361582 1.000000
0.000000 0.740113 0.361582 1.000000
0.000000 0.000000 0.000000 1.000000
0.000000 0.000000 0.000000 1.000000
0.000000
1.000000
""
""
"Material2"
1.000000 0.875706 0.734463 1.000000
1.000000 0.875706 0.734463 1.000000
0.000000 0.000000 0.000000 1.000000
0.000000 0.000000 0.000000 1.000000
0.000000
1.000000
""
""
"Material3"
0.966102 0.661017 0.474576 1.000000
0.966102 0.751413 0.587571 1.000000
0.000000 0.000000 0.000000 1.000000
0.000000 0.000000 0.000000 1.000000
0.000000
1.000000
""
""
"Material4"
1.000000 1.000000 1.000000 1.000000
1.000000 1.000000 1.000000 1.000000
0.000000 0.000000 0.000000 1.000000
0.000000 0.000000 0.000000 1.000000
0.000000
1.000000
""
""
"Material5"
1.000000 1.000000 1.000000 1.000000
1.000000 1.000000 1.000000 1.000000
0.000000 0.000000 0.000000 1.000000
0.000000 0.000000 0.000000 1.000000
0.000000
1.000000
"t5_yuni_00.bmp"
""
"Material6"
1.000000 1.000000 1.000000 1.000000
1.000000 1.000000 1.000000 1.000000
0.000000 0.000000 0.000000 1.000000
0.000000 0.000000 0.000000 1.000000
0.000000
1.000000
"face.ini"
""
"Material7"
1.000000 1.000000 1.000000 1.000000
1.000000 1.000000 1.000000 1.000000
0.000000 0.000000 0.000000 1.000000
0.000000 0.000000 0.000000 1.000000
0.000000
1.000000
"t8_yuni_00.bmp"
""
"Material8"
1.000000 1.000000 1.000000 1.000000
1.000000 1.000000 1.000000 1.000000
0.000000 0.000000 0.000000 1.000000
0.000000 0.000000 0.000000 1.000000
0.000000
1.000000
"t7_yuni_00.bmp"
""
"Material9"
1.000000 1.000000 1.000000 1.000000
1.000000 1.000000 1.000000 1.000000
0.000000 0.000000 0.000000 1.000000
0.000000 0.000000 0.000000 1.000000
0.000000
1.000000
"t4_yuni_00.bmp"
""
"Material10"
1.000000 1.000000 1.000000 1.000000
1.000000 1.000000 1.000000 1.000000
0.000000 0.000000 0.000000 1.000000
0.000000 0.000000 0.000000 1.000000
0.000000
1.000000
"t6_yuni_01.bmp"
""

Bones: 16
"torso"
""
8 0 0 0 0 0 0
0
0
"head"
""
8 0 0 0 0 0 0
0
0
"pelvis"
""
8 0 0 0 0 0 0
0
0
"r lower arm"
""
8 0 0 0 0 0 0
0
0
"r foot"
""
8 0 0 0 0 0 0
0
0
"r hand"
""
8 0 0 0 0 0 0
0
0
"r leg"
""
8 0 0 0 0 0 0
0
0
"r thigh"
""
8 0 0 0 0 0 0
0
0
"r upper arm"
""
8 0 0 0 0 0 0
0
0
"neck"
""
8 0 0 0 0 0 0
0
0
"l lower arm"
""
8 0 0 0 0 0 0
0
0
"l foot"
""
8 0 0 0 0 0 0
0
0
"l hand"
""
8 0 0 0 0 0 0
0
0
"l leg"
""
8 0 0 0 0 0 0
0
0
"l thigh"
""
8 0 0 0 0 0 0
0
0
"l upper arm"
""
8 0 0 0 0 0 0
0
0
