// MilkShape 3D ASCII

Frames: 1
Frame: 1

Meshes: 29
"Pelvis" 0 0
23
0 0.000000 0.040000 -0.740000 0.660156 0.097656 2
0 -1.050000 -0.540000 -0.620000 0.660156 0.097656 2
0 -0.400000 -1.740000 -0.670000 0.660156 0.097656 2
0 0.240000 -1.290000 0.170000 0.660156 0.097656 2
0 0.400000 -1.740000 -0.670000 0.660156 0.097656 2
0 -0.240000 -1.290000 0.170000 0.660156 0.097656 2
0 -0.350000 -1.790000 0.970000 0.660156 0.097656 2
0 -1.120000 0.160000 0.320000 0.660156 0.097656 2
0 -1.430000 -0.440000 0.170000 0.660156 0.097656 2
0 0.970000 0.290000 0.700000 0.660156 0.097656 2
0 1.120000 0.160000 0.320000 0.660156 0.097656 2
0 1.430000 -0.440000 0.170000 0.660156 0.097656 2
0 1.050000 -0.540000 -0.620000 0.660156 0.097656 2
0 0.810000 0.130000 -0.560000 0.660156 0.097656 2
0 -0.810000 0.130000 -0.560000 0.660156 0.097656 2
0 0.000000 -0.410000 1.400000 0.660156 0.097656 2
0 -1.080000 -0.590000 0.970000 0.660156 0.097656 2
0 0.350000 -1.790000 0.970000 0.660156 0.097656 2
0 -0.970000 0.290000 0.700000 0.660156 0.097656 2
0 0.900000 0.340000 0.820000 0.660156 0.097656 2
0 1.080000 -0.590000 0.970000 0.660156 0.097656 2
0 -0.900000 0.340000 0.820000 0.660156 0.097656 2
0 0.000000 0.420000 0.930000 0.660156 0.097656 2
23
0.000000 -0.049610 0.998769
0.558190 -0.283028 0.779948
0.058724 0.523213 0.850176
0.000000 0.974970 0.222335
-0.050006 0.865014 0.499250
0.000000 0.987635 -0.156770
0.140702 0.928098 -0.344729
0.880715 -0.435094 0.187174
0.907801 -0.412372 -0.076460
-0.887072 -0.296725 -0.353635
-0.880715 -0.435094 0.187174
-0.907801 -0.412372 -0.076460
-0.558190 -0.283028 0.779948
-0.614859 -0.286063 0.734926
0.614859 -0.286063 0.734926
-0.027335 -0.085194 -0.995989
0.582089 -0.202790 -0.787432
-0.172176 0.697151 -0.695943
0.887072 -0.296725 -0.353635
-0.514776 -0.342351 -0.786003
-0.675871 -0.134895 -0.724570
0.573186 -0.237435 -0.784272
0.131796 -0.388888 -0.911809
26
0 0 1 2 0 1 2 1
0 3 4 5 3 4 5 1
0 5 6 3 5 6 3 1
0 7 8 1 7 8 1 1
0 9 10 11 9 10 11 1
0 12 13 0 12 13 0 1
0 12 11 10 12 11 10 1
0 0 2 4 0 2 4 1
0 0 14 1 0 14 1 1
0 4 12 0 4 12 0 1
0 1 14 7 1 14 7 1
0 10 13 12 10 13 12 1
0 15 6 16 15 6 16 1
0 17 6 15 17 6 15 1
0 8 7 18 8 7 18 1
0 19 9 20 19 9 20 1
0 15 20 17 15 20 17 1
0 16 18 21 16 18 21 1
0 22 19 15 22 19 15 1
0 21 22 16 21 22 16 1
0 11 20 9 11 20 9 1
0 18 16 8 18 16 8 1
0 5 4 2 5 4 2 1
0 3 6 17 3 6 17 1
0 15 19 20 15 19 20 1
0 16 22 15 16 22 15 1
"R upper leg1" 0 0
16
0 -0.430000 -1.270000 0.670000 0.658203 0.091797 7
0 -0.520000 -0.340000 0.730000 0.658203 0.091797 7
0 0.340000 -1.250000 0.760000 0.658203 0.091797 7
0 -0.350000 -1.790000 0.970000 0.658203 0.091797 2
0 -0.800000 -1.190000 -0.060000 0.658203 0.091797 7
0 -0.930000 -0.240000 -0.060000 0.658203 0.091797 7
0 0.560000 -1.300000 -0.060000 0.658203 0.091797 7
0 -1.430000 -0.440000 0.170000 0.658203 0.091797 2
0 -1.080000 -0.590000 0.970000 0.658203 0.091797 2
0 0.230000 -1.250000 -0.880000 0.658203 0.091797 7
0 -0.500000 -0.340000 -0.870000 0.658203 0.091797 7
0 -0.410000 -1.270000 -0.820000 0.658203 0.091797 7
0 -0.410000 -1.260000 -0.820000 0.658203 0.091797 7
0 -1.050000 -0.540000 -0.620000 0.658203 0.091797 2
0 -0.400000 -1.740000 -0.670000 0.658203 0.091797 2
0 -0.240000 -1.290000 0.170000 0.658203 0.091797 2
16
0.705523 0.116148 -0.699104
0.336254 0.868215 0.364877
0.868159 -0.459081 0.188534
0.431072 -0.543469 0.720291
0.981332 0.089506 0.170223
0.609965 0.785339 -0.105760
0.328484 -0.943691 -0.039324
-0.356393 0.931350 0.074636
0.019482 0.669463 0.742590
0.416753 -0.878392 -0.233974
0.239014 0.371730 -0.897045
0.929998 0.039483 0.365437
0.985842 0.072888 0.151004
-0.511573 0.583829 -0.630426
0.034227 -0.760952 -0.647905
-0.027314 -0.998310 -0.051300
20
0 0 1 2 0 1 2 1
0 3 2 1 3 2 1 1
0 4 5 0 4 5 0 1
0 6 2 3 6 2 3 1
0 7 8 1 7 8 1 1
0 9 10 11 9 10 11 1
0 10 5 12 10 5 12 1
0 13 7 5 13 7 5 1
0 14 13 10 14 13 10 1
0 3 15 6 3 15 6 1
0 14 9 6 14 9 6 1
0 6 15 14 6 15 14 1
0 5 10 13 5 10 13 1
0 1 5 7 1 5 7 1
0 1 8 3 1 8 3 1
0 10 9 14 10 9 14 1
0 12 4 11 12 4 11 1
0 0 5 1 0 5 1 1
0 11 10 12 11 10 12 1
0 12 5 4 12 5 4 1
"R upper leg2" 0 0
14
0 0.310000 -2.990000 -0.760000 0.537109 0.033203 7
0 0.390000 -4.030000 -0.680000 0.537109 0.033203 7
0 0.610000 -3.030000 -0.060000 0.537109 0.033203 7
0 -0.140000 -4.030000 -0.680000 0.537109 0.033203 7
0 0.660000 -4.030000 -0.050000 0.537109 0.033203 7
0 0.390000 -4.030000 0.470000 0.537109 0.033203 7
0 0.340000 -1.250000 0.760000 0.537109 0.033203 7
0 -0.140000 -4.030000 0.470000 0.537109 0.033203 7
0 -0.410000 -1.270000 -0.820000 0.537109 0.033203 7
0 0.230000 -1.250000 -0.880000 0.537109 0.033203 7
0 -0.800000 -1.190000 -0.060000 0.537109 0.033203 7
0 -0.410000 -4.030000 -0.050000 0.537109 0.033203 7
0 -0.430000 -1.270000 0.670000 0.537109 0.033203 7
0 0.560000 -1.300000 -0.060000 0.537109 0.033203 7
14
-0.410290 0.036001 0.911244
-0.717822 -0.002292 0.696222
-0.996858 -0.027962 0.074109
0.543987 0.108270 0.832079
-0.998054 -0.050270 -0.036881
-0.710004 0.029074 -0.703597
-0.566813 0.056828 -0.821884
0.374409 0.117921 -0.919735
0.387701 0.089515 0.917429
-0.706708 0.012352 0.707398
0.980883 0.130061 0.144753
0.973720 0.135372 -0.183149
0.701623 0.122880 -0.701873
-0.997767 -0.028838 0.060251
16
0 0 1 2 0 1 2 1
0 3 1 0 3 1 0 1
0 1 4 2 1 4 2 1
0 2 5 6 2 5 6 1
0 6 5 7 6 5 7 1
0 8 3 0 8 3 0 1
0 0 9 8 0 9 8 1
0 10 11 3 10 11 3 1
0 3 8 10 3 8 10 1
0 12 7 11 12 7 11 1
0 6 7 12 6 7 12 1
0 11 10 12 11 10 12 1
0 6 13 2 6 13 2 1
0 2 9 0 2 9 0 1
0 2 13 9 2 13 9 1
0 2 4 5 2 4 5 1
"R lower leg1" 0 0
22
0 0.540000 -1.050000 -0.050000 0.531250 0.033203 6
0 0.460000 -0.540000 0.010000 0.531250 0.033203 6
0 0.250000 -1.010000 -0.440000 0.531250 0.033203 6
0 0.340000 -1.080000 0.700000 0.531250 0.033203 6
0 -0.250000 -0.880000 0.690000 0.531250 0.033203 6
0 0.330000 -0.590000 0.500000 0.531250 0.033203 6
0 -0.590000 -0.730000 -0.020000 0.531250 0.033203 6
0 -0.410000 -4.030000 -0.050000 0.531250 0.033203 7
0 -0.270000 -0.930000 -0.440000 0.531250 0.033203 6
0 -0.270000 -0.400000 -0.480000 0.531250 0.033203 6
0 -0.140000 -4.030000 -0.680000 0.531250 0.033203 7
0 0.270000 -0.500000 -0.480000 0.531250 0.033203 6
0 0.390000 -4.030000 -0.680000 0.531250 0.033203 7
0 0.390000 -4.030000 0.470000 0.531250 0.033203 7
0 0.660000 -4.030000 -0.050000 0.531250 0.033203 7
0 -0.310000 -2.530000 0.550000 0.531250 0.033203 6
0 0.320000 -2.580000 -0.240000 0.531250 0.033203 6
0 0.160000 -2.530000 0.550000 0.531250 0.033203 6
0 0.200000 -2.530000 -0.320000 0.531250 0.033203 6
0 -0.270000 -2.530000 -0.320000 0.531250 0.033203 6
0 -0.480000 -2.530000 0.000000 0.531250 0.033203 6
0 -0.140000 -4.030000 0.470000 0.531250 0.033203 7
22
-0.970603 -0.042036 0.236987
0.845565 -0.064014 0.530021
-0.482768 0.034290 0.875077
-0.745838 -0.024630 -0.665672
-0.367139 -0.216096 -0.904716
-0.583985 -0.539640 0.606424
0.986207 0.037879 0.161126
-0.998475 -0.047172 -0.028692
0.464705 0.069094 0.882765
-0.538681 0.109229 -0.835399
-0.550701 0.026214 -0.834291
0.038216 0.309438 0.950151
0.559471 0.067097 -0.826130
0.733104 0.019328 0.679841
0.997709 0.056543 0.037142
0.731831 0.056518 -0.679138
-0.982401 0.113641 0.148236
-0.382553 0.134337 -0.914115
-0.488047 0.046791 0.871562
0.315209 0.072434 0.946254
0.949807 0.055602 0.307856
-0.223280 -0.050964 0.973421
32
0 0 1 2 0 1 2 1
0 3 4 5 3 4 5 1
0 6 7 4 6 7 4 1
0 8 9 6 8 9 6 1
0 9 10 7 9 10 7 1
0 9 11 12 9 11 12 1
0 13 14 1 13 14 1 1
0 12 10 9 12 10 9 1
0 12 11 1 12 11 1 1
0 1 14 12 1 14 12 1
0 2 11 8 2 11 8 1
0 4 15 6 4 15 6 1
0 5 13 1 5 13 1 1
0 0 16 3 0 16 3 1
0 3 17 4 3 17 4 1
0 3 5 0 3 5 0 1
0 2 18 0 2 18 0 1
0 8 19 2 8 19 2 1
0 6 20 8 6 20 8 1
0 5 21 13 5 21 13 1
0 2 1 11 2 1 11 1
0 5 4 21 5 4 21 1
0 4 7 21 4 7 21 1
0 6 9 7 6 9 7 1
0 8 11 9 8 11 9 1
0 6 15 20 6 15 20 1
0 3 16 17 3 16 17 1
0 4 17 15 4 17 15 1
0 0 5 1 0 5 1 1
0 0 18 16 0 18 16 1
0 2 19 18 2 19 18 1
0 8 20 19 8 20 19 1
"R lower leg2" 0 0
12
0 -0.370000 -3.530000 0.510000 0.597656 0.031250 6
0 -0.520000 -3.530000 -0.380000 0.597656 0.031250 6
0 -0.630000 -2.510000 0.030000 0.597656 0.031250 6
0 -0.310000 -2.530000 0.550000 0.597656 0.031250 6
0 0.320000 -2.580000 -0.240000 0.597656 0.031250 6
0 0.370000 -3.530000 -0.380000 0.597656 0.031250 6
0 0.260000 -3.530000 0.510000 0.597656 0.031250 6
0 0.160000 -2.530000 0.550000 0.597656 0.031250 6
0 -0.050000 -3.530000 -0.530000 0.597656 0.031250 6
0 0.200000 -2.530000 -0.320000 0.597656 0.031250 6
0 -0.480000 -2.530000 0.000000 0.597656 0.031250 6
0 -0.270000 -2.530000 -0.320000 0.597656 0.031250 6
12
0.560035 0.067757 -0.825693
0.792918 -0.070252 0.605265
0.735653 -0.677214 -0.014030
0.377699 -0.510470 -0.772505
-0.977645 -0.103952 0.182766
-0.761113 -0.117183 0.637946
-0.831273 -0.035547 -0.554726
-0.407389 -0.004209 -0.913245
-0.011335 -0.155650 0.987747
-0.318980 -0.160904 0.934003
-0.138061 -0.989958 -0.030364
0.268842 -0.498894 0.823911
13
0 0 1 2 0 1 2 1
0 2 3 0 2 3 0 1
0 4 5 6 4 5 6 1
0 3 7 0 3 7 0 1
0 0 7 6 0 7 6 1
0 6 7 4 6 7 4 1
0 8 5 9 8 5 9 1
0 9 5 4 9 5 4 1
0 2 10 3 2 10 3 1
0 2 1 11 2 1 11 1
0 11 1 8 11 1 8 1
0 8 9 11 8 9 11 1
0 11 10 2 11 10 2 1
"R foot" 0 0
33
0 -1.010000 -1.430000 -1.120000 0.361328 0.744141 4
0 -1.030000 -0.540000 -1.270000 0.353516 0.669922 4
0 -0.590000 -0.180000 0.690000 0.494141 0.669922 4
0 0.260000 -3.530000 0.510000 0.474609 0.626953 6
0 0.320000 -0.180000 0.690000 0.494141 0.669922 4
0 -0.520000 -3.530000 -0.380000 0.412109 0.626953 6
0 -0.700000 0.030000 -1.390000 0.345703 0.626953 4
0 -0.470000 -1.430000 0.630000 0.490234 0.744141 4
0 0.640000 -1.430000 -1.120000 0.326172 0.744141 4
0 0.140000 -1.430000 0.630000 0.404297 0.744141 4
0 0.320000 -0.180000 0.690000 0.408203 0.669922 4
0 -0.370000 -3.530000 0.510000 0.474609 0.626953 6
0 0.640000 -1.430000 -1.120000 0.361328 0.744141 4
0 0.140000 -1.430000 0.630000 0.490234 0.744141 4
0 0.440000 -0.560000 -2.610000 0.255859 0.669922 4
0 -0.770000 -0.560000 -2.610000 0.255859 0.669922 4
0 0.330000 -1.430000 -2.330000 0.275391 0.744141 4
0 -0.720000 -1.430000 -2.330000 0.275391 0.744141 4
0 -0.570000 0.120000 -2.320000 0.279297 0.626953 4
0 0.660000 -0.540000 -1.270000 0.353516 0.669922 4
0 0.230000 0.120000 -2.320000 0.279297 0.626953 4
0 0.370000 0.030000 -1.390000 0.345703 0.626953 4
0 0.370000 -3.530000 -0.380000 0.365234 0.626953 6
0 0.660000 -0.540000 -1.270000 0.318359 0.669922 4
0 -0.050000 -3.530000 -0.530000 0.279297 0.564453 6
0 -0.700000 0.030000 -1.390000 0.376953 0.501953 4
0 0.370000 0.030000 -1.390000 0.376953 0.619141 4
0 -0.520000 -3.530000 -0.380000 0.259766 0.513672 6
0 0.370000 -3.530000 -0.380000 0.412109 0.626953 6
0 0.260000 -3.530000 0.510000 0.396484 0.650391 6
0 0.230000 0.120000 -2.320000 0.490234 0.603516 4
0 0.370000 -3.530000 -0.380000 0.259766 0.611328 6
0 -0.570000 0.120000 -2.320000 0.490234 0.517578 4
32
0.763367 0.645726 -0.017583
0.916805 -0.367560 -0.156101
-0.027115 -0.152695 0.987901
0.000000 -0.053608 0.998562
0.000000 0.042280 -0.999106
-0.933465 -0.220725 -0.282707
0.645396 -0.495954 -0.580942
0.344819 0.435886 -0.831326
-0.972451 0.072059 -0.221689
-0.950655 0.149932 -0.271615
0.237144 0.467389 -0.851652
-0.643031 -0.083181 0.761309
-0.508982 0.854182 0.106350
0.000000 0.898794 -0.438371
-0.643134 -0.131061 0.754455
0.641102 0.012443 0.767355
-0.320222 0.610808 0.724135
0.335416 0.847436 0.411520
0.559355 -0.506884 0.655889
-0.931809 -0.319669 -0.171882
-0.738230 -0.479191 0.474755
-0.680003 -0.465267 -0.566676
0.988050 -0.033201 0.150516
-0.048299 -0.983854 0.172330
0.011050 -0.264615 -0.964291
-0.089588 -0.765582 -0.637070
0.130022 -0.596107 -0.792307
-0.292583 -0.274736 -0.915923
-0.137208 -0.270421 -0.952915
0.992157 -0.024232 0.122626
0.000000 -0.995350 -0.096324
0.324645 -0.258168 -0.909920
35
0 0 1 2 0 1 2 1
0 3 4 2 3 4 2 1
0 5 1 6 5 1 6 1
0 2 4 7 2 4 7 1
0 8 9 10 8 9 10 1
0 2 11 3 2 11 3 1
0 12 0 13 12 0 13 1
0 14 15 16 14 15 16 1
0 0 17 15 0 17 15 1
0 15 1 0 15 1 0 1
0 18 15 14 18 15 14 1
0 14 16 12 14 16 12 1
0 16 17 12 16 17 12 1
0 12 19 14 12 19 14 1
0 20 19 21 20 19 21 1
0 22 23 10 22 23 10 1
0 5 11 2 5 11 2 1
0 2 7 0 2 7 0 1
0 10 23 8 10 23 8 1
0 14 19 20 14 19 20 1
0 1 15 18 1 15 18 1
0 18 6 1 18 6 1 1
0 24 25 26 24 25 26 1
0 25 24 27 25 24 27 1
0 21 19 28 21 19 28 1
0 2 1 5 2 1 5 1
0 10 29 22 10 29 22 1
0 26 25 30 26 25 30 1
0 20 18 14 20 18 14 1
0 26 31 24 26 31 24 1
0 7 4 13 7 4 13 1
0 13 0 7 13 0 7 1
0 16 15 17 16 15 17 1
0 12 17 0 12 17 0 1
0 30 25 32 30 25 30 1
"L upper leg1" 0 0
15
0 -0.560000 -1.300000 -0.060000 0.654297 0.093750 14
0 -0.230000 -1.250000 -0.880000 0.654297 0.093750 14
0 0.400000 -1.740000 -0.670000 0.654297 0.093750 2
0 0.520000 -0.340000 0.730000 0.654297 0.093750 14
0 -0.340000 -1.250000 0.760000 0.654297 0.093750 14
0 0.350000 -1.790000 0.970000 0.654297 0.093750 2
0 0.240000 -1.290000 0.170000 0.654297 0.093750 2
0 1.080000 -0.590000 0.970000 0.654297 0.093750 2
0 0.430000 -1.270000 0.670000 0.654297 0.093750 14
0 0.410000 -1.270000 -0.820000 0.654297 0.093750 14
0 0.500000 -0.340000 -0.870000 0.654297 0.093750 14
0 1.050000 -0.540000 -0.620000 0.654297 0.093750 2
0 0.800000 -1.190000 -0.060000 0.654297 0.093750 14
0 0.930000 -0.240000 -0.060000 0.654297 0.093750 14
0 1.430000 -0.440000 0.170000 0.654297 0.093750 2
15
-0.328332 -0.943742 -0.039372
-0.416433 -0.878576 -0.233856
-0.034162 -0.760973 -0.647883
-0.575263 0.797684 0.181031
-0.868196 -0.459005 0.188549
-0.430906 -0.543466 0.720392
0.027505 -0.998296 -0.051464
-0.019179 0.669192 0.742842
-0.571689 0.107799 -0.813358
-0.697297 0.109967 0.708296
0.042285 0.659179 -0.750796
0.511104 0.584254 -0.630413
-0.978069 0.131136 -0.161819
-0.449359 0.893306 0.008997
0.356120 0.931437 0.074851
18
0 0 1 2 0 1 2 1
0 3 4 5 3 4 5 1
0 0 6 5 0 6 5 1
0 5 7 3 5 7 3 1
0 4 3 8 4 3 8 1
0 9 10 1 9 10 1 1
0 10 11 2 10 11 2 1
0 12 13 9 12 13 9 1
0 2 6 0 2 6 0 1
0 13 14 11 13 14 11 1
0 11 10 13 11 10 13 1
0 14 13 3 14 13 3 1
0 5 4 0 5 4 0 1
0 3 7 14 3 7 14 1
0 2 1 10 2 1 10 1
0 8 3 12 8 3 12 1
0 9 13 10 9 13 10 1
0 12 3 13 12 3 13 1
"L upper leg2" 0 0
14
0 -0.610000 -3.030000 -0.060000 0.533203 0.035156 14
0 -0.660000 -4.030000 -0.050000 0.533203 0.035156 14
0 -0.390000 -4.030000 -0.680000 0.533203 0.035156 14
0 -0.310000 -2.990000 -0.760000 0.533203 0.035156 14
0 0.140000 -4.030000 -0.680000 0.533203 0.035156 14
0 -0.230000 -1.250000 -0.880000 0.533203 0.035156 14
0 -0.390000 -4.030000 0.470000 0.533203 0.035156 14
0 0.410000 -4.030000 -0.050000 0.533203 0.035156 14
0 0.140000 -4.030000 0.470000 0.533203 0.035156 14
0 0.430000 -1.270000 0.670000 0.533203 0.035156 14
0 -0.560000 -1.300000 -0.060000 0.533203 0.035156 14
0 0.410000 -1.270000 -0.820000 0.533203 0.035156 14
0 0.800000 -1.190000 -0.060000 0.533203 0.035156 14
0 -0.340000 -1.250000 0.760000 0.533203 0.035156 14
14
0.996858 -0.027962 0.074109
0.998054 -0.050270 -0.036881
0.717822 -0.002292 0.696222
0.410290 0.036001 0.911244
-0.543987 0.108270 0.832079
0.706708 0.012352 0.707398
0.710004 0.029074 -0.703597
-0.973720 0.135372 -0.183149
-0.374409 0.117921 -0.919735
-0.701623 0.122880 -0.701873
0.997767 -0.028838 0.060251
-0.387701 0.089515 0.917429
-0.980883 0.130061 0.144753
0.566813 0.056828 -0.821884
16
0 0 1 2 0 1 2 1
0 0 2 3 0 2 3 1
0 3 2 4 3 2 4 1
0 3 5 0 3 5 0 1
0 6 1 0 6 1 0 1
0 7 8 9 7 8 9 1
0 5 10 0 5 10 0 1
0 3 4 11 3 4 11 1
0 11 5 3 11 5 3 1
0 4 7 12 4 7 12 1
0 12 11 4 12 11 4 1
0 0 10 13 0 10 13 1
0 9 12 7 9 12 7 1
0 9 8 13 9 8 13 1
0 13 6 0 13 6 0 1
0 8 6 13 8 6 13 1
"L lower leg1" 0 0
23
0 -0.250000 -1.010000 -0.440000 0.529297 0.037109 13
0 -0.270000 -0.500000 -0.480000 0.529297 0.037109 13
0 -0.560000 -1.040000 0.000000 0.529297 0.037109 13
0 -0.460000 -0.540000 0.010000 0.529297 0.037109 13
0 -0.390000 -4.030000 0.470000 0.529297 0.037109 14
0 -0.330000 -0.590000 0.500000 0.529297 0.037109 13
0 0.340000 -0.880000 0.690000 0.529297 0.037109 13
0 0.310000 -2.530000 0.550000 0.529297 0.037109 13
0 -0.240000 -1.080000 0.700000 0.529297 0.037109 13
0 0.590000 -0.730000 -0.020000 0.529297 0.037109 13
0 0.480000 -2.530000 0.000000 0.529297 0.037109 13
0 0.270000 -0.930000 -0.440000 0.529297 0.037109 13
0 0.270000 -2.530000 -0.320000 0.529297 0.037109 13
0 0.410000 -4.030000 -0.050000 0.529297 0.037109 14
0 0.140000 -4.030000 -0.680000 0.529297 0.037109 14
0 0.270000 -0.400000 -0.480000 0.529297 0.037109 13
0 -0.390000 -4.030000 -0.680000 0.529297 0.037109 14
0 -0.660000 -4.030000 -0.050000 0.529297 0.037109 14
0 -0.200000 -2.530000 -0.320000 0.529297 0.037109 13
0 0.140000 -4.030000 0.470000 0.529297 0.037109 14
0 -0.240000 -1.070000 0.700000 0.529297 0.037109 13
0 -0.380000 -2.530000 0.000000 0.529297 0.037109 13
0 -0.160000 -2.530000 0.550000 0.529297 0.037109 13
23
0.466074 0.089905 0.880166
0.808277 0.075731 0.583913
0.998562 0.000233 -0.053603
-0.993564 -0.111251 0.021293
-0.788285 -0.002222 0.615307
-0.075593 -0.996308 0.040705
-0.601078 0.017065 -0.799008
-0.399595 0.092037 -0.912060
0.416633 0.066690 -0.906626
0.050359 -0.017333 0.998581
-0.998110 0.056094 -0.025079
-0.205282 0.075946 0.975752
-0.607386 0.065311 0.791717
0.996872 -0.027805 0.073974
0.550701 0.026156 -0.834293
0.322711 0.708123 0.628028
-0.559470 0.067055 -0.826134
-0.997708 0.056560 0.037142
0.325284 0.083569 0.941916
0.558111 -0.084647 0.825437
0.838285 -0.124812 0.530755
0.960847 0.102109 0.257578
0.713031 0.119527 -0.690869
34
0 0 1 2 0 1 2 1
0 3 4 5 3 4 5 1
0 6 7 8 6 7 8 1
0 9 10 6 9 10 6 1
0 11 12 9 11 12 9 1
0 13 14 15 13 14 15 1
0 16 1 15 16 1 15 1
0 3 17 4 3 17 4 1
0 15 14 16 15 14 16 1
0 3 1 16 3 1 16 1
0 16 17 3 16 17 3 1
0 0 18 11 0 18 11 1
0 6 19 9 6 19 9 1
0 20 8 2 20 8 2 1
0 5 4 20 5 4 20 1
0 2 3 5 2 3 5 1
0 2 21 0 2 21 0 1
0 11 15 0 11 15 0 1
0 9 13 11 9 13 11 1
0 5 20 2 5 20 2 1
0 20 6 8 20 6 8 1
0 2 1 3 2 1 3 1
0 8 7 22 8 7 22 1
0 6 10 7 6 10 7 1
0 9 12 10 9 12 10 1
0 11 18 12 11 18 12 1
0 9 19 13 9 19 13 1
0 2 22 21 2 22 21 1
0 2 8 22 2 8 22 1
0 20 19 6 20 19 6 1
0 20 4 19 20 4 19 1
0 0 21 18 0 21 18 1
0 0 15 1 0 15 1 1
0 11 13 15 11 13 15 1
"L lower leg2" 0 0
12
0 0.370000 -3.530000 0.510000 0.597656 0.033203 13
0 0.310000 -2.530000 0.550000 0.597656 0.033203 13
0 0.630000 -2.510000 0.030000 0.597656 0.033203 13
0 -0.260000 -3.530000 0.510000 0.597656 0.033203 13
0 -0.370000 -3.530000 -0.380000 0.597656 0.033203 13
0 -0.380000 -2.530000 0.000000 0.597656 0.033203 13
0 -0.160000 -2.530000 0.550000 0.597656 0.033203 13
0 -0.200000 -2.530000 -0.320000 0.597656 0.033203 13
0 0.050000 -3.530000 -0.530000 0.597656 0.033203 13
0 0.480000 -2.530000 0.000000 0.597656 0.033203 13
0 0.270000 -2.530000 -0.320000 0.597656 0.033203 13
0 0.520000 -3.530000 -0.380000 0.597656 0.033203 13
12
-0.731778 0.072487 -0.677677
-0.263662 -0.341836 -0.902015
-0.735653 -0.677214 -0.014030
0.609659 0.018649 -0.792444
0.856361 -0.090750 0.508340
0.997504 -0.070519 -0.003604
0.559856 -0.022855 -0.828274
0.437985 -0.181213 0.880529
0.011335 -0.155650 0.987747
0.138061 -0.989958 -0.030364
-0.268842 -0.498894 0.823911
-0.792918 -0.070252 0.605265
13
0 0 1 2 0 1 2 1
0 3 4 5 3 4 5 1
0 0 3 1 0 3 1 1
0 1 3 6 1 3 6 1
0 5 6 3 5 6 3 1
0 7 4 8 7 4 8 1
0 5 4 7 5 4 7 1
0 1 9 2 1 9 2 1
0 10 11 2 10 11 2 1
0 8 11 10 8 11 10 1
0 10 7 8 10 7 8 1
0 2 9 10 2 9 10 1
0 2 11 0 2 11 0 1
"L foot" 0 0
33
0 0.590000 -0.180000 0.690000 0.494141 0.669922 11
0 1.030000 -0.540000 -1.270000 0.353516 0.669922 11
0 1.010000 -1.430000 -1.120000 0.361328 0.744141 11
0 -0.320000 -0.180000 0.690000 0.494141 0.669922 11
0 -0.260000 -3.530000 0.510000 0.474609 0.626953 13
0 0.700000 0.030000 -1.390000 0.345703 0.626953 11
0 0.520000 -3.530000 -0.380000 0.412109 0.626953 13
0 0.470000 -1.430000 0.630000 0.490234 0.744141 11
0 -0.140000 -1.430000 0.630000 0.490234 0.744141 11
0 -0.320000 -0.180000 0.690000 0.408203 0.669922 11
0 -0.140000 -1.430000 0.630000 0.404297 0.744141 11
0 -0.640000 -1.430000 -1.120000 0.326172 0.744141 11
0 0.370000 -3.530000 0.510000 0.474609 0.626953 13
0 -0.640000 -1.430000 -1.120000 0.361328 0.744141 11
0 -0.330000 -1.430000 -2.330000 0.275391 0.744141 11
0 0.720000 -1.430000 -2.330000 0.275391 0.744141 11
0 -0.440000 -0.560000 -2.610000 0.255859 0.669922 11
0 0.770000 -0.560000 -2.610000 0.255859 0.669922 11
0 0.570000 0.120000 -2.320000 0.279297 0.626953 11
0 -0.660000 -0.540000 -1.270000 0.353516 0.669922 11
0 -0.370000 0.030000 -1.390000 0.345703 0.626953 11
0 -0.230000 0.120000 -2.320000 0.279297 0.626953 11
0 -0.660000 -0.540000 -1.270000 0.318359 0.669922 11
0 -0.370000 -3.530000 -0.380000 0.365234 0.626953 13
0 -0.370000 0.030000 -1.390000 0.376953 0.619141 11
0 0.700000 0.030000 -1.390000 0.376953 0.501953 11
0 0.050000 -3.530000 -0.530000 0.279297 0.564453 13
0 0.520000 -3.530000 -0.380000 0.259766 0.513672 13
0 -0.370000 -3.530000 -0.380000 0.412109 0.626953 13
0 -0.260000 -3.530000 0.510000 0.396484 0.650391 13
0 -0.230000 0.120000 -2.320000 0.490234 0.603516 11
0 0.570000 0.120000 -2.320000 0.490234 0.517578 11
0 -0.370000 -3.530000 -0.380000 0.259766 0.611328 13
32
0.170429 -0.619688 -0.766120
-0.916824 -0.367519 -0.156086
-0.763367 0.645726 -0.017583
0.000000 -0.998713 -0.050719
0.000000 -0.053489 0.998568
-0.645467 -0.495975 -0.580846
0.933484 -0.220621 -0.282724
-0.353913 0.801975 -0.481229
0.000000 0.480960 -0.876743
-0.237288 0.466078 -0.852330
0.950655 0.149933 -0.271616
0.972451 0.072059 -0.221689
0.643044 -0.082990 0.761319
0.508982 0.854182 0.106350
0.323702 0.853925 0.407467
-0.330263 0.596836 0.731241
0.552339 -0.053351 0.831911
-0.754833 -0.066101 0.652577
-0.559355 -0.506884 0.655889
0.931812 -0.319676 -0.171855
0.680065 -0.465280 -0.566592
0.738230 -0.479191 0.474755
0.048372 -0.983853 0.172317
-0.988043 -0.033347 0.150528
-0.099924 -0.763706 -0.637784
0.116550 -0.600217 -0.791300
-0.011282 -0.264723 -0.964259
0.292269 -0.274813 -0.916000
0.137394 -0.270505 -0.952864
-0.992154 -0.024378 0.122626
0.000000 -0.995350 -0.096324
-0.325004 -0.258285 -0.909759
35
0 0 1 2 0 1 2 1
0 0 3 4 0 3 4 1
0 5 1 6 5 1 6 1
0 7 8 0 7 8 0 1
0 9 10 11 9 10 11 1
0 4 12 0 4 12 0 1
0 8 7 13 8 7 13 1
0 14 15 16 14 15 16 1
0 17 15 2 17 15 2 1
0 2 1 17 2 1 17 1
0 16 17 18 16 17 18 1
0 13 14 16 13 14 16 1
0 13 2 14 13 2 14 1
0 16 19 13 16 19 13 1
0 20 19 21 20 19 21 1
0 9 22 23 9 22 23 1
0 0 12 6 0 12 6 1
0 2 7 0 2 7 0 1
0 11 22 9 11 22 9 1
0 21 19 16 21 19 16 1
0 18 17 1 18 17 1 1
0 1 5 18 1 5 18 1
0 24 25 26 24 25 26 1
0 27 26 25 27 26 25 1
0 28 19 20 28 19 20 1
0 6 1 0 6 1 0 1
0 23 29 9 23 29 9 1
0 30 31 24 30 30 24 1
0 16 18 21 16 18 21 1
0 26 32 24 26 31 24 1
0 0 8 3 0 8 3 1
0 13 7 2 13 7 2 1
0 16 15 17 16 15 17 1
0 14 2 15 14 2 15 1
0 24 31 25 24 30 25 1
"Torso1" 0 0
18
0 0.540000 1.190000 -0.720000 0.443359 0.205078 0
0 0.000000 1.790000 -0.900000 0.376953 0.119141 0
0 -0.540000 1.190000 -0.720000 0.306641 0.205078 0
0 0.000000 3.190000 0.720000 0.376953 0.111328 0
0 0.300000 3.840000 0.550000 0.404297 0.017578 0
0 0.820000 3.450000 0.530000 0.482422 0.052734 0
0 0.470000 3.810000 0.210000 0.419922 0.021484 0
0 0.300000 3.200000 -0.290000 0.404297 0.107422 0
0 0.660000 3.010000 -0.590000 0.435547 0.107422 0
0 -0.150000 1.830000 -1.160000 0.353516 0.115234 0
0 -0.300000 3.840000 0.550000 0.345703 0.017578 0
0 -0.710000 3.000000 -0.580000 0.306641 0.111328 0
0 -0.300000 3.200000 -0.290000 0.345703 0.107422 0
0 -0.470000 3.810000 0.210000 0.330078 0.021484 0
0 0.230000 2.320000 -0.960000 0.404297 0.044922 0
0 0.150000 1.830000 -1.150000 0.392578 0.115234 0
0 -0.240000 2.310000 -0.970000 0.341797 0.048828 0
0 -0.800000 3.460000 0.530000 0.271484 0.052734 0
18
0.325234 0.528051 0.784465
-0.003510 0.336567 0.941653
-0.330414 0.531385 0.780036
0.000798 -0.203161 -0.979145
-0.293063 -0.464759 -0.835532
-0.676579 -0.629424 -0.382186
-0.480129 -0.810539 0.335414
0.249342 -0.654523 0.713742
-0.337718 -0.704457 0.624249
-0.835498 0.198187 0.512509
0.295639 -0.462285 -0.835997
0.370570 -0.702449 0.607654
-0.197703 -0.653784 0.730397
0.501472 -0.802639 0.322951
0.835963 -0.311639 0.451716
0.824344 0.205473 0.527482
-0.839018 -0.328890 0.433451
0.675456 -0.623325 -0.393987
14
0 0 1 2 0 1 2 1
0 3 4 5 3 4 5 1
0 6 7 8 6 7 8 1
0 2 1 9 2 1 9 1
0 10 4 3 10 4 3 1
0 11 12 13 11 12 13 1
0 5 4 6 5 4 6 1
0 14 1 15 14 1 15 1
0 15 1 0 15 1 0 1
0 9 1 16 9 1 16 1
0 17 10 3 17 10 3 1
0 6 8 5 6 8 5 1
0 13 10 17 13 10 17 1
0 17 11 13 17 11 13 1
"Torso2" 0 0
18
0 0.540000 1.190000 -0.720000 0.722656 0.031250 0
0 0.570000 1.170000 -1.190000 0.722656 0.031250 0
0 0.150000 1.830000 -1.150000 0.722656 0.031250 0
0 -0.570000 1.170000 -1.190000 0.722656 0.031250 0
0 -0.540000 1.190000 -0.720000 0.722656 0.031250 0
0 -0.150000 1.830000 -1.160000 0.722656 0.031250 0
0 -0.730000 0.660000 -0.950000 0.722656 0.031250 0
0 -0.820000 0.660000 -0.090000 0.722656 0.031250 0
0 -0.710000 0.780000 -0.480000 0.722656 0.031250 0
0 0.710000 0.780000 -0.480000 0.722656 0.031250 0
0 0.730000 0.660000 -0.950000 0.722656 0.031250 0
0 0.910000 0.670000 -0.090000 0.722656 0.031250 0
0 -0.960000 0.660000 -0.230000 0.722656 0.031250 0
0 0.960000 0.660000 -0.230000 0.722656 0.031250 0
0 0.800000 0.670000 -0.840000 0.722656 0.031250 0
0 -0.960000 0.660000 0.150000 0.722656 0.031250 0
0 0.960000 0.660000 0.150000 0.722656 0.031250 0
0 -0.800000 0.670000 -0.840000 0.722656 0.031250 0
18
0.881631 0.470545 0.036250
0.911642 0.410764 0.013489
0.844106 0.535273 0.031100
-0.911587 0.410885 0.013480
-0.881537 0.470722 0.036237
-0.843893 0.535611 0.031072
-0.491325 0.870907 -0.011014
-0.326341 0.944635 -0.034152
-0.917104 0.397716 -0.027231
0.876429 0.479033 -0.048976
0.593251 0.802480 -0.063862
0.223635 0.973901 -0.038793
0.092433 0.995281 0.029527
0.168306 0.985681 -0.010297
-0.021344 0.999767 0.003130
0.000000 1.000000 0.000000
0.196116 0.980581 0.000000
0.274669 0.957527 0.087741
14
0 0 1 2 0 1 2 1
0 3 4 5 3 4 5 1
0 6 7 8 6 7 8 1
0 8 4 3 8 4 3 1
0 1 0 9 1 0 9 1
0 10 1 9 10 1 9 1
0 8 3 6 8 3 6 1
0 9 11 10 9 11 10 1
0 7 6 12 7 6 12 1
0 13 14 11 13 14 11 1
0 7 12 15 7 12 15 1
0 16 13 11 16 13 11 1
0 12 6 17 12 6 17 1
0 11 14 10 11 14 10 1
"Torso3" 0 0
54
0 -1.000000 2.450000 -0.480000 0.539063 0.097656 0
0 -1.010000 1.960000 -1.060000 0.539063 0.097656 0
0 -0.790000 2.790000 -0.570000 0.539063 0.097656 0
0 0.790000 1.160000 -0.620000 0.539063 0.097656 0
0 1.020000 1.160000 -0.060000 0.539063 0.097656 0
0 1.030000 1.450000 -0.980000 0.539063 0.097656 0
0 1.170000 1.820000 -0.460000 0.539063 0.097656 0
0 1.250000 3.250000 -0.040000 0.539063 0.097656 0
0 1.180000 3.090000 0.430000 0.539063 0.097656 0
0 0.820000 3.450000 0.530000 0.539063 0.097656 0
0 -0.800000 3.460000 0.530000 0.539063 0.097656 0
0 -1.250000 3.250000 -0.040000 0.539063 0.097656 0
0 -0.710000 3.000000 -0.580000 0.539063 0.097656 0
0 0.660000 3.010000 -0.590000 0.539063 0.097656 0
0 1.140000 2.990000 -0.480000 0.539063 0.097656 0
0 -1.140000 2.990000 -0.480000 0.539063 0.097656 0
0 0.790000 2.790000 -0.570000 0.539063 0.097656 0
0 0.230000 2.320000 -0.960000 0.539063 0.097656 0
0 -0.240000 2.310000 -0.970000 0.539063 0.097656 0
0 -0.510000 1.930000 -1.320000 0.539063 0.097656 0
0 -0.150000 1.830000 -1.160000 0.539063 0.097656 0
0 0.150000 1.830000 -1.150000 0.539063 0.097656 0
0 0.510000 1.930000 -1.320000 0.539063 0.097656 0
0 -1.030000 1.450000 -0.980000 0.539063 0.097656 0
0 -1.170000 1.820000 -0.460000 0.539063 0.097656 0
0 -1.020000 1.160000 -0.060000 0.539063 0.097656 0
0 -0.910000 0.770000 0.640000 0.539063 0.097656 0
0 -0.920000 1.210000 0.490000 0.539063 0.097656 0
0 0.000000 0.820000 0.750000 0.539063 0.097656 0
0 0.300000 3.200000 -0.290000 0.539063 0.097656 0
0 -0.300000 3.200000 -0.290000 0.539063 0.097656 0
0 0.000000 2.510000 0.820000 0.539063 0.097656 0
0 -0.970000 2.420000 0.440000 0.539063 0.097656 0
0 -1.180000 3.090000 0.430000 0.539063 0.097656 0
0 1.010000 1.960000 -1.060000 0.539063 0.097656 0
0 -0.570000 1.170000 -1.190000 0.539063 0.097656 0
0 0.800000 0.670000 -0.840000 0.539063 0.097656 0
0 0.570000 1.170000 -1.190000 0.539063 0.097656 0
0 0.730000 0.660000 -0.950000 0.539063 0.097656 0
0 1.060000 2.190000 0.030000 0.539063 0.097656 0
0 0.000000 3.190000 0.720000 0.539063 0.097656 0
0 -1.060000 2.190000 0.030000 0.539063 0.097656 0
0 1.000000 2.450000 -0.480000 0.539063 0.097656 0
0 0.000000 1.210000 0.670000 0.539063 0.097656 0
0 0.970000 2.420000 0.440000 0.539063 0.097656 0
0 0.920000 1.210000 0.490000 0.539063 0.097656 0
0 0.910000 0.770000 0.640000 0.539063 0.097656 0
0 0.960000 0.660000 0.150000 0.539063 0.097656 0
0 -0.960000 0.660000 0.150000 0.539063 0.097656 0
0 -0.790000 1.160000 -0.620000 0.539063 0.097656 0
0 -0.960000 0.660000 -0.230000 0.539063 0.097656 0
0 -0.800000 0.670000 -0.840000 0.539063 0.097656 0
0 -0.730000 0.660000 -0.950000 0.539063 0.097656 0
0 0.960000 0.660000 -0.230000 0.539063 0.097656 0
54
0.871718 -0.247171 0.423100
0.801417 -0.245653 0.545331
0.401733 -0.322683 0.857022
-0.842537 0.418409 0.339212
-0.979965 0.198933 0.009734
-0.774889 0.395263 0.493269
-0.997974 -0.038511 0.050650
-0.318633 -0.921802 0.220801
-0.431805 -0.176454 -0.884538
-0.452477 -0.761006 -0.464902
0.445523 -0.770090 -0.456586
0.307338 -0.924171 0.226830
0.130213 -0.583317 0.801739
-0.109994 -0.592870 0.797751
-0.250564 -0.300301 0.920346
0.246705 -0.300536 0.921312
-0.392351 -0.330219 0.858496
0.101937 -0.498530 0.860858
-0.068693 -0.496093 0.865548
0.085830 -0.232018 0.968917
-0.429562 -0.112901 0.895952
0.448211 -0.104253 0.887828
-0.078465 -0.229731 0.970086
0.774889 0.395263 0.493269
0.997974 -0.038511 0.050650
0.979225 0.198682 -0.040555
0.857359 -0.115992 -0.501479
0.602048 -0.134017 -0.787133
0.064328 -0.240652 -0.968477
0.308458 -0.591643 0.744857
-0.246832 -0.598785 0.761925
-0.030735 0.016537 -0.999391
0.656372 0.060810 -0.751983
0.428987 -0.183417 -0.884493
-0.801417 -0.245653 0.545331
0.627190 0.226377 0.745242
-0.907109 -0.139230 0.397200
-0.721117 0.163161 0.673327
-0.843130 -0.011530 0.537586
-0.983911 -0.029391 -0.176223
0.000334 -0.059216 -0.998245
0.982715 -0.048099 -0.178767
-0.871718 -0.247171 0.423100
0.040260 -0.090511 -0.995081
-0.629158 0.038923 -0.776303
-0.797454 -0.018673 -0.603090
-0.533543 -0.214105 -0.818224
-0.994298 0.049975 -0.094197
0.996118 0.003208 0.087971
0.933864 0.226908 0.276424
0.965055 -0.229596 0.126310
0.917139 -0.107758 0.383724
0.843130 -0.011530 0.537586
-0.966847 -0.050371 0.250338
74
0 0 1 2 0 1 2 1
0 3 4 5 3 4 5 1
0 5 4 6 5 4 6 1
0 7 8 9 7 8 9 1
0 10 11 12 10 11 12 1
0 13 14 7 13 14 7 1
0 12 15 2 12 15 2 1
0 16 14 13 16 14 13 1
0 11 15 12 11 15 12 1
0 16 13 17 16 13 17 1
0 18 12 2 18 12 2 1
0 18 19 20 18 19 20 1
0 21 22 17 21 22 17 1
0 2 19 18 2 19 18 1
0 23 24 25 23 24 25 1
0 26 27 28 26 27 28 1
0 17 13 29 17 13 29 1
0 30 12 18 30 12 18 1
0 17 22 16 17 22 16 1
0 31 32 33 31 32 33 1
0 16 22 34 16 22 34 1
0 20 19 35 20 19 35 1
0 36 37 38 36 37 38 1
0 10 33 11 10 33 11 1
0 39 6 4 39 6 4 1
0 40 9 8 40 9 8 1
0 41 32 25 41 32 25 1
0 6 42 34 6 42 34 1
0 24 23 1 24 23 1 1
0 33 10 40 33 10 40 1
0 24 0 41 24 0 41 1
0 31 43 32 31 43 32 1
0 44 45 31 44 45 31 1
0 33 40 31 33 40 31 1
0 8 44 31 8 44 31 1
0 13 7 9 13 7 9 1
0 1 19 2 1 19 2 1
0 46 45 47 46 45 47 1
0 4 45 39 4 45 39 1
0 25 24 41 25 24 41 1
0 48 25 26 48 25 26 1
0 28 43 46 28 43 46 1
0 49 35 23 49 35 23 1
0 1 0 24 1 0 24 1
0 5 34 22 5 34 22 1
0 6 34 5 6 34 5 1
0 50 51 49 50 51 49 1
0 52 35 51 52 35 51 1
0 22 37 5 22 37 5 1
0 37 22 21 37 22 21 1
0 31 40 8 31 40 8 1
0 5 37 3 5 37 3 1
0 3 37 53 3 37 53 1
0 23 25 49 23 25 49 1
0 47 4 53 47 4 53 1
0 50 49 48 50 49 48 1
0 39 42 6 39 42 6 1
0 42 14 16 42 14 16 1
0 19 1 23 19 1 23 1
0 35 19 23 35 19 23 1
0 47 45 4 47 45 4 1
0 46 43 45 46 43 45 1
0 28 27 43 28 27 43 1
0 25 32 27 25 32 27 1
0 32 43 27 32 43 27 1
0 31 45 43 31 45 43 1
0 39 45 44 39 45 44 1
0 26 25 27 26 25 27 1
0 49 51 35 49 51 35 1
0 53 37 36 53 37 36 1
0 53 4 3 53 4 3 1
0 48 49 25 48 49 25 1
0 16 34 42 16 34 42 1
0 2 15 0 2 15 0 1
"Torso4" 0 0
28
0 -0.710000 0.780000 -0.480000 0.535156 0.039063 0
0 -0.810000 0.130000 -0.560000 0.535156 0.039063 2
0 0.000000 0.040000 -0.740000 0.535156 0.039063 2
0 0.910000 0.670000 -0.090000 0.535156 0.039063 0
0 1.120000 0.160000 0.320000 0.535156 0.039063 2
0 0.960000 0.660000 0.150000 0.535156 0.039063 0
0 -0.910000 0.770000 0.640000 0.535156 0.039063 0
0 -0.900000 0.340000 0.820000 0.535156 0.039063 2
0 -0.960000 0.660000 0.150000 0.535156 0.039063 0
0 0.000000 0.820000 0.750000 0.535156 0.039063 0
0 0.000000 0.420000 0.930000 0.535156 0.039063 2
0 0.910000 0.770000 0.640000 0.535156 0.039063 0
0 0.900000 0.340000 0.820000 0.535156 0.039063 2
0 0.970000 0.290000 0.700000 0.535156 0.039063 2
0 0.810000 0.130000 -0.560000 0.535156 0.039063 2
0 0.000000 2.630000 -0.650000 0.535156 0.039063 0
0 0.300000 3.200000 -0.290000 0.535156 0.039063 0
0 -0.300000 3.200000 -0.290000 0.535156 0.039063 0
0 -0.240000 2.310000 -0.970000 0.535156 0.039063 0
0 -0.820000 0.660000 -0.090000 0.535156 0.039063 0
0 0.230000 2.320000 -0.960000 0.535156 0.039063 0
0 0.000000 0.790000 -0.660000 0.535156 0.039063 0
0 -0.540000 1.190000 -0.720000 0.535156 0.039063 0
0 0.000000 1.790000 -0.900000 0.535156 0.039063 0
0 0.710000 0.780000 -0.480000 0.535156 0.039063 0
0 -1.120000 0.160000 0.320000 0.535156 0.039063 2
0 0.540000 1.190000 -0.720000 0.535156 0.039063 0
0 -0.970000 0.290000 0.700000 0.535156 0.039063 2
28
0.472039 -0.000682 0.881577
0.785154 -0.227482 0.576008
0.000000 -0.129573 0.991570
-0.932675 -0.182748 0.311000
-0.962982 -0.250073 0.100647
-0.967046 -0.251672 -0.038508
0.522260 -0.329841 -0.786415
0.784301 -0.340580 -0.518534
0.966199 -0.255689 -0.032908
-0.049163 -0.400836 -0.914830
0.043962 -0.400852 -0.915088
-0.784046 -0.265744 -0.560939
-0.426793 -0.350598 -0.833624
-0.940686 -0.225685 -0.253331
-0.753989 -0.168847 0.634816
0.001196 -0.493966 0.869481
0.112257 -0.572182 0.812407
-0.111623 -0.571989 0.812631
-0.465845 -0.426121 0.775505
0.917203 -0.186068 0.352303
0.468830 -0.425955 0.773797
0.000000 0.167044 0.985949
0.110318 0.291458 0.950201
0.002688 -0.285253 0.958449
-0.435338 -0.004314 0.900257
0.941312 -0.263089 0.211462
-0.110318 0.291458 0.950201
0.870782 -0.415085 -0.263520
28
0 0 1 2 0 1 2 1
0 3 4 5 3 4 5 1
0 6 7 8 6 7 8 1
0 9 10 6 9 10 6 1
0 11 12 9 11 12 9 1
0 13 12 11 13 12 11 1
0 5 4 13 5 4 13 1
0 13 11 5 13 11 5 1
0 14 4 3 14 4 3 1
0 15 16 17 15 16 17 1
0 18 15 17 18 15 17 1
0 19 1 0 19 1 0 1
0 16 15 20 16 15 20 1
0 2 21 0 2 21 0 1
0 0 21 22 0 21 22 1
0 20 15 23 20 15 23 1
0 24 21 2 24 21 2 1
0 25 1 19 25 1 19 1
0 23 15 18 23 15 18 1
0 21 24 26 21 24 26 1
0 2 14 24 2 14 24 1
0 22 21 26 22 21 26 1
0 27 25 8 27 25 8 1
0 3 24 14 3 24 14 1
0 8 25 19 8 25 19 1
0 8 7 27 8 7 27 1
0 6 10 7 6 10 7 1
0 9 12 10 9 12 10 1
"R upper arm1" 0 0
8
0 -0.150000 -0.960000 0.520000 0.527344 0.037109 8
0 -0.210000 -3.040000 0.440000 0.527344 0.037109 8
0 -0.130000 -0.950000 -0.350000 0.527344 0.037109 8
0 0.400000 -3.040000 0.440000 0.527344 0.037109 8
0 -0.210000 -2.410000 -0.140000 0.527344 0.037109 8
0 0.400000 -2.410000 -0.140000 0.527344 0.037109 8
0 0.460000 -0.900000 -0.300000 0.527344 0.037109 8
0 0.450000 -0.890000 0.520000 0.527344 0.037109 8
8
0.449642 0.020798 -0.892967
0.885304 -0.024721 -0.464355
0.700235 0.057557 0.711589
-0.452759 0.044230 -0.890535
0.733132 0.057187 0.677677
-0.720144 0.107101 0.685509
-0.741598 0.099569 0.663414
-0.896008 0.043801 -0.441872
8
0 0 1 2 0 1 2 1
0 3 1 0 3 1 0 1
0 2 4 5 2 4 5 1
0 2 5 6 2 5 6 1
0 7 3 0 7 3 0 1
0 6 5 7 6 5 7 1
0 2 1 4 2 1 4 1
0 7 5 3 7 5 3 1
"R upper arm2" 0 0
17
0 -0.970000 2.420000 0.440000 0.529297 0.095703 0
0 0.590000 -0.490000 0.040000 0.529297 0.095703 8
0 0.470000 -0.170000 0.550000 0.529297 0.095703 8
0 -1.250000 3.250000 -0.040000 0.529297 0.095703 0
0 -1.180000 3.090000 0.430000 0.529297 0.095703 0
0 -0.010000 0.030000 0.480000 0.529297 0.095703 8
0 -1.000000 2.450000 -0.480000 0.529297 0.095703 0
0 -1.140000 2.990000 -0.480000 0.529297 0.095703 0
0 0.220000 0.060000 -0.320000 0.529297 0.095703 8
0 -0.140000 0.170000 0.070000 0.529297 0.095703 8
0 0.490000 -0.170000 -0.360000 0.529297 0.095703 8
0 -1.060000 2.190000 0.030000 0.529297 0.095703 0
0 -0.250000 -0.280000 0.050000 0.529297 0.095703 8
0 -0.130000 -0.950000 -0.350000 0.529297 0.095703 8
0 -0.150000 -0.960000 0.520000 0.529297 0.095703 8
0 0.450000 -0.890000 0.520000 0.529297 0.095703 8
0 0.460000 -0.900000 -0.300000 0.529297 0.095703 8
17
-0.819343 -0.489558 0.298345
-0.979169 -0.192656 0.064129
-0.442780 -0.116183 -0.889071
0.937717 0.342889 -0.055805
0.657306 0.262792 0.706321
0.894860 0.075974 -0.439834
-0.459779 -0.371911 -0.806403
0.913944 0.368429 -0.170195
0.700337 0.035364 0.712936
0.973488 0.146521 0.175650
-0.638167 -0.189882 0.746116
-0.854573 -0.517917 -0.038309
0.977965 -0.152068 0.143037
0.536801 -0.025132 0.843334
0.646780 0.000821 -0.762676
-0.823224 0.168323 -0.542189
-0.828757 0.191889 0.525680
24
0 0 1 2 0 1 2 1
0 3 4 5 3 4 5 1
0 6 7 8 6 7 8 1
0 0 5 4 0 5 4 1
0 7 3 9 7 3 9 1
0 8 10 6 8 10 6 1
0 9 8 7 9 8 7 1
0 5 9 3 5 9 3 1
0 1 11 10 1 11 10 1
0 12 13 8 12 13 8 1
0 8 9 12 8 9 12 1
0 5 14 12 5 14 12 1
0 10 8 13 10 8 13 1
0 2 14 5 2 14 5 1
0 11 6 10 11 6 10 1
0 12 9 5 12 9 5 1
0 5 0 2 5 0 2 1
0 14 2 15 14 2 15 1
0 16 10 13 16 10 13 1
0 14 13 12 14 13 12 1
0 15 2 1 15 2 1 1
0 1 16 15 1 16 15 1
0 1 10 16 1 10 16 1
0 0 11 1 0 11 1 1
"R lower arm" 0 0
11
0 0.140000 -2.300000 0.130000 0.527344 0.037109 3
0 -0.230000 -2.100000 0.030000 0.527344 0.037109 3
0 -0.090000 -2.090000 0.300000 0.527344 0.037109 3
0 0.190000 -2.090000 0.300000 0.527344 0.037109 3
0 0.340000 -2.100000 0.030000 0.527344 0.037109 3
0 0.400000 -2.410000 -0.140000 0.527344 0.037109 8
0 0.400000 -3.040000 0.440000 0.527344 0.037109 8
0 0.190000 -2.100000 -0.220000 0.527344 0.037109 3
0 -0.090000 -2.100000 -0.220000 0.527344 0.037109 3
0 -0.210000 -2.410000 -0.140000 0.527344 0.037109 8
0 -0.210000 -3.040000 0.440000 0.527344 0.037109 8
11
-0.084967 0.991729 -0.096198
-0.663451 0.746456 -0.051354
-0.153142 0.805176 0.572922
0.071131 0.985226 0.155787
0.538128 0.842735 0.014733
0.797209 0.124925 -0.590637
0.568286 0.206421 0.796518
0.096125 0.693388 -0.714124
-0.231552 0.896361 -0.378049
-0.598116 -0.107147 -0.794215
-0.796798 0.119663 0.592279
16
0 0 1 2 0 1 2 1
0 0 2 3 0 2 3 1
0 0 3 4 0 3 4 1
0 5 4 6 5 4 6 1
0 0 7 8 0 7 8 1
0 0 8 1 0 8 1 1
0 3 2 6 3 2 6 1
0 0 4 7 0 4 7 1
0 1 8 9 1 8 9 1
0 2 1 10 2 1 10 1
0 8 7 9 8 7 9 1
0 4 3 6 4 3 6 1
0 9 10 1 9 10 1 1
0 5 7 4 5 7 4 1
0 6 2 10 6 2 10 1
0 9 7 5 9 7 5 1
"L upper arm1" 0 0
8
0 0.130000 -0.950000 -0.350000 0.531250 0.035156 15
0 0.210000 -2.410000 -0.140000 0.531250 0.035156 15
0 0.150000 -0.960000 0.520000 0.531250 0.035156 15
0 0.210000 -3.040000 0.440000 0.531250 0.035156 15
0 -0.400000 -3.040000 0.440000 0.531250 0.035156 15
0 -0.400000 -2.410000 -0.140000 0.531250 0.035156 15
0 -0.460000 -0.900000 -0.300000 0.531250 0.035156 15
0 -0.450000 -0.890000 0.520000 0.531250 0.035156 15
8
-0.410381 0.090230 0.907439
-0.897013 0.028303 0.441097
-0.704828 -0.001182 -0.709377
-0.696550 0.007502 -0.717469
0.713103 0.051336 -0.699177
0.469900 0.127127 0.873517
0.895209 0.075689 0.439171
0.703727 0.042754 -0.709183
8
0 0 1 2 0 1 2 1
0 2 3 4 2 3 4 1
0 5 1 0 5 1 0 1
0 6 5 0 6 5 0 1
0 2 4 7 2 4 7 1
0 7 4 6 7 4 6 1
0 2 1 3 2 1 3 1
0 6 4 5 6 4 5 1
"L upper arm2" 0 0
17
0 0.000000 0.030000 0.480000 0.529297 0.095703 15
0 1.180000 3.090000 0.430000 0.529297 0.095703 0
0 1.250000 3.250000 -0.040000 0.529297 0.095703 0
0 -0.220000 0.060000 -0.320000 0.529297 0.095703 15
0 1.140000 2.990000 -0.480000 0.529297 0.095703 0
0 1.000000 2.450000 -0.480000 0.529297 0.095703 0
0 0.970000 2.420000 0.440000 0.529297 0.095703 0
0 0.140000 0.170000 0.070000 0.529297 0.095703 15
0 -0.490000 -0.170000 -0.360000 0.529297 0.095703 15
0 1.060000 2.190000 0.030000 0.529297 0.095703 0
0 -0.590000 -0.490000 0.040000 0.529297 0.095703 15
0 0.130000 -0.950000 -0.350000 0.529297 0.095703 15
0 0.250000 -0.280000 0.050000 0.529297 0.095703 15
0 0.150000 -0.960000 0.520000 0.529297 0.095703 15
0 -0.470000 -0.170000 0.550000 0.529297 0.095703 15
0 -0.450000 -0.890000 0.520000 0.529297 0.095703 15
0 -0.460000 -0.900000 -0.300000 0.529297 0.095703 15
17
-0.890208 0.075316 -0.449286
-0.658565 0.265516 0.704126
-0.937070 0.343501 -0.062509
-0.700344 0.035356 0.712930
-0.914006 0.368460 -0.169797
0.459959 -0.372064 -0.806229
0.818430 -0.489905 0.300275
-0.974893 0.147235 0.167049
0.638149 -0.189857 0.746136
0.854583 -0.517882 -0.038563
0.979173 -0.192690 0.063964
-0.536801 -0.025132 0.843334
-0.978576 -0.154065 0.136578
-0.644215 -0.002431 -0.764840
0.441473 -0.116034 -0.889740
0.823224 0.168323 -0.542189
0.828757 0.191889 0.525680
24
0 0 1 2 0 1 2 1
0 3 4 5 3 4 5 1
0 1 0 6 1 0 6 1
0 7 2 4 7 2 4 1
0 5 8 3 5 8 3 1
0 4 3 7 4 3 7 1
0 2 7 0 2 7 0 1
0 8 9 10 8 9 10 1
0 3 11 12 3 11 12 1
0 12 7 3 12 7 3 1
0 12 13 0 12 13 0 1
0 10 14 15 10 14 15 1
0 11 3 8 11 3 8 1
0 0 13 14 0 13 14 1
0 8 5 9 8 5 9 1
0 0 7 12 0 7 12 1
0 14 6 0 14 6 0 1
0 15 14 13 15 14 13 1
0 11 8 16 11 8 16 1
0 12 11 13 12 11 13 1
0 16 8 10 16 8 10 1
0 10 15 16 10 15 16 1
0 10 9 6 10 9 6 1
0 14 10 6 14 10 6 1
"L lower arm" 0 0
11
0 0.090000 -2.090000 0.300000 0.531250 0.033203 10
0 0.230000 -2.100000 0.030000 0.531250 0.033203 10
0 -0.140000 -2.300000 0.130000 0.531250 0.033203 10
0 -0.190000 -2.090000 0.300000 0.531250 0.033203 10
0 -0.340000 -2.100000 0.030000 0.531250 0.033203 10
0 0.090000 -2.100000 -0.220000 0.531250 0.033203 10
0 -0.190000 -2.100000 -0.220000 0.531250 0.033203 10
0 0.210000 -3.040000 0.440000 0.531250 0.033203 15
0 0.210000 -2.410000 -0.140000 0.531250 0.033203 15
0 -0.400000 -2.410000 -0.140000 0.531250 0.033203 15
0 -0.400000 -3.040000 0.440000 0.531250 0.033203 15
11
0.197642 0.959953 0.198566
0.663138 0.746749 -0.051132
0.084966 0.991729 -0.096199
-0.053320 0.807728 0.587139
-0.538309 0.842623 0.014515
0.193650 0.641520 -0.742261
-0.112221 0.941224 -0.318596
0.612183 0.139806 0.778259
0.778640 -0.034520 -0.626520
-0.612915 0.010100 -0.790085
-0.740648 0.210097 0.638201
16
0 0 1 2 0 1 2 1
0 3 0 2 3 0 2 1
0 4 3 2 4 3 2 1
0 5 6 2 5 6 2 1
0 1 5 2 1 5 2 1
0 0 3 7 0 3 7 1
0 6 4 2 6 4 2 1
0 1 7 8 1 7 8 1
0 8 9 5 8 9 5 1
0 10 3 4 10 3 4 1
0 8 5 1 8 5 1 1
0 1 0 7 1 0 7 1
0 4 6 9 4 6 9 1
0 4 9 10 4 9 10 1
0 7 3 10 7 3 10 1
0 5 9 6 5 9 6 1
"Neck" 0 0
12
0 -0.360000 1.450000 0.070000 0.533203 0.037109 9
0 -0.470000 3.810000 0.210000 0.533203 0.037109 0
0 -0.300000 3.200000 -0.290000 0.533203 0.037109 0
0 -0.220000 1.450000 -0.300000 0.533203 0.037109 9
0 -0.220000 1.450000 0.420000 0.533203 0.037109 9
0 0.220000 1.450000 0.420000 0.533203 0.037109 9
0 0.300000 3.840000 0.550000 0.533203 0.037109 0
0 -0.300000 3.840000 0.550000 0.533203 0.037109 0
0 0.360000 1.450000 0.070000 0.533203 0.037109 9
0 0.470000 3.810000 0.210000 0.533203 0.037109 0
0 0.220000 1.450000 -0.300000 0.533203 0.037109 9
0 0.300000 3.200000 -0.290000 0.533203 0.037109 0
12
-0.994176 -0.046959 -0.097004
-0.980962 -0.051922 0.187128
-0.581353 -0.017239 -0.813469
-0.568022 -0.021118 -0.822743
-0.540788 -0.067979 0.838407
0.559534 -0.063784 0.826349
0.540561 -0.067954 0.838556
-0.522833 -0.063848 0.850040
0.984569 -0.050834 0.167451
0.996836 -0.047642 -0.063630
0.584809 -0.016367 -0.811006
0.601563 -0.022795 -0.798500
12
0 0 1 2 0 1 2 1
0 3 0 2 3 0 2 1
0 4 5 6 4 5 6 1
0 7 4 6 7 4 6 1
0 8 9 6 8 9 6 1
0 5 8 6 5 8 6 1
0 4 7 1 4 7 1 1
0 0 4 1 0 4 1 1
0 10 11 9 10 11 9 1
0 8 10 9 8 10 9 1
0 10 3 2 10 3 2 1
0 11 10 2 11 10 2 1
"Head1" 0 0
18
0 -0.840000 1.400000 0.060000 0.310547 0.080078 1
0 -0.850000 0.480000 0.080000 0.349609 0.162109 1
0 -0.600000 1.100000 -0.620000 0.287109 0.166016 1
0 -0.740000 0.190000 0.230000 0.373047 0.177734 1
0 0.000000 0.170000 0.970000 0.494141 0.115234 1
0 0.000000 -0.210000 0.610000 0.494141 0.185547 1
0 0.000000 1.600000 -0.350000 0.255859 0.095703 1
0 0.000000 1.600000 -0.350000 0.494141 0.095703 1
0 0.000000 1.230000 -0.870000 0.494141 0.177734 1
0 0.600000 1.100000 -0.620000 0.462891 0.166016 1
0 0.950000 0.680000 0.570000 0.380859 0.103516 1
0 0.840000 1.390000 0.060000 0.439453 0.080078 1
0 0.850000 0.480000 0.080000 0.400391 0.162109 1
0 -0.950000 0.680000 0.570000 0.369141 0.103516 1
0 0.000000 1.230000 -0.870000 0.255859 0.177734 1
0 0.740000 0.180000 0.220000 0.373047 0.181641 1
0 0.000000 -0.210000 0.610000 0.255859 0.185547 1
0 0.000000 0.170000 0.970000 0.255859 0.115234 1
18
0.876914 -0.290444 0.382968
0.972779 0.123639 0.195994
0.651216 -0.566634 0.504821
0.741388 0.548021 -0.387320
0.580601 0.586480 -0.564751
0.597194 0.551638 -0.582285
0.402966 -0.759399 0.510815
-0.405828 -0.760620 0.506715
-0.385744 -0.751731 0.534885
-0.653135 -0.567315 0.501566
-0.924449 0.364202 -0.112922
-0.878224 -0.291040 0.379497
-0.972940 0.120051 0.197422
0.922716 0.368133 -0.114339
0.385744 -0.751731 0.534885
-0.744013 0.545019 -0.386522
-0.597460 0.551502 -0.582141
-0.580707 0.585990 -0.565151
14
0 0 1 2 0 1 2 1
0 3 4 5 3 4 5 1
0 0 2 6 0 2 6 1
0 7 8 9 7 8 9 1
0 10 11 12 10 11 12 1
0 1 0 13 1 0 13 1
0 2 14 6 2 14 6 1
0 7 9 11 7 9 11 1
0 9 12 11 9 12 11 1
0 15 16 17 15 16 17 1
0 13 4 3 13 4 3 1
0 15 17 10 15 17 10 1
0 13 3 1 13 3 1 1
0 12 15 10 12 15 10 1
"Head2" 0 0
42
0 1.420000 1.600000 0.730000 0.658203 0.031250 1
0 1.440000 0.580000 1.590000 0.658203 0.031250 1
0 2.490000 1.390000 1.100000 0.658203 0.031250 1
0 -2.490000 1.390000 1.100000 0.658203 0.031250 1
0 -1.440000 0.580000 1.590000 0.658203 0.031250 1
0 -1.420000 1.600000 0.730000 0.658203 0.031250 1
0 0.000000 -0.480000 2.530000 0.658203 0.031250 1
0 0.610000 0.560000 2.390000 0.658203 0.031250 1
0 0.000000 0.170000 0.970000 0.658203 0.031250 1
0 -0.550000 2.100000 -0.200000 0.658203 0.031250 1
0 0.550000 2.100000 -0.200000 0.658203 0.031250 1
0 0.000000 2.740000 0.210000 0.658203 0.031250 1
0 0.670000 3.490000 0.750000 0.658203 0.031250 1
0 1.080000 2.890000 0.740000 0.658203 0.031250 1
0 0.450000 2.410000 1.370000 0.658203 0.031250 1
0 0.000000 1.200000 3.410000 0.658203 0.031250 1
0 -0.610000 0.560000 2.390000 0.658203 0.031250 1
0 0.000000 1.700000 2.330000 0.658203 0.031250 1
0 -1.200000 2.410000 2.750000 0.658203 0.031250 1
0 1.200000 2.410000 2.750000 0.658203 0.031250 1
0 0.000000 2.240000 1.810000 0.658203 0.031250 1
0 2.090000 0.080000 3.030000 0.658203 0.031250 1
0 1.160000 1.320000 2.050000 0.658203 0.031250 1
0 -2.090000 0.080000 3.030000 0.658203 0.031250 1
0 -1.920000 2.720000 -0.360000 0.658203 0.031250 1
0 -1.080000 2.890000 0.740000 0.658203 0.031250 1
0 1.920000 2.720000 -0.360000 0.658203 0.031250 1
0 -1.210000 -0.590000 1.530000 0.658203 0.031250 1
0 -1.750000 1.020000 0.170000 0.658203 0.031250 1
0 0.950000 0.680000 0.570000 0.658203 0.031250 1
0 1.210000 -0.590000 1.530000 0.658203 0.031250 1
0 -0.950000 0.680000 0.570000 0.658203 0.031250 1
0 -0.840000 1.400000 0.060000 0.658203 0.031250 1
0 0.840000 1.390000 0.060000 0.658203 0.031250 1
0 0.970000 2.080000 1.440000 0.658203 0.031250 1
0 0.000000 1.600000 -0.350000 0.658203 0.031250 1
0 -0.450000 2.410000 1.370000 0.658203 0.031250 1
0 -0.670000 3.490000 0.750000 0.658203 0.031250 1
0 0.000000 3.280000 1.790000 0.658203 0.031250 1
0 -0.970000 2.080000 1.440000 0.658203 0.031250 1
0 1.780000 1.040000 0.170000 0.658203 0.031250 1
0 -1.160000 1.320000 2.050000 0.658203 0.031250 1
42
-0.840804 -0.163136 0.516173
-0.878454 0.477010 0.027925
-0.911390 -0.373171 -0.173529
0.911390 -0.373171 -0.173529
0.876048 0.481076 0.033258
0.841626 -0.151718 0.518312
0.000000 0.847771 -0.530362
-0.330735 0.314918 -0.889630
-0.000000 0.998422 0.056160
0.252751 -0.275543 0.927466
-0.252490 -0.275578 0.927526
0.000000 -0.870336 0.492459
-0.194189 -0.966359 0.168644
-0.546941 -0.785055 -0.290764
-0.390701 -0.775265 -0.496303
0.000000 -0.094498 -0.995525
0.330735 0.314918 -0.889630
0.000000 -0.472083 -0.881554
0.431148 -0.683594 -0.588907
-0.431148 -0.683594 -0.588907
0.000000 -0.732008 -0.681296
-0.618509 0.578176 -0.532126
-0.799536 -0.251102 -0.545609
0.618509 0.578176 -0.532127
0.944478 -0.327034 0.031779
0.546941 -0.785055 -0.290764
-0.944478 -0.327034 0.031779
0.511303 0.785143 0.349456
0.718263 0.259074 0.645739
-0.307792 0.674548 0.671006
-0.511303 0.785143 0.349456
0.299909 0.676724 0.672383
0.426811 -0.016093 0.904198
-0.425245 -0.020951 0.904836
-0.743753 -0.609947 -0.273489
0.000439 0.017880 0.999840
0.390701 -0.775265 -0.496303
0.194189 -0.966359 0.168644
0.000000 -0.701589 -0.712582
0.743753 -0.609947 -0.273489
-0.725885 0.243537 0.643258
0.799536 -0.251102 -0.545609
76
0 0 1 2 0 1 2 1
0 3 4 5 3 4 5 1
0 6 7 8 6 7 8 1
0 9 10 11 9 10 11 1
0 12 13 14 12 13 14 1
0 15 16 17 15 16 17 1
0 15 17 7 15 17 7 1
0 18 17 16 18 17 16 1
0 15 7 16 15 7 16 1
0 19 17 20 19 17 20 1
0 6 8 16 6 8 16 1
0 21 7 22 21 7 22 1
0 23 16 8 23 16 8 1
0 21 8 7 21 8 7 1
0 24 9 25 24 9 25 1
0 26 13 10 26 13 10 1
0 27 4 8 27 4 8 1
0 28 5 4 28 5 4 1
0 29 8 30 29 8 30 1
0 28 31 32 28 31 32 1
0 0 10 33 0 10 33 1
0 14 13 34 14 13 34 1
0 12 11 10 12 11 10 1
0 10 9 35 10 9 35 1
0 21 1 8 21 1 8 1
0 36 20 18 36 20 18 1
0 9 24 5 9 24 5 1
0 37 25 9 37 25 9 1
0 23 8 4 23 8 4 1
0 35 9 32 35 9 32 1
0 33 10 35 33 10 35 1
0 27 8 31 27 8 31 1
0 14 20 38 14 20 38 1
0 34 13 26 34 13 26 1
0 24 25 39 24 25 39 1
0 29 30 1 29 30 1 1
0 1 0 40 1 0 40 1
0 4 27 31 4 27 31 1
0 30 8 1 30 8 1 1
0 6 16 7 6 16 7 1
0 18 20 17 18 20 17 1
0 38 20 36 38 20 36 1
0 18 16 41 18 16 41 1
0 36 25 37 36 25 37 1
0 36 37 11 36 37 11 1
0 11 12 14 11 12 14 1
0 38 11 14 38 11 14 1
0 36 11 38 36 11 38 1
0 39 25 36 39 25 36 1
0 19 20 14 19 20 14 1
0 10 13 12 10 13 12 1
0 9 11 37 9 11 37 1
0 2 22 34 2 22 34 1
0 22 2 1 22 2 1 1
0 0 2 34 0 2 34 1
0 7 17 19 7 17 19 1
0 19 14 34 19 14 34 1
0 19 34 22 19 34 22 1
0 22 1 21 22 1 21 1
0 19 22 7 19 22 7 1
0 23 4 41 23 4 41 1
0 39 41 3 39 41 3 1
0 4 3 41 4 3 41 1
0 39 3 5 39 3 5 1
0 39 36 18 39 36 18 1
0 18 41 39 18 41 39 1
0 41 16 23 41 16 23 1
0 26 0 34 26 0 34 1
0 39 5 24 39 5 24 1
0 0 26 10 0 26 10 1
0 32 9 5 32 9 5 1
0 4 31 28 4 31 28 1
0 33 29 40 33 29 40 1
0 40 29 1 40 29 1 1
0 33 40 0 33 40 0 1
0 5 28 32 5 28 32 1
"Head3" 0 0
5
0 -0.870000 -0.030000 -0.140000 0.593750 0.095703 1
0 -0.790000 0.150000 -0.010000 0.593750 0.095703 1
0 -0.990000 -0.010000 0.030000 0.593750 0.095703 1
0 -0.770000 -0.050000 0.050000 0.593750 0.095703 1
0 -0.960000 -0.180000 -0.010000 0.593750 0.095703 1
5
-0.033158 0.068823 0.997078
-0.275275 -0.961316 0.009774
0.829748 -0.341249 -0.441664
-0.716907 0.390619 -0.577461
0.343141 0.939264 0.006141
6
0 0 1 2 0 1 2 1
0 3 2 1 3 2 1 1
0 4 3 0 4 3 0 1
0 1 0 3 1 0 3 1
0 4 0 2 4 0 2 1
0 4 2 3 4 2 3 1
"Head4" 0 0
5
0 0.990000 -0.010000 0.030000 0.591797 0.093750 1
0 0.790000 0.150000 -0.010000 0.591797 0.093750 1
0 0.870000 -0.030000 -0.140000 0.591797 0.093750 1
0 0.770000 -0.050000 0.050000 0.591797 0.093750 1
0 0.960000 -0.180000 -0.010000 0.591797 0.093750 1
5
-0.829748 -0.341249 -0.441664
0.275275 -0.961316 0.009774
0.033158 0.068823 0.997078
0.716907 0.390619 -0.577461
-0.343141 0.939264 0.006141
6
0 0 1 2 0 1 2 1
0 1 0 3 1 0 3 1
0 2 3 4 2 3 4 1
0 3 2 1 3 2 1 1
0 0 2 4 0 2 4 1
0 3 0 4 3 0 4 1
"Face" 0 1
33
0 -0.550000 -0.430000 -0.020000 0.632812 0.820312 1
0 -0.300000 -0.650000 -0.540000 0.273436 0.929688 1
0 -0.720000 -0.100000 -0.130000 0.570312 0.679688 1
0 0.740000 0.180000 0.220000 0.695312 0.554688 1
0 0.720000 -0.100000 -0.130000 0.570312 0.679688 1
0 0.550000 -0.430000 -0.020000 0.632812 0.820312 1
0 0.850000 0.480000 0.080000 0.632812 0.398436 1
0 0.960000 0.310000 0.230000 0.648436 0.476564 1
0 -0.740000 0.190000 0.230000 0.695312 0.539064 1
0 -0.960000 0.310000 0.230000 0.648436 0.476564 1
0 -0.850000 0.480000 0.080000 0.632812 0.398436 1
0 0.000000 0.710000 -0.980000 0.023436 0.289064 1
0 0.000000 0.250000 -0.980000 0.023436 0.507812 1
0 0.600000 0.160000 -0.640000 0.335936 0.539064 1
0 -0.600000 0.160000 -0.640000 0.335936 0.539064 1
0 -0.630000 0.700000 -0.680000 0.320312 0.289064 1
0 0.630000 0.700000 -0.680000 0.320312 0.289064 1
0 -0.170000 -0.010000 -0.980000 0.085936 0.632812 1
0 -0.540000 -0.100000 -0.730000 0.289064 0.679688 1
0 -0.280000 -0.560000 -0.680000 0.210936 0.882812 1
0 0.000000 0.090000 -1.160000 0.023436 0.585936 1
0 0.170000 -0.010000 -0.980000 0.085936 0.632812 1
0 0.000000 -0.010000 -1.150000 0.023436 0.632812 1
0 0.000000 -0.080000 -1.040000 0.023436 0.664064 1
0 0.000000 -0.680000 -0.740000 0.023436 0.945312 1
0 0.300000 -0.650000 -0.540000 0.273436 0.929688 1
0 0.000000 -0.750000 -0.580000 0.023436 0.976564 1
0 0.000000 -0.210000 0.610000 0.976564 0.742188 1
0 0.280000 -0.560000 -0.680000 0.210936 0.882812 1
0 0.600000 1.100000 -0.620000 0.367188 0.085936 1
0 0.000000 1.230000 -0.870000 0.023436 0.023436 1
0 -0.600000 1.100000 -0.620000 0.367188 0.085936 1
0 0.540000 -0.100000 -0.730000 0.289064 0.679688 1
33
0.616965 0.719446 -0.318985
0.604220 0.750801 0.266862
0.913390 0.375050 0.158289
-0.526435 0.356449 -0.771888
-0.913370 0.374717 0.159195
-0.617533 0.719156 -0.318539
-0.976435 -0.128692 0.173240
-0.739034 0.170191 -0.651816
0.535465 0.346062 -0.770401
0.753139 0.144281 -0.641844
0.975962 -0.134930 0.171146
0.000000 -0.074017 0.997257
0.000000 -0.342315 0.939585
-0.775474 0.040195 0.630099
0.775474 0.040195 0.630099
0.764195 -0.030099 0.644282
-0.764195 -0.030099 0.644282
0.608346 0.175276 0.774076
0.749360 0.093024 0.655596
0.623989 0.501558 0.599230
0.000000 -0.346107 0.938195
-0.608346 0.175276 0.774076
0.000000 0.568292 0.822827
0.000000 0.668181 0.743999
-0.000000 0.682220 0.731147
-0.604220 0.750801 0.266862
0.000000 0.994121 -0.108275
-0.000486 0.781470 -0.623943
-0.623989 0.501558 0.599230
-0.654536 -0.168307 0.737059
0.000000 -0.207201 0.978298
0.654536 -0.168307 0.737059
-0.749360 0.093024 0.655596
56
0 0 1 2 0 1 2 1
0 3 4 5 3 4 5 1
0 3 6 7 3 6 7 1
0 8 2 9 8 2 9 1
0 2 10 9 2 10 9 1
0 11 12 13 11 12 13 1
0 14 12 11 14 12 11 1
0 4 7 6 4 7 6 1
0 14 11 15 14 11 15 1
0 10 2 14 10 2 14 1
0 13 16 11 13 16 11 1
0 17 18 19 17 18 19 1
0 12 20 21 12 20 21 1
0 21 22 23 21 22 23 1
0 22 17 23 22 17 23 1
0 21 23 24 21 23 24 1
0 25 24 26 25 24 26 1
0 0 27 26 0 27 26 1
0 2 1 19 2 1 19 1
0 4 25 5 4 25 5 1
0 28 25 4 28 25 4 1
0 29 30 11 29 30 11 1
0 11 30 31 11 30 31 1
0 6 16 13 6 16 13 1
0 20 22 21 20 22 21 1
0 17 22 20 17 22 20 1
0 26 5 25 26 5 25 1
0 1 0 26 1 0 26 1
0 26 24 1 26 24 1 1
0 24 28 21 24 28 21 1
0 17 19 24 17 19 24 1
0 19 1 24 19 1 24 1
0 24 25 28 24 25 28 1
0 26 27 5 26 27 5 1
0 24 23 17 24 23 17 1
0 28 32 21 28 32 21 1
0 18 17 12 18 17 12 1
0 12 21 32 12 21 32 1
0 17 20 12 17 20 12 1
0 6 29 16 6 29 16 1
0 5 27 3 5 27 3 1
0 32 13 12 32 13 12 1
0 12 14 18 12 14 18 1
0 31 15 11 31 15 11 1
0 11 16 29 11 16 29 1
0 15 31 10 15 31 10 1
0 0 2 8 0 2 8 1
0 8 27 0 8 27 0 1
0 7 4 3 7 4 3 1
0 9 10 8 9 10 8 1
0 13 32 4 13 32 4 1
0 2 18 14 2 18 14 1
0 13 4 6 13 4 6 1
0 14 15 10 14 15 10 1
0 4 32 28 4 32 28 1
0 19 18 2 19 18 2 1
"R hand" 0 0
26
0 0.430000 -0.590000 -0.620000 0.537109 0.031250 5
0 0.430000 -0.590000 -0.360000 0.537109 0.031250 5
0 0.300000 -0.010000 0.310000 0.537109 0.031250 5
0 0.300000 -0.010000 -0.240000 0.537109 0.031250 5
0 0.130000 -0.690000 -0.620000 0.537109 0.031250 5
0 -0.160000 -0.010000 -0.240000 0.537109 0.031250 5
0 0.020000 -1.180000 0.390000 0.537109 0.031250 5
0 0.230000 -1.430000 0.340000 0.537109 0.031250 5
0 -0.170000 -1.280000 0.390000 0.537109 0.031250 5
0 -0.230000 -0.010000 0.030000 0.537109 0.031250 5
0 -0.160000 -0.010000 0.310000 0.537109 0.031250 5
0 -0.320000 -0.890000 0.440000 0.537109 0.031250 5
0 0.030000 -1.530000 -0.360000 0.537109 0.031250 5
0 0.030000 -1.530000 0.340000 0.537109 0.031250 5
0 0.230000 -1.430000 -0.360000 0.537109 0.031250 5
0 0.020000 0.210000 0.040000 0.537109 0.031250 5
0 0.280000 -1.180000 -0.620000 0.537109 0.031250 5
0 0.280000 -1.180000 -0.360000 0.537109 0.031250 5
0 0.430000 -1.180000 -0.620000 0.537109 0.031250 5
0 -0.120000 -0.790000 -0.470000 0.537109 0.031250 5
0 -0.320000 -0.890000 -0.470000 0.537109 0.031250 5
0 0.130000 -0.690000 -0.360000 0.537109 0.031250 5
0 0.430000 -1.180000 -0.360000 0.537109 0.031250 5
0 -0.170000 -1.280000 -0.420000 0.537109 0.031250 5
0 0.020000 -1.180000 -0.420000 0.537109 0.031250 5
0 -0.120000 -0.790000 0.440000 0.537109 0.031250 5
26
-0.778087 -0.290313 0.557044
-0.632917 0.140879 -0.761294
-0.806498 -0.223084 -0.547535
-0.500769 -0.735114 0.456987
0.225240 0.368620 0.901879
0.401882 -0.533206 0.744434
-0.634357 -0.304342 -0.710611
-0.552486 0.215733 -0.805120
0.580676 0.409355 -0.703736
0.900274 -0.435317 0.002302
0.420624 -0.510547 -0.749945
0.663789 0.024132 -0.747530
0.060384 0.684465 0.726540
0.176446 0.940013 -0.291965
-0.903729 0.240819 0.353949
0.176127 -0.984364 -0.002529
0.714156 0.592054 0.373435
0.299826 0.718904 -0.627121
-0.333333 0.666667 0.666667
-0.189113 0.084706 0.978295
0.870283 0.048024 0.490206
0.130896 0.809446 -0.572419
-0.816497 0.408248 -0.408248
0.541038 0.468056 0.698714
-0.681663 -0.208643 0.701287
-0.706833 0.284707 -0.647557
48
0 0 1 2 0 1 2 1
0 3 0 2 3 0 2 1
0 4 0 5 4 0 5 1
0 6 7 8 6 7 8 1
0 9 10 11 9 10 11 1
0 12 13 14 12 13 14 1
0 8 11 6 8 11 6 1
0 9 5 15 9 5 15 1
0 16 17 18 16 17 18 1
0 19 5 20 19 5 20 1
0 3 2 15 3 2 15 1
0 2 10 15 2 10 15 1
0 5 3 15 5 3 15 1
0 2 1 21 2 1 21 1
0 22 17 1 22 17 1 1
0 23 20 8 23 20 8 1
0 17 16 21 17 16 21 1
0 23 12 24 23 12 24 1
0 16 18 4 16 18 4 1
0 24 19 23 24 19 23 1
0 15 10 9 15 10 9 1
0 19 4 5 19 4 5 1
0 8 13 23 8 13 23 1
0 19 20 23 19 20 23 1
0 1 0 22 1 0 22 1
0 11 10 25 11 10 25 1
0 11 20 9 11 20 9 1
0 0 3 5 0 3 5 1
0 25 2 21 25 2 21 1
0 24 14 6 24 14 6 1
0 10 2 25 10 2 25 1
0 21 4 25 21 4 25 1
0 20 5 9 20 5 9 1
0 19 24 25 19 24 25 1
0 8 7 13 8 7 13 1
0 14 13 7 14 13 7 1
0 6 11 25 6 11 25 1
0 18 17 22 18 17 22 1
0 1 17 21 1 17 21 1
0 8 20 11 8 20 11 1
0 21 16 4 21 16 4 1
0 24 12 14 24 12 14 1
0 4 18 0 4 18 0 1
0 23 13 12 23 13 12 1
0 22 0 18 22 0 18 1
0 6 14 7 6 14 7 1
0 25 4 19 25 4 19 1
0 25 24 6 25 24 6 1
"L hand" 0 0
26
0 -0.300000 -0.010000 0.310000 0.529297 0.031250 12
0 -0.430000 -0.590000 -0.360000 0.529297 0.031250 12
0 -0.430000 -0.590000 -0.620000 0.529297 0.031250 12
0 -0.300000 -0.010000 -0.240000 0.529297 0.031250 12
0 0.160000 -0.010000 -0.240000 0.529297 0.031250 12
0 -0.130000 -0.690000 -0.620000 0.529297 0.031250 12
0 0.170000 -1.280000 0.390000 0.529297 0.031250 12
0 -0.030000 -1.530000 0.340000 0.529297 0.031250 12
0 -0.020000 -1.180000 0.390000 0.529297 0.031250 12
0 0.320000 -0.890000 0.440000 0.529297 0.031250 12
0 0.160000 -0.010000 0.310000 0.529297 0.031250 12
0 0.230000 -0.010000 0.030000 0.529297 0.031250 12
0 -0.230000 -1.430000 -0.360000 0.529297 0.031250 12
0 -0.230000 -1.430000 0.340000 0.529297 0.031250 12
0 -0.030000 -1.530000 -0.360000 0.529297 0.031250 12
0 0.120000 -0.790000 0.440000 0.529297 0.031250 12
0 -0.020000 0.210000 0.040000 0.529297 0.031250 12
0 -0.430000 -1.180000 -0.620000 0.529297 0.031250 12
0 -0.430000 -1.180000 -0.360000 0.529297 0.031250 12
0 -0.280000 -1.180000 -0.620000 0.529297 0.031250 12
0 0.320000 -0.890000 -0.470000 0.529297 0.031250 12
0 0.120000 -0.790000 -0.470000 0.529297 0.031250 12
0 -0.130000 -0.690000 -0.360000 0.529297 0.031250 12
0 0.170000 -1.280000 -0.420000 0.529297 0.031250 12
0 -0.280000 -1.180000 -0.360000 0.529297 0.031250 12
0 -0.020000 -1.180000 -0.420000 0.529297 0.031250 12
26
0.806498 -0.223084 -0.547535
0.880107 0.134927 -0.455199
0.575645 -0.291305 0.764051
0.500769 -0.735114 0.456987
-0.401882 -0.533206 0.744434
-0.622577 0.241399 0.744396
-0.544513 0.461843 -0.700148
-0.071312 0.671249 -0.737793
0.675074 -0.221399 -0.703745
-0.863381 0.079990 -0.498172
-0.420624 -0.510547 -0.749945
-0.900274 -0.435317 0.002302
0.559389 0.235841 0.794646
0.904316 0.232512 -0.357982
-0.171309 0.942023 0.288524
0.460371 0.189905 -0.867176
-0.176127 -0.984364 -0.002529
0.816497 0.408248 0.408248
0.333333 0.666667 -0.666667
-0.299826 0.718904 0.627121
-0.802710 -0.039298 0.595074
0.467529 0.210030 0.858664
0.200900 0.737520 -0.644751
-0.475641 0.379370 0.793627
-0.714156 0.592054 -0.373435
0.737489 -0.381757 0.557110
48
0 0 1 2 0 1 2 1
0 0 2 3 0 2 3 1
0 4 2 5 4 2 5 1
0 6 7 8 6 7 8 1
0 9 10 11 9 10 11 1
0 12 13 14 12 13 14 1
0 8 15 6 8 15 6 1
0 16 4 11 16 4 11 1
0 17 18 19 17 18 19 1
0 20 4 21 20 4 21 1
0 16 0 3 16 0 3 1
0 16 10 0 16 10 0 1
0 16 3 4 16 3 4 1
0 22 1 0 22 1 0 1
0 1 22 18 1 22 18 1
0 6 9 23 6 9 23 1
0 22 5 24 22 5 24 1
0 25 12 23 25 12 23 1
0 5 2 19 5 2 19 1
0 23 21 25 23 21 25 1
0 11 10 16 11 10 16 1
0 4 5 21 4 5 21 1
0 23 14 6 23 14 6 1
0 23 20 21 23 20 21 1
0 18 17 1 18 17 1 1
0 15 10 9 15 10 9 1
0 11 20 9 11 20 9 1
0 4 3 2 4 3 2 1
0 22 0 15 22 0 15 1
0 8 13 25 8 13 25 1
0 15 0 10 15 0 10 1
0 15 21 22 15 21 22 1
0 11 4 20 11 4 20 1
0 15 8 21 15 8 21 1
0 8 7 13 8 7 13 1
0 14 13 7 14 13 7 1
0 6 15 9 6 15 9 1
0 19 18 24 19 18 24 1
0 18 22 24 18 22 24 1
0 23 9 20 23 9 20 1
0 24 5 19 24 5 19 1
0 23 12 14 23 12 14 1
0 19 2 17 19 2 17 1
0 6 14 7 6 14 7 1
0 1 17 2 1 17 2 1
0 25 13 12 25 13 12 1
0 22 21 5 22 21 5 1
0 21 8 25 21 8 25 1

Materials: 2
"Vram"
0.200000 0.200000 0.200000 1.000000
0.800000 0.800000 0.800000 1.000000
0.000000 0.000000 0.000000 1.000000
1.000000 1.000000 1.000000 1.000000
0.000000
1.000000
".\wTracy_b.bmp"
""
"Face"
0.200000 0.200000 0.200000 1.000000
0.800000 0.800000 0.800000 1.000000
0.000000 0.000000 0.000000 1.000000
1.000000 1.000000 1.000000 1.000000
0.000000
1.000000
".\face.ini"
""

Bones: 16
"torso"
""
8 0.000000 0.000000 0.000000 0.000000 0.000000 0.000000
0
0
"head"
""
8 0.000000 0.000000 0.000000 0.000000 0.000000 0.000000
0
0
"pelvis"
""
8 0.000000 0.000000 0.000000 0.000000 0.000000 0.000000
0
0
"r lower arm"
""
8 0.000000 0.000000 0.000000 0.000000 0.000000 0.000000
0
0
"r foot"
""
8 0.000000 0.000000 0.000000 0.000000 0.000000 0.000000
0
0
"r hand"
""
8 0.000000 0.000000 0.000000 0.000000 0.000000 0.000000
0
0
"r leg"
""
8 0.000000 0.000000 0.000000 0.000000 0.000000 0.000000
0
0
"r thigh"
""
8 0.000000 0.000000 0.000000 0.000000 0.000000 0.000000
0
0
"r upper arm"
""
8 0.000000 0.000000 0.000000 0.000000 0.000000 0.000000
0
0
"neck"
""
8 0.000000 0.000000 0.000000 0.000000 0.000000 0.000000
0
0
"l lower arm"
""
8 0.000000 0.000000 0.000000 0.000000 0.000000 0.000000
0
0
"l foot"
""
8 0.000000 0.000000 0.000000 0.000000 0.000000 0.000000
0
0
"l hand"
""
8 0.000000 0.000000 0.000000 0.000000 0.000000 0.000000
0
0
"l leg"
""
8 0.000000 0.000000 0.000000 0.000000 0.000000 0.000000
0
0
"l thigh"
""
8 0.000000 0.000000 0.000000 0.000000 0.000000 0.000000
0
0
"l upper arm"
""
8 0.000000 0.000000 0.000000 0.000000 0.000000 0.000000
0
0
