// MilkShape 3D ASCII

Frames: 1
Frame: 1

Meshes: 9
"Mesh0" 0 0
70
0 -0.726363 -0.350406 -0.285455 0.000000 0.000000 1
0 0.807966 -0.713621 -0.313167 0.000000 0.000000 1
0 0.884191 -0.096235 -0.363750 0.000000 0.000000 1
0 -0.899300 0.849237 0.482690 0.000000 0.000000 1
0 -0.807772 1.002655 0.028839 0.000000 0.000000 1
0 -0.711079 0.287998 0.035493 0.000000 0.000000 1
0 -0.836330 -0.638037 -0.312453 0.000000 0.000000 1
0 0.552613 1.268546 -0.727117 0.000000 0.000000 1
0 0.354809 0.940081 -1.209224 0.000000 0.000000 1
0 -0.000002 1.308615 -0.860800 0.000000 0.000000 1
0 -0.751659 0.768463 -0.548115 0.000000 0.000000 1
0 0.704980 0.832801 -1.204106 0.000000 0.000000 1
0 0.807772 1.002655 0.028839 0.000000 0.000000 1
0 0.879524 0.195143 -1.059471 0.000000 0.000000 1
0 0.676500 0.443710 -1.258364 0.000000 0.000000 1
0 0.899839 0.851951 0.483005 0.000000 0.000000 1
0 0.547830 0.671848 0.974009 0.000000 0.000000 1
0 0.820336 0.636249 0.572254 0.000000 0.000000 1
0 -0.000001 -1.154210 1.325500 0.000000 0.000000 1
0 -0.000001 -1.885538 1.733052 0.000000 0.000000 1
0 -0.794887 -1.482554 1.741437 0.000000 0.000000 1
0 -0.000001 -1.116704 2.487263 0.000000 0.000000 1
0 0.794885 -1.482554 1.741437 0.000000 0.000000 1
0 0.711077 0.287998 0.035493 0.000000 0.000000 1
0 0.807772 1.002655 0.028839 0.000000 0.000000 1
0 0.899839 0.851951 0.483005 0.000000 0.000000 1
0 -0.711079 0.287998 0.035493 0.000000 0.000000 1
0 -0.650263 0.322598 0.786401 0.000000 0.000000 1
0 -0.820175 0.635570 0.572175 0.000000 0.000000 1
0 -0.547830 0.671848 0.974009 0.000000 0.000000 1
0 0.751655 0.768463 -0.548116 0.000000 0.000000 1
0 0.552613 1.268546 -0.727117 0.000000 0.000000 1
0 -0.552617 1.268547 -0.727117 0.000000 0.000000 1
0 -0.751659 0.768463 -0.548115 0.000000 0.000000 1
0 -0.807772 1.002655 0.028839 0.000000 0.000000 1
0 0.547077 1.050469 -0.817971 0.000000 0.000000 1
0 -0.711079 0.287998 0.035493 0.000000 0.000000 1
0 -0.000002 1.308615 -0.860800 0.000000 0.000000 1
0 -0.000001 0.077503 1.118774 0.000000 0.000000 1
0 -0.000001 0.552264 1.240245 0.000000 0.000000 1
0 0.650263 0.322598 0.786401 0.000000 0.000000 1
0 -0.899300 0.849237 0.482690 0.000000 0.000000 1
0 -0.394307 1.138739 1.192119 0.000000 0.000000 1
0 -0.000001 0.552264 1.240245 0.000000 0.000000 1
0 -0.871586 -0.729571 1.799822 0.000000 0.000000 1
0 0.394307 1.138739 1.192119 0.000000 0.000000 1
0 0.871585 -0.729571 1.799822 0.000000 0.000000 1
0 -0.000001 0.427027 2.108475 0.000000 0.000000 1
0 -0.000001 1.520513 1.566491 0.000000 0.000000 1
0 -0.000001 1.500915 1.162887 0.000000 0.000000 1
0 -0.445397 -0.143470 0.704159 0.000000 0.000000 1
0 0.445307 -0.143470 0.704159 0.000000 0.000000 1
0 0.711077 0.287998 0.035493 0.000000 0.000000 1
0 -0.899300 0.849237 0.482690 0.000000 0.000000 1
0 -0.939405 -0.313932 -0.108680 0.000000 0.000000 1
0 -0.899644 0.416430 -0.153712 0.000000 0.000000 1
0 -1.038857 0.062291 -0.355644 0.000000 0.000000 1
0 0.797557 0.054215 0.116241 0.000000 0.000000 1
0 0.899839 0.851951 0.483005 0.000000 0.000000 1
0 0.711077 0.287998 0.035493 0.000000 0.000000 1
0 0.841352 0.221138 -0.403368 0.000000 0.000000 1
0 0.723710 -0.095390 -0.433709 0.000000 0.000000 1
0 0.873515 -0.231675 0.096684 0.000000 0.000000 1
0 0.779985 -0.315552 -0.278239 0.000000 0.000000 1
0 0.751655 0.768463 -0.548116 0.000000 0.000000 1
0 1.058973 0.266742 -0.244084 0.000000 0.000000 1
0 0.807772 1.002655 0.028839 0.000000 0.000000 1
0 -0.720280 -0.241511 -0.181550 0.000000 0.000000 1
0 -0.829937 -0.017919 -0.382840 0.000000 0.000000 1
0 -0.735169 -0.164387 0.068955 0.000000 0.000000 1
70
0.972403 -0.228382 -0.047678
-0.773669 -0.221699 -0.593536
0.600443 -0.241211 -0.762421
-0.961797 0.004313 0.247940
-0.978325 0.079742 -0.172619
-0.654093 -0.407112 0.120596
-0.197343 -0.885094 -0.421502
0.571433 0.504135 -0.485286
0.185739 0.593717 -0.782944
0.028338 0.548214 -0.724609
-0.888452 0.025618 -0.445035
0.395311 0.350750 -0.848942
0.717860 0.337605 -0.048556
0.743811 0.042097 -0.667063
0.434009 0.096266 -0.895751
0.915875 0.028394 0.354988
0.688506 -0.152406 0.709036
0.549659 -0.229837 0.803150
0.000000 -0.220799 -0.975319
0.000000 -0.988685 -0.150010
-0.799417 -0.583547 -0.142843
0.000000 -0.253835 0.967248
0.799417 -0.583549 -0.142843
0.557556 -0.349726 0.002547
0.717860 0.337605 -0.048556
0.915875 0.028394 0.354988
-0.654093 -0.407112 0.120596
-0.808305 -0.328214 0.488792
-0.550565 -0.228185 0.803000
-0.688664 -0.152251 0.708916
0.561097 -0.073039 -0.575623
0.571433 0.504135 -0.485286
-0.772838 0.291544 -0.563670
-0.888452 0.025618 -0.445035
-0.978325 0.079742 -0.172619
0.522936 0.147882 -0.839446
-0.654093 -0.407112 0.120596
0.028338 0.548214 -0.724609
0.000001 -0.446720 0.894674
0.007294 -0.455233 0.830413
0.808281 -0.328227 0.488824
-0.961797 0.004313 0.247940
-0.838885 0.255782 0.480467
0.007294 -0.455233 0.830413
-0.954578 0.165196 0.247976
0.838815 0.255860 0.480546
0.954577 0.165196 0.247977
-0.000001 0.326779 0.945101
-0.000001 0.780794 0.624789
0.000000 0.764126 0.645067
-0.555198 -0.773725 0.305130
0.535423 -0.788214 0.303383
0.557556 -0.349726 0.002547
-0.961797 0.004313 0.247940
-0.314235 -0.538186 0.782057
-0.987067 0.100042 0.125259
-0.420437 0.008270 -0.907284
-0.892626 -0.250858 0.374552
0.915875 0.028394 0.354988
0.557556 -0.349726 0.002547
-0.100375 -0.018289 -0.994782
-0.838575 -0.213202 -0.501336
-0.141906 -0.534189 0.833370
-0.880785 -0.240350 -0.407983
0.561097 -0.073039 -0.575623
0.986563 0.008488 -0.163163
0.717860 0.337605 -0.048556
0.833227 -0.544806 -0.094439
0.589891 -0.011127 -0.807406
0.518832 -0.224590 0.824847
84
0 54 56 55 54 56 55 1
0 57 59 58 57 59 58 1
0 57 61 60 57 61 60 1
0 62 61 57 62 61 57 1
0 62 63 61 62 63 61 1
0 60 64 57 60 64 57 1
0 65 58 66 65 58 66 1
0 67 69 68 67 69 68 1
0 67 54 69 67 54 69 1
0 57 58 65 57 58 65 1
0 0 54 67 0 54 67 1
0 1 2 63 1 2 63 1
0 3 55 4 3 55 4 1
0 5 69 55 5 69 55 1
0 56 67 68 56 67 68 1
0 56 6 0 56 6 0 1
0 56 68 55 56 68 55 1
0 5 68 69 5 68 69 1
0 54 55 69 54 55 69 1
0 7 9 8 7 9 8 1
0 10 55 68 10 55 68 1
0 11 7 8 11 7 8 1
0 7 12 9 7 12 9 1
0 13 11 14 13 11 14 1
0 54 0 6 54 0 6 1
0 56 54 6 56 54 6 1
0 11 8 14 11 8 14 1
0 67 56 0 67 56 0 1
0 2 62 65 2 62 65 1
0 65 62 57 65 62 57 1
0 61 2 60 61 2 60 1
0 60 2 65 60 2 65 1
0 2 61 63 2 61 63 1
0 62 2 1 62 2 1 1
0 63 62 1 63 62 1 1
0 65 64 60 65 64 60 1
0 64 65 66 64 65 66 1
0 55 10 4 55 10 4 1
0 68 5 10 68 5 10 1
0 55 3 5 55 3 5 1
0 59 57 64 59 57 64 1
0 15 17 16 15 17 16 1
0 18 20 19 18 20 19 1
0 21 22 19 21 22 19 1
0 20 21 19 20 21 19 1
0 23 25 24 23 25 24 1
0 26 28 27 26 28 27 1
0 27 28 29 27 28 29 1
0 24 31 30 24 31 30 1
0 32 34 33 32 34 33 1
0 31 35 30 31 35 30 1
0 23 24 30 23 24 30 1
0 34 36 33 34 36 33 1
0 35 31 37 35 31 37 1
0 38 29 39 38 29 39 1
0 38 16 40 38 16 40 1
0 29 38 27 29 38 27 1
0 16 38 39 16 38 39 1
0 41 36 34 41 36 34 1
0 22 18 19 22 18 19 1
0 42 18 43 42 18 43 1
0 42 44 18 42 44 18 1
0 43 46 45 43 46 45 1
0 43 18 46 43 18 46 1
0 47 46 21 47 46 21 1
0 44 47 21 44 47 21 1
0 48 42 49 48 42 49 1
0 45 48 49 45 48 49 1
0 42 48 44 42 48 44 1
0 48 45 46 48 45 46 1
0 21 20 44 21 20 44 1
0 22 21 46 22 21 46 1
0 20 18 44 20 18 44 1
0 18 22 46 18 22 46 1
0 47 44 48 47 44 48 1
0 46 47 48 46 47 48 1
0 50 27 38 50 27 38 1
0 51 50 38 51 50 38 1
0 40 51 38 40 51 38 1
0 52 51 40 52 51 40 1
0 50 26 27 50 26 27 1
0 17 40 16 17 40 16 1
0 17 52 40 17 52 40 1
0 28 53 29 28 53 29 1
"Mesh1" 0 1
96
0 -0.938192 0.585917 0.634546 0.000000 0.000000 1
0 -0.899300 0.849237 0.482690 0.000000 0.000000 1
0 -0.711079 0.287998 0.035493 0.000000 0.000000 1
0 0.711077 0.287998 0.035493 0.000000 0.000000 1
0 0.899839 0.851951 0.483005 0.000000 0.000000 1
0 0.938518 0.587275 0.634703 0.000000 0.000000 1
0 -0.820175 0.635570 0.572175 0.000000 0.000000 1
0 0.820336 0.636249 0.572254 0.000000 0.000000 1
0 0.419263 -0.649999 -0.522995 0.000000 0.000000 3
0 -0.394901 -0.649999 -0.522995 0.000000 0.000000 3
0 0.419264 -0.649999 0.422995 0.000000 0.000000 3
0 -0.394901 -0.650000 0.422995 0.000000 0.000000 3
0 0.032278 -1.292655 0.446832 0.000000 0.000000 5
0 -0.192261 -1.400655 0.446832 0.000000 0.000000 5
0 0.088414 -1.670654 -0.395193 0.000000 0.000000 5
0 0.312954 -1.562654 -0.395193 0.000000 0.000000 5
0 -0.136126 -0.860655 0.502967 0.000000 0.000000 5
0 -0.360666 -0.968655 0.502966 0.000000 0.000000 5
0 -0.136126 -0.860654 -0.507463 0.000000 0.000000 5
0 0.481358 -1.292655 -0.395192 0.000000 0.000000 5
0 0.312954 -1.292654 -0.395192 0.000000 0.000000 5
0 0.312954 -1.292654 -0.675866 0.000000 0.000000 5
0 0.481359 -1.292654 -0.675868 0.000000 0.000000 5
0 0.032279 -1.292655 -0.451327 0.000000 0.000000 5
0 0.144549 -0.752654 -0.395192 0.000000 0.000000 5
0 0.481358 -0.644654 -0.395192 0.000000 0.000000 5
0 -0.360666 -0.968654 -0.507463 0.000000 0.000000 5
0 -0.192261 -1.400654 -0.451327 0.000000 0.000000 5
0 0.144549 -0.752654 -0.675867 0.000000 0.000000 5
0 0.481359 -0.644654 -0.675867 0.000000 0.000000 5
0 0.088414 -1.670654 0.390697 0.000000 0.000000 5
0 0.312953 -1.562655 0.390697 0.000000 0.000000 5
0 -0.273432 -3.052998 0.512701 0.000000 0.000000 8
0 0.373433 -3.052998 -0.261291 0.000000 0.000000 8
0 -0.273432 -3.052998 0.512701 0.000000 0.000000 8
0 -0.428269 -2.299998 0.579723 0.000000 0.000000 8
0 0.621620 -0.838034 0.523905 0.000000 0.000000 8
0 0.621620 -0.838034 -0.335370 0.000000 0.000000 8
0 -0.428269 -2.299998 -0.344721 0.000000 0.000000 8
0 -0.273432 -3.052998 -0.261291 0.000000 0.000000 8
0 -0.324248 -1.499999 0.488638 0.000000 0.000000 8
0 -0.324248 -1.499999 -0.267397 0.000000 0.000000 8
0 -0.500126 -0.907399 -0.411566 0.000000 0.000000 8
0 0.462248 -1.499999 -0.267397 0.000000 0.000000 8
0 -0.500126 -0.907399 0.632806 0.000000 0.000000 8
0 0.462249 -1.499999 0.488637 0.000000 0.000000 8
0 0.563024 -2.299998 0.579722 0.000000 0.000000 8
0 0.563024 -2.299998 -0.344721 0.000000 0.000000 8
0 0.373433 -3.052998 0.512700 0.000000 0.000000 8
0 -0.273432 -3.052998 -0.261291 0.000000 0.000000 8
0 0.373433 -3.052998 -0.261291 0.000000 0.000000 8
0 0.373433 -3.052998 0.512700 0.000000 0.000000 8
0 0.394900 -0.649999 -0.522995 0.000000 0.000000 10
0 -0.419263 -0.649999 -0.522995 0.000000 0.000000 10
0 -0.419264 -0.649999 0.422995 0.000000 0.000000 10
0 0.394901 -0.650000 0.422995 0.000000 0.000000 10
0 -0.032279 -1.292654 -0.451327 0.000000 0.000000 12
0 -0.144549 -0.752654 -0.395192 0.000000 0.000000 12
0 -0.481358 -0.644654 -0.395191 0.000000 0.000000 12
0 0.192261 -1.400654 -0.451327 0.000000 0.000000 12
0 0.360666 -0.968654 -0.507463 0.000000 0.000000 12
0 -0.144549 -0.752654 -0.675867 0.000000 0.000000 12
0 -0.481359 -0.644654 -0.675867 0.000000 0.000000 12
0 -0.032278 -1.292654 0.446832 0.000000 0.000000 12
0 -0.312953 -1.562654 0.390697 0.000000 0.000000 12
0 -0.088414 -1.670654 0.390697 0.000000 0.000000 12
0 0.192261 -1.400655 0.446832 0.000000 0.000000 12
0 -0.088414 -1.670654 -0.395193 0.000000 0.000000 12
0 -0.312954 -1.562654 -0.395192 0.000000 0.000000 12
0 0.360666 -0.968655 0.502966 0.000000 0.000000 12
0 0.136126 -0.860655 0.502967 0.000000 0.000000 12
0 0.136126 -0.860654 -0.507463 0.000000 0.000000 12
0 -0.312954 -1.292654 -0.675866 0.000000 0.000000 12
0 -0.312954 -1.292654 -0.395192 0.000000 0.000000 12
0 -0.481358 -1.292654 -0.395192 0.000000 0.000000 12
0 -0.481359 -1.292654 -0.675867 0.000000 0.000000 12
0 0.428269 -2.299998 0.579723 0.000000 0.000000 15
0 0.273432 -3.052998 0.512701 0.000000 0.000000 15
0 0.324248 -1.499999 -0.267398 0.000000 0.000000 15
0 0.324248 -1.499999 0.488637 0.000000 0.000000 15
0 -0.462248 -1.499999 -0.267397 0.000000 0.000000 15
0 0.500126 -0.907399 -0.411567 0.000000 0.000000 15
0 0.500126 -0.907399 0.632806 0.000000 0.000000 15
0 -0.462249 -1.499999 0.488638 0.000000 0.000000 15
0 -0.563024 -2.299998 -0.344721 0.000000 0.000000 15
0 -0.563024 -2.299998 0.579723 0.000000 0.000000 15
0 -0.373433 -3.052998 0.512701 0.000000 0.000000 15
0 0.273432 -3.052998 -0.261291 0.000000 0.000000 15
0 -0.373433 -3.052998 0.512701 0.000000 0.000000 15
0 -0.373433 -3.052998 -0.261291 0.000000 0.000000 15
0 -0.373433 -3.052998 -0.261291 0.000000 0.000000 15
0 0.273432 -3.052998 0.512701 0.000000 0.000000 15
0 0.273432 -3.052998 -0.261291 0.000000 0.000000 15
0 0.428269 -2.299998 -0.344721 0.000000 0.000000 15
0 -0.621620 -0.838034 0.523906 0.000000 0.000000 15
0 -0.621620 -0.838034 -0.335370 0.000000 0.000000 15
96
-0.098509 -0.215568 0.971507
-0.961797 0.004313 0.247940
-0.654093 -0.407112 0.120596
0.557556 -0.349726 0.002547
0.915875 0.028394 0.354988
0.096821 -0.219717 0.970747
-0.550565 -0.228185 0.803000
0.549659 -0.229837 0.803150
0.706549 0.027474 -0.707131
-0.707763 0.020039 -0.706165
0.705923 0.036754 0.707334
-0.707186 0.029315 0.706419
0.655863 0.254731 0.710603
-0.504616 -0.507188 0.698658
-0.127768 -0.951955 -0.278312
0.527223 -0.190397 -0.828121
0.457952 -0.152006 0.875885
-0.821584 -0.141460 0.552258
0.462579 -0.251265 -0.850227
0.333331 -0.666667 0.666667
-0.712008 -0.594961 0.372915
-0.299051 -0.719765 -0.626504
0.816496 -0.408250 -0.408248
0.694950 0.444669 -0.565080
0.197428 -0.740181 0.642771
0.883015 -0.103075 0.457887
-0.701510 -0.071941 -0.709019
-0.465571 -0.388910 -0.794979
-0.593373 -0.297819 -0.747805
0.556098 0.318260 -0.767767
-0.046695 -0.691428 0.720935
0.902512 -0.193782 0.384604
-0.692200 -0.017240 0.697072
0.561018 -0.005728 -0.786983
-0.692200 -0.017240 0.697072
-0.443874 -0.005299 0.896074
0.355642 -0.913915 0.195650
0.358021 -0.922886 -0.141786
-0.443833 -0.022585 -0.895825
-0.691473 -0.024532 -0.695583
-0.700862 -0.100205 0.706223
-0.700107 -0.106170 -0.706101
-0.675325 -0.304779 -0.671599
0.457620 -0.061200 -0.887039
-0.656446 -0.352512 0.666944
0.462859 -0.044012 0.885338
0.701721 -0.033876 0.711646
0.701393 -0.047583 -0.711184
0.561460 0.003579 0.788839
-0.691473 -0.024532 -0.695583
0.561018 -0.005728 -0.786983
0.561460 0.003579 0.788839
0.707763 0.020039 -0.706165
-0.706549 0.027474 -0.707130
-0.705923 0.036754 0.707334
0.707186 0.029315 0.706419
-0.694950 0.444669 -0.565080
-0.197428 -0.740180 0.642771
-0.883015 -0.103075 0.457887
0.465571 -0.388910 -0.794979
0.701510 -0.071941 -0.709019
0.593373 -0.297819 -0.747805
-0.556098 0.318260 -0.767767
-0.655863 0.254731 0.710603
-0.902512 -0.193782 0.384605
0.046695 -0.691428 0.720935
0.504616 -0.507188 0.698658
0.127768 -0.951955 -0.278312
-0.527224 -0.190397 -0.828121
0.821584 -0.141460 0.552258
-0.457952 -0.152006 0.875885
-0.462579 -0.251265 -0.850227
0.299051 -0.719765 -0.626504
0.712008 -0.594961 0.372914
-0.333331 -0.666667 0.666667
-0.816496 -0.408249 -0.408248
0.443874 -0.005299 0.896073
0.692200 -0.017240 0.697072
0.700106 -0.106170 -0.706101
0.700862 -0.100205 0.706223
-0.457621 -0.061200 -0.887039
0.675325 -0.304779 -0.671599
0.656446 -0.352512 0.666944
-0.462859 -0.044012 0.885339
-0.701394 -0.047583 -0.711184
-0.701721 -0.033876 0.711646
-0.561460 0.003579 0.788839
0.691473 -0.024532 -0.695583
-0.561460 0.003579 0.788839
-0.561018 -0.005728 -0.786983
-0.561018 -0.005728 -0.786983
0.692200 -0.017240 0.697072
0.691473 -0.024532 -0.695583
0.443832 -0.022585 -0.895825
-0.355642 -0.913915 0.195650
-0.358021 -0.922886 -0.141786
126
0 0 2 1 0 2 1 1
0 3 5 4 3 5 4 1
0 1 6 0 1 6 0 1
0 6 2 0 6 2 0 1
0 7 4 5 7 4 5 1
0 3 7 5 3 7 5 1
0 33 9 8 33 9 8 1
0 10 33 8 10 33 8 1
0 32 10 11 32 10 11 1
0 9 32 11 9 32 11 1
0 10 32 48 10 32 48 1
0 9 33 49 9 33 49 1
0 32 9 49 32 9 49 1
0 33 10 48 33 10 48 1
0 30 12 31 30 12 31 1
0 13 12 30 13 12 30 1
0 31 14 30 31 14 30 1
0 15 14 31 15 14 31 1
0 16 13 17 16 13 17 1
0 12 13 16 12 13 16 1
0 16 18 12 16 18 12 1
0 19 21 20 19 21 20 1
0 22 21 19 22 21 19 1
0 12 18 23 12 18 23 1
0 24 19 20 24 19 20 1
0 25 19 24 25 19 24 1
0 17 27 26 17 27 26 1
0 13 27 17 13 27 17 1
0 28 20 21 28 20 21 1
0 24 20 28 24 20 28 1
0 15 27 14 15 27 14 1
0 23 27 15 23 27 15 1
0 29 21 22 29 21 22 1
0 28 21 29 28 21 29 1
0 27 23 18 27 23 18 1
0 14 13 30 14 13 30 1
0 27 13 14 27 13 14 1
0 27 18 26 27 18 26 1
0 22 25 29 22 25 29 1
0 19 25 22 19 25 22 1
0 31 23 15 31 23 15 1
0 12 23 31 12 23 31 1
0 34 38 35 34 38 35 1
0 34 39 38 34 39 38 1
0 40 38 41 40 38 41 1
0 40 35 38 40 35 38 1
0 42 41 43 42 41 43 1
0 42 40 41 42 40 41 1
0 42 44 40 42 44 40 1
0 44 45 40 44 45 40 1
0 43 46 45 43 46 45 1
0 43 47 46 43 47 46 1
0 50 46 47 50 46 47 1
0 50 51 46 50 51 46 1
0 43 38 47 43 38 47 1
0 35 51 34 35 51 34 1
0 45 35 40 45 35 40 1
0 45 46 35 45 46 35 1
0 38 50 47 38 50 47 1
0 38 43 41 38 43 41 1
0 50 38 39 50 38 39 1
0 51 35 46 51 35 46 1
0 36 43 45 36 43 45 1
0 36 37 43 36 37 43 1
0 37 42 43 37 42 43 1
0 44 36 45 44 36 45 1
0 52 90 53 52 90 53 1
0 90 54 53 90 54 53 1
0 54 91 55 54 91 55 1
0 91 52 55 91 52 55 1
0 91 54 86 91 54 86 1
0 90 52 87 90 52 87 1
0 52 91 87 52 91 87 1
0 54 90 86 54 90 86 1
0 63 65 64 63 65 64 1
0 63 66 65 63 66 65 1
0 67 64 65 67 64 65 1
0 67 68 64 67 68 64 1
0 66 70 69 66 70 69 1
0 66 63 70 66 63 70 1
0 71 70 63 71 70 63 1
0 72 74 73 72 74 73 1
0 72 75 74 72 75 74 1
0 71 63 56 71 63 56 1
0 74 57 73 74 57 73 1
0 74 58 57 74 58 57 1
0 59 69 60 59 69 60 1
0 59 66 69 59 66 69 1
0 73 61 72 73 61 72 1
0 73 57 61 73 57 61 1
0 59 68 67 59 68 67 1
0 59 56 68 59 56 68 1
0 72 62 75 72 62 75 1
0 72 61 62 72 61 62 1
0 56 59 71 56 59 71 1
0 66 67 65 66 67 65 1
0 66 59 67 66 59 67 1
0 71 59 60 71 59 60 1
0 58 75 62 58 75 62 1
0 58 74 75 58 74 75 1
0 56 64 68 56 64 68 1
0 56 63 64 56 63 64 1
0 92 76 93 92 76 93 1
0 92 77 76 92 77 76 1
0 76 78 93 76 78 93 1
0 76 79 78 76 79 78 1
0 78 81 80 78 81 80 1
0 82 78 79 82 78 79 1
0 82 81 78 82 81 78 1
0 83 82 79 83 82 79 1
0 84 83 85 84 83 85 1
0 84 80 83 84 80 83 1
0 88 84 85 88 84 85 1
0 88 89 84 88 89 84 1
0 93 80 84 93 80 84 1
0 88 76 77 88 76 77 1
0 76 83 79 76 83 79 1
0 85 83 76 85 83 76 1
0 89 93 84 89 93 84 1
0 80 93 78 80 93 78 1
0 93 89 92 93 89 92 1
0 76 88 85 76 88 85 1
0 94 82 83 94 82 83 1
0 81 95 80 81 95 80 1
0 95 83 80 95 83 80 1
0 95 94 83 95 94 83 1
"Mesh2" 0 2
56
0 1.535854 4.330970 1.099098 0.020780 0.979500 0
0 1.535854 4.330970 1.400902 0.239530 0.979500 0
0 2.514483 6.026005 1.400902 0.239268 0.033161 0
0 2.514483 6.026005 1.099098 0.020518 0.033161 0
0 1.535854 4.330970 1.400902 0.020780 0.979500 0
0 1.856969 4.145574 1.400902 0.238025 0.975021 0
0 2.835598 5.840609 1.400902 0.237763 0.028683 0
0 2.514483 6.026005 1.400902 0.020518 0.033161 0
0 1.856969 4.145574 1.400902 0.019275 0.975021 0
0 1.856969 4.145574 1.099098 0.238025 0.975021 0
0 2.835598 5.840609 1.099098 0.237763 0.028683 0
0 2.835598 5.840609 1.400902 0.019013 0.028683 0
0 2.534663 3.431293 0.991852 0.587199 0.028032 0
0 2.534663 3.431293 1.508148 0.587199 0.028032 0
0 0.578421 4.560730 1.508148 0.587956 0.989055 0
0 0.578421 4.560730 0.991852 0.587956 0.989055 0
0 1.750752 4.332392 1.508148 0.434892 0.491949 0
0 0.930694 5.170885 1.508148 0.269286 0.980358 0
0 1.750752 4.332392 0.991852 0.591142 0.491949 0
0 0.930694 5.170885 0.991852 0.597411 0.980358 0
0 0.930694 5.170885 1.508148 0.597411 0.980358 0
0 1.750752 4.332392 1.508148 0.591142 0.491949 0
0 0.930694 5.170885 0.991852 0.269286 0.980358 0
0 1.750752 4.332392 0.991852 0.434892 0.491949 0
0 2.886937 4.041448 0.991852 0.268529 0.034351 0
0 2.886937 4.041448 1.508148 0.268529 0.034351 0
0 2.886937 4.041448 1.508148 0.596654 0.034351 0
0 2.886937 4.041448 0.991852 0.596654 0.034351 0
0 0.405964 -3.313109 0.974961 0.912149 0.989988 6
0 -0.476694 -3.221160 -0.038406 0.690666 0.963307 6
0 0.379709 -2.037125 0.433320 0.793767 0.619744 6
0 0.314265 -3.216269 -0.033275 0.691787 0.961888 6
0 0.575479 -0.036168 0.489028 0.805943 0.039139 6
0 -0.391869 -0.032658 1.315903 0.986666 0.038121 6
0 -1.078355 -0.036079 0.458077 0.799178 0.039113 6
0 0.201448 -0.203149 -0.175225 0.942012 0.087591 6
0 0.314265 -3.216269 -0.033275 0.973037 0.961888 6
0 -0.667059 -0.191904 -0.176509 0.660482 0.084328 6
0 0.201448 -0.203149 -0.175225 0.660762 0.087591 6
0 -0.590155 -2.037080 0.417844 0.790385 0.619731 6
0 -0.603051 -3.313109 0.974961 0.912149 0.989988 6
0 -0.176833 -2.093503 0.940717 0.904665 0.636102 6
0 0.176833 -2.093503 0.940717 0.896761 0.636626 13
0 0.603051 -3.313109 0.974960 0.904631 0.992423 13
0 0.590155 -2.037080 0.417844 0.776599 0.620165 13
0 -0.405963 -3.313109 0.974961 0.904631 0.992423 13
0 0.476694 -3.221160 -0.038406 0.671748 0.965599 13
0 -0.314265 -3.216269 -0.033274 0.672927 0.964172 13
0 -0.379709 -2.037125 0.433320 0.780156 0.620178 13
0 0.391870 -0.032658 1.315903 0.982983 0.035411 13
0 -0.575479 -0.036168 0.489029 0.792958 0.036436 13
0 1.078355 -0.036079 0.458077 0.785845 0.036409 13
0 0.667059 -0.191904 -0.176509 0.640010 0.081869 13
0 -0.314265 -3.216269 -0.033274 0.985427 0.964172 13
0 -0.201448 -0.203149 -0.175225 0.952805 0.085148 13
0 -0.201448 -0.203149 -0.175225 0.640305 0.085148 13
56
-0.612372 0.353553 -0.707107
-0.612372 0.353553 0.707107
-0.211324 0.788675 0.577350
-0.211324 0.788675 -0.577350
-0.612372 0.353553 0.707107
0.612372 -0.353553 0.707107
0.788675 0.211324 0.577350
-0.211324 0.788675 0.577350
0.612372 -0.353553 0.707107
0.612372 -0.353553 -0.707107
0.788675 0.211324 -0.577350
0.788675 0.211324 0.577350
0.149429 -0.557678 -0.816497
0.149429 -0.557678 0.816497
-0.557677 -0.149429 0.816497
-0.557677 -0.149429 -0.816497
0.270121 0.467864 0.841509
-0.096322 0.764441 0.637457
0.270121 0.467864 -0.841509
-0.096322 0.764441 -0.637457
-0.096322 0.764441 0.637457
0.270121 0.467864 0.841509
-0.096322 0.764441 -0.637457
0.270121 0.467864 -0.841509
0.710186 0.298804 -0.637457
0.710186 0.298804 0.637457
0.710186 0.298804 0.637457
0.710186 0.298804 -0.637457
0.518827 0.588498 0.546797
-0.525735 0.627665 -0.351372
0.986232 0.039512 0.160576
0.600611 0.506460 -0.380962
-0.201623 -0.907492 0.368520
-0.141849 -0.963074 -0.228839
0.030731 -0.976208 0.214649
0.681661 -0.701635 -0.207476
0.600611 0.506460 -0.380962
-0.400687 -0.910388 -0.103164
0.681661 -0.701635 -0.207476
-0.991901 -0.053371 0.115257
-0.522767 0.608612 0.499104
-0.067248 0.013916 0.997639
0.067248 0.013916 0.997639
0.522767 0.608612 0.499104
0.991901 -0.053371 0.115257
-0.518827 0.588498 0.546797
0.525735 0.627665 -0.351372
-0.600611 0.506460 -0.380962
-0.986232 0.039512 0.160576
0.141849 -0.963074 -0.228839
0.201623 -0.907492 0.368520
-0.030731 -0.976208 0.214649
0.400687 -0.910388 -0.103164
-0.600611 0.506460 -0.380962
-0.681661 -0.701635 -0.207476
-0.681661 -0.701635 -0.207476
56
0 0 2 1 0 2 1 1
0 0 3 2 0 3 2 1
0 4 6 5 4 6 5 1
0 4 7 6 4 7 6 1
0 8 10 9 8 10 9 1
0 8 11 10 8 11 10 1
0 9 3 0 9 3 0 1
0 9 10 3 9 10 3 1
0 3 6 7 3 6 7 1
0 3 10 6 3 10 6 1
0 12 14 13 12 14 13 1
0 12 15 14 12 15 14 1
0 16 14 17 16 14 17 1
0 18 20 19 18 20 19 1
0 18 21 20 18 21 20 1
0 15 23 22 15 23 22 1
0 24 13 25 24 13 25 1
0 24 12 13 24 12 13 1
0 15 17 14 15 17 14 1
0 15 22 17 15 22 17 1
0 21 27 26 21 27 26 1
0 21 18 27 21 18 27 1
0 13 16 25 13 16 25 1
0 23 12 24 23 12 24 1
0 12 23 15 12 23 15 1
0 16 13 14 16 13 14 1
0 39 41 40 39 41 40 1
0 41 28 40 41 28 40 1
0 29 39 40 29 39 40 1
0 30 31 28 30 31 28 1
0 32 41 33 32 41 33 1
0 41 30 28 41 30 28 1
0 41 34 33 41 34 33 1
0 35 29 36 35 29 36 1
0 35 37 29 35 37 29 1
0 41 39 34 41 39 34 1
0 30 41 32 30 41 32 1
0 39 37 34 39 37 34 1
0 38 30 32 38 30 32 1
0 30 38 31 30 38 31 1
0 37 39 29 37 39 29 1
0 42 44 43 42 44 43 1
0 45 42 43 45 42 43 1
0 44 46 43 44 46 43 1
0 47 48 45 47 48 45 1
0 42 50 49 42 50 49 1
0 48 42 45 48 42 45 1
0 51 42 49 51 42 49 1
0 52 53 46 52 53 46 1
0 52 54 53 52 54 53 1
0 44 42 51 44 42 51 1
0 42 48 50 42 48 50 1
0 52 44 51 52 44 51 1
0 48 55 50 48 55 50 1
0 55 48 47 55 48 47 1
0 44 52 46 44 52 46 1
"Mesh3" 0 3
143
0 0.000000 -1.783330 0.000000 0.585169 0.655992 2
0 0.341360 -1.633333 1.242697 0.693943 0.580490 2
0 0.000000 -1.283334 1.142697 0.585169 0.404316 2
0 1.048867 -1.283334 0.992697 0.919391 0.404316 2
0 0.978982 -0.570034 0.868019 0.897122 0.045272 2
0 -0.000002 -0.573776 1.071111 0.585168 0.047157 2
0 -1.048867 -1.283334 0.992697 0.250946 0.404316 2
0 -0.341360 -1.633333 1.242697 0.476394 0.580490 2
0 -0.341360 -1.383334 -0.932188 0.476394 0.454651 2
0 0.341360 -1.383334 -0.932188 0.693943 0.454651 2
0 0.000000 -1.783330 0.000000 0.585169 0.655992 2
0 0.926497 -0.568101 -0.810572 0.880398 0.044300 2
0 0.953466 -1.033334 -0.882188 0.888991 0.278478 2
0 -0.926497 -0.568101 -0.810572 0.289940 0.044300 2
0 -0.953466 -1.033334 -0.882188 0.281346 0.278478 2
0 -1.234744 -0.933334 0.050000 0.191717 0.228142 2
0 1.234744 -0.933334 0.050000 0.978621 0.228142 2
0 -0.000002 -0.564050 -0.932443 0.585168 0.042261 2
0 -1.217373 -0.566667 0.007457 0.197252 0.043578 2
0 -0.978982 -0.570034 0.868019 0.273215 0.045272 2
0 1.217373 -0.566667 0.007457 0.973086 0.043578 2
0 -0.341360 -1.633333 1.242697 0.921572 0.179503 2
0 -1.048867 -1.283334 0.992697 0.822949 0.112728 2
0 -1.234744 -0.933334 0.050000 0.451060 0.045953 2
0 -0.953466 -1.033334 -0.882188 0.083317 0.065031 2
0 -1.048867 -1.283334 0.992697 0.651074 0.081966 2
0 -0.341360 -1.383334 -0.932188 0.063593 0.131806 2
0 0.000000 -1.783330 0.000000 0.431335 0.208120 2
0 -0.953466 -1.033334 -0.882188 0.270817 0.065031 2
0 -0.341360 -1.383334 -0.932188 0.016718 0.147187 2
0 0.341360 -1.633333 1.242697 0.921572 0.179503 2
0 1.234744 -0.933334 0.050000 0.451060 0.045953 2
0 1.048867 -1.283334 0.992697 0.822949 0.112728 2
0 0.953466 -1.033334 -0.882188 0.083317 0.065031 2
0 1.048867 -1.283334 0.992697 0.651074 0.081966 2
0 0.000000 -1.783330 0.000000 0.431335 0.208120 2
0 0.341360 -1.383334 -0.932188 0.063593 0.131806 2
0 0.341360 -1.383334 -0.932188 0.016718 0.147187 2
0 0.953466 -1.033334 -0.882188 0.270817 0.065031 2
0 -0.303851 -0.138563 -0.548699 0.216170 0.812789 6
0 -0.153697 -0.336321 1.596079 0.022173 0.855825 6
0 0.201448 -0.203149 -0.175225 0.356520 0.826844 6
0 0.326936 -0.742383 -0.565820 0.209736 0.944193 6
0 -0.889216 -0.858959 -0.565821 0.543941 0.987724 6
0 -1.127995 -0.609291 1.455224 0.330694 0.976998 6
0 0.326936 -0.742383 -0.565820 0.148661 0.977582 6
0 -0.303851 -0.138563 -0.548699 0.360717 0.844156 6
0 0.574761 -0.875304 1.455225 0.993304 0.971435 6
0 0.980962 -0.474600 1.023995 0.807185 0.885918 6
0 -1.359593 -0.367156 -0.074885 0.394228 0.862535 6
0 -1.359221 -0.780943 0.300399 0.535259 0.952585 6
0 -1.369078 -0.289140 1.020657 0.805930 0.845557 6
0 -1.127995 -0.609291 1.455224 0.969240 0.915230 6
0 0.820907 -0.559582 -0.253913 0.326950 0.904411 6
0 0.326936 -0.742383 -0.565820 0.136161 0.956055 6
0 -0.153697 -0.336321 1.596079 0.668290 0.885423 6
0 0.574761 -0.875304 1.455225 0.977733 0.971598 6
0 -0.391869 -0.032658 1.315903 0.916883 0.789740 6
0 -1.078355 -0.036079 0.458077 0.594514 0.790486 6
0 0.575479 -0.036168 0.489028 0.606145 0.790504 6
0 0.574761 -0.875304 1.455225 0.969240 0.973120 6
0 0.755302 -0.979486 0.306215 0.537445 0.995792 6
0 -0.667059 -0.191904 -0.176509 0.356038 0.824396 6
0 -0.889216 -0.858959 -0.565821 0.209735 0.969563 6
0 -0.567856 -3.422070 1.035513 0.417289 0.694081 7
0 0.445062 -3.678712 -0.978973 0.140877 0.814416 7
0 0.445062 -3.678712 -0.978973 0.145677 0.692517 7
0 -0.615380 -0.774880 0.853744 0.598249 0.229645 7
0 0.433420 -1.136172 1.102138 0.961863 0.329335 7
0 0.252624 -3.641198 1.172809 0.954312 0.684352 7
0 0.252624 -3.641198 1.172809 0.989743 0.807258 7
0 -0.567856 -3.422070 1.035513 0.669955 0.734690 7
0 -0.586127 -0.796818 -1.067906 0.449544 0.264592 7
0 0.446889 -1.136172 -1.312168 0.025059 0.329335 7
0 0.445062 -3.678712 -0.978973 0.094002 0.814416 7
0 -0.789708 -3.689807 -0.807526 0.505387 0.816533 7
0 0.904240 -3.680986 -0.071182 0.498995 0.814850 7
0 -0.567856 -3.422070 1.035513 0.902717 0.636665 7
0 0.252624 -3.641198 1.172809 0.753594 0.695650 7
0 -0.886540 -0.716007 -0.297547 0.409696 0.249174 7
0 -1.286578 -3.503709 -0.071184 0.486822 0.654432 7
0 -0.586127 -0.796818 -1.067906 0.105794 0.264592 7
0 -0.789708 -3.689807 -0.807526 0.208512 0.816533 7
0 -1.286578 -3.503709 -0.071184 0.498995 0.781028 7
0 -0.567856 -3.422070 1.035513 0.935580 0.765452 7
0 -0.615380 -0.774880 0.853744 0.863874 0.260407 7
0 -0.789708 -3.689807 -0.807526 0.210107 0.694931 7
0 0.446889 -1.136172 -1.312168 0.009434 0.329335 7
0 0.445062 -3.678712 -0.978973 0.083839 0.722035 7
0 -0.789708 -3.689807 -0.807526 0.544317 0.708869 7
0 0.904240 -3.680986 -0.071182 0.486823 0.693011 7
0 -0.574760 -0.875304 1.455225 0.993304 0.971435 13
0 1.359221 -0.780943 0.300399 0.535259 0.952585 13
0 1.359593 -0.367156 -0.074886 0.394228 0.862535 13
0 1.127995 -0.609291 1.455223 0.969240 0.915230 13
0 1.369078 -0.289140 1.020656 0.805930 0.845557 13
0 -0.326936 -0.742383 -0.565820 0.136161 0.956055 13
0 -0.820907 -0.559582 -0.253912 0.326950 0.904411 13
0 -0.574760 -0.875304 1.455225 0.977733 0.971598 13
0 0.153698 -0.336321 1.596079 0.668290 0.885423 13
0 1.078355 -0.036079 0.458077 0.594514 0.790486 13
0 0.391870 -0.032658 1.315903 0.916883 0.789740 13
0 -0.574760 -0.875304 1.455225 0.969240 0.973120 13
0 -0.575479 -0.036168 0.489029 0.606145 0.790504 13
0 -0.755302 -0.979486 0.306215 0.537445 0.995792 13
0 0.303851 -0.138563 -0.548699 0.216170 0.812789 13
0 0.889215 -0.858959 -0.565821 0.209735 0.969563 13
0 0.667059 -0.191904 -0.176509 0.356038 0.824396 13
0 0.153698 -0.336321 1.596079 0.022173 0.855825 13
0 -0.326936 -0.742383 -0.565820 0.209736 0.944193 13
0 -0.201448 -0.203149 -0.175225 0.356520 0.826844 13
0 0.889215 -0.858959 -0.565821 0.543941 0.987724 13
0 1.127995 -0.609291 1.455223 0.330694 0.976998 13
0 0.303851 -0.138563 -0.548699 0.360717 0.844156 13
0 -0.326936 -0.742383 -0.565820 0.148661 0.977582 13
0 -0.980962 -0.474600 1.023996 0.807185 0.885918 13
0 0.789707 -3.689807 -0.807526 0.505387 0.816533 14
0 -0.445063 -3.678712 -0.978973 0.094002 0.814416 14
0 -0.446890 -1.136172 -1.312167 0.025059 0.329335 14
0 0.586127 -0.796818 -1.067906 0.449544 0.264592 14
0 -0.904240 -3.680986 -0.071182 0.498995 0.814850 14
0 0.886540 -0.716007 -0.297548 0.409696 0.249174 14
0 1.286578 -3.503709 -0.071185 0.486822 0.654432 14
0 -0.445063 -3.678712 -0.978973 0.083839 0.722035 14
0 -0.445063 -3.678712 -0.978973 0.145677 0.692517 14
0 1.286578 -3.503709 -0.071185 0.498995 0.781028 14
0 0.789707 -3.689807 -0.807526 0.208512 0.816533 14
0 0.586127 -0.796818 -1.067906 0.105794 0.264592 14
0 0.615381 -0.774880 0.853744 0.863874 0.260407 14
0 0.567857 -3.422070 1.035513 0.935580 0.765452 14
0 0.789707 -3.689807 -0.807526 0.210107 0.694931 14
0 0.789707 -3.689807 -0.807526 0.544317 0.708869 14
0 -0.252623 -3.641198 1.172809 0.954312 0.684352 14
0 -0.446890 -1.136172 -1.312167 0.009434 0.329335 14
0 -0.904240 -3.680986 -0.071182 0.486823 0.693011 14
0 0.567857 -3.422070 1.035513 0.902717 0.636665 14
0 -0.445063 -3.678712 -0.978973 0.140877 0.814416 14
0 0.567857 -3.422070 1.035513 0.417289 0.694081 14
0 -0.252623 -3.641198 1.172809 0.753594 0.695650 14
0 -0.433420 -1.136172 1.102138 0.961863 0.329335 14
0 0.615381 -0.774880 0.853744 0.598249 0.229645 14
0 0.567857 -3.422070 1.035513 0.669955 0.734690 14
0 -0.252623 -3.641198 1.172809 0.989743 0.807258 14
143
0.000000 -0.439395 -0.011301
-0.342083 -0.005997 0.917480
0.000000 -0.065377 0.997861
0.633865 0.323042 0.663252
0.675360 -0.058414 0.487249
0.000000 0.005859 0.958709
-0.633864 0.323042 0.663253
0.342083 -0.005997 0.917480
0.173099 -0.024523 -0.964812
-0.173100 -0.024523 -0.964812
0.000000 -0.439395 -0.011301
0.560650 -0.006616 -0.697959
0.669193 0.230659 -0.698450
-0.574421 -0.050269 -0.711051
-0.669193 0.230659 -0.698449
-0.961179 0.229965 -0.017525
0.961179 0.229965 -0.017525
0.000000 -0.147304 -0.870705
-0.689979 -0.280675 -0.023848
-0.689824 -0.074014 0.484478
0.664555 -0.221810 -0.023015
0.342083 -0.005997 0.917480
-0.633864 0.323042 0.663253
-0.961179 0.229965 -0.017525
-0.669193 0.230659 -0.698449
-0.633864 0.323042 0.663253
0.173099 -0.024523 -0.964812
0.000000 -0.439395 -0.011301
-0.669193 0.230659 -0.698449
0.173099 -0.024523 -0.964812
-0.342083 -0.005997 0.917480
0.961179 0.229965 -0.017525
0.633865 0.323042 0.663252
0.669193 0.230659 -0.698450
0.633865 0.323042 0.663252
0.000000 -0.439395 -0.011301
-0.173100 -0.024523 -0.964812
-0.173100 -0.024523 -0.964812
0.669193 0.230659 -0.698450
-0.049149 -0.412808 -0.909491
-0.192185 -0.357854 0.913786
0.681661 -0.701635 -0.207476
-0.290529 -0.941191 -0.172487
0.229482 -0.973181 -0.016003
-0.196487 -0.978246 -0.066538
-0.290529 -0.941191 -0.172487
-0.049149 -0.412808 -0.909491
-0.414663 -0.832633 0.367120
0.878632 -0.105209 0.465765
-0.826165 -0.344316 -0.445980
-0.344898 -0.938493 -0.016644
-0.892809 -0.154055 0.423272
-0.196487 -0.978246 -0.066538
0.711051 -0.557348 -0.428684
-0.290529 -0.941191 -0.172487
-0.192185 -0.357854 0.913786
-0.414663 -0.832633 0.367120
-0.141849 -0.963074 -0.228839
0.030731 -0.976208 0.214649
-0.201623 -0.907492 0.368520
-0.414663 -0.832633 0.367120
0.243509 -0.897017 -0.368867
-0.400687 -0.910388 -0.103164
0.229482 -0.973181 -0.016003
-0.506980 0.204335 0.819661
0.389250 -0.098669 -0.914361
0.389250 -0.098669 -0.914361
-0.629441 0.194585 0.752290
0.635351 0.054421 0.770304
0.438674 0.183031 0.870111
0.438674 0.183031 0.870111
-0.506980 0.204335 0.819661
-0.586452 0.084203 -0.805595
0.621067 0.009991 -0.783694
0.389250 -0.098669 -0.914361
-0.493367 -0.009167 -0.866122
0.996773 0.042275 -0.033473
-0.506980 0.204335 0.819661
0.438674 0.183031 0.870111
-0.951306 0.304099 -0.050407
-0.984658 0.153619 -0.037940
-0.586452 0.084203 -0.805595
-0.493367 -0.009167 -0.866122
-0.984658 0.153619 -0.037940
-0.506980 0.204335 0.819661
-0.629441 0.194585 0.752290
-0.493367 -0.009167 -0.866122
0.621067 0.009991 -0.783694
0.389250 -0.098669 -0.914361
-0.493367 -0.009167 -0.866122
0.996773 0.042275 -0.033473
0.414663 -0.832633 0.367120
0.344898 -0.938493 -0.016644
0.826164 -0.344316 -0.445981
0.196487 -0.978246 -0.066538
0.892809 -0.154055 0.423272
0.290529 -0.941191 -0.172487
-0.711051 -0.557348 -0.428684
0.414663 -0.832633 0.367120
0.192185 -0.357854 0.913786
-0.030731 -0.976208 0.214649
0.141849 -0.963074 -0.228839
0.414663 -0.832633 0.367120
0.201623 -0.907492 0.368520
-0.243509 -0.897017 -0.368867
0.049149 -0.412808 -0.909491
-0.229482 -0.973181 -0.016003
0.400687 -0.910388 -0.103164
0.192185 -0.357854 0.913786
0.290529 -0.941191 -0.172487
-0.681661 -0.701635 -0.207476
-0.229482 -0.973181 -0.016003
0.196487 -0.978246 -0.066538
0.049149 -0.412808 -0.909491
0.290529 -0.941191 -0.172487
-0.878631 -0.105209 0.465766
0.493366 -0.009167 -0.866122
-0.389251 -0.098669 -0.914361
-0.621067 0.009991 -0.783694
0.586452 0.084203 -0.805595
-0.996773 0.042275 -0.033473
0.951306 0.304099 -0.050407
0.984658 0.153619 -0.037940
-0.389251 -0.098669 -0.914361
-0.389251 -0.098669 -0.914361
0.984658 0.153619 -0.037940
0.493366 -0.009167 -0.866122
0.586452 0.084203 -0.805595
0.629441 0.194585 0.752290
0.506981 0.204335 0.819661
0.493366 -0.009167 -0.866122
0.493366 -0.009167 -0.866122
-0.438674 0.183031 0.870111
-0.621067 0.009991 -0.783694
-0.996773 0.042275 -0.033473
0.506981 0.204335 0.819661
-0.389251 -0.098669 -0.914361
0.506981 0.204335 0.819661
-0.438674 0.183031 0.870111
-0.635351 0.054421 0.770304
0.629441 0.194585 0.752290
0.506981 0.204335 0.819661
-0.438674 0.183031 0.870111
136
0 0 2 1 0 2 1 1
0 3 5 4 3 5 4 1
0 6 2 7 6 2 7 1
0 8 10 9 8 10 9 1
0 11 9 12 11 9 12 1
0 13 15 14 13 15 14 1
0 4 16 3 4 16 3 1
0 8 17 13 8 17 13 1
0 8 13 14 8 13 14 1
0 2 3 1 2 3 1 1
0 2 0 7 2 0 7 1
0 18 15 13 18 15 13 1
0 15 19 6 15 19 6 1
0 20 16 4 20 16 4 1
0 16 11 12 16 11 12 1
0 16 20 11 16 20 11 1
0 15 18 19 15 18 19 1
0 17 9 11 17 9 11 1
0 17 8 9 17 8 9 1
0 5 6 19 5 6 19 1
0 6 5 2 6 5 2 1
0 5 3 2 5 3 2 1
0 88 46 45 88 46 45 1
0 69 48 47 69 48 47 1
0 49 80 50 49 80 50 1
0 51 77 52 51 77 52 1
0 53 66 54 53 66 54 1
0 55 78 56 55 78 56 1
0 57 58 52 57 58 52 1
0 59 57 60 59 57 60 1
0 48 59 60 48 59 60 1
0 48 61 59 48 61 59 1
0 62 39 63 62 39 63 1
0 40 57 52 40 57 52 1
0 58 51 52 58 51 52 1
0 41 59 42 41 59 42 1
0 58 62 63 58 62 63 1
0 49 58 63 49 58 63 1
0 59 53 42 59 53 42 1
0 42 62 41 42 62 41 1
0 86 49 63 86 49 63 1
0 80 51 50 80 51 50 1
0 49 86 80 49 86 80 1
0 46 89 43 46 89 43 1
0 46 88 89 46 88 89 1
0 90 53 61 90 53 61 1
0 53 90 66 53 90 66 1
0 48 90 61 48 90 61 1
0 48 69 90 48 69 90 1
0 64 55 44 64 55 44 1
0 55 64 78 55 64 78 1
0 77 51 80 77 51 80 1
0 58 49 50 58 49 50 1
0 39 62 42 39 62 42 1
0 51 58 50 51 58 50 1
0 57 40 60 57 40 60 1
0 53 59 61 53 59 61 1
0 67 21 68 67 21 68 1
0 70 67 68 70 67 68 1
0 70 71 67 70 71 67 1
0 72 74 73 72 74 73 1
0 72 75 74 72 75 74 1
0 68 76 70 68 76 70 1
0 22 79 23 22 79 23 1
0 79 24 23 79 24 23 1
0 81 83 82 81 83 82 1
0 83 85 84 83 85 84 1
0 21 67 25 21 67 25 1
0 87 27 26 87 27 26 1
0 85 83 79 85 83 79 1
0 28 72 29 28 72 29 1
0 83 81 79 83 81 79 1
0 72 73 29 72 73 29 1
0 79 22 85 79 22 85 1
0 24 79 81 24 79 81 1
0 27 68 21 27 68 21 1
0 76 87 65 76 87 65 1
0 87 76 27 87 76 27 1
0 76 68 27 76 68 27 1
0 113 123 114 113 123 114 1
0 115 132 91 115 132 91 1
0 122 93 92 122 93 92 1
0 135 95 94 135 95 94 1
0 124 97 96 124 97 96 1
0 138 99 98 138 99 98 1
0 100 101 94 100 101 94 1
0 101 103 102 101 103 102 1
0 103 115 102 103 115 102 1
0 103 104 115 103 104 115 1
0 105 107 106 105 107 106 1
0 101 108 94 101 108 94 1
0 95 100 94 95 100 94 1
0 103 110 109 103 110 109 1
0 107 100 106 107 100 106 1
0 100 93 106 100 93 106 1
0 97 103 109 97 103 109 1
0 107 109 110 107 109 110 1
0 93 130 106 93 130 106 1
0 95 122 92 95 122 92 1
0 130 93 122 130 93 122 1
0 131 113 111 131 113 111 1
0 123 113 131 123 113 131 1
0 97 134 104 97 134 104 1
0 134 97 124 134 97 124 1
0 134 115 104 134 115 104 1
0 132 115 134 132 115 134 1
0 99 137 112 99 137 112 1
0 137 99 138 137 99 138 1
0 95 135 122 95 135 122 1
0 93 100 92 93 100 92 1
0 107 105 109 107 105 109 1
0 100 95 92 100 95 92 1
0 108 101 102 108 101 102 1
0 103 97 104 103 97 104 1
0 30 140 139 30 140 139 1
0 141 139 140 141 139 140 1
0 141 142 139 141 142 139 1
0 116 118 117 116 118 117 1
0 116 119 118 116 119 118 1
0 120 139 142 120 139 142 1
0 121 32 31 121 32 31 1
0 33 121 31 33 121 31 1
0 125 127 126 125 127 126 1
0 128 125 129 128 125 129 1
0 140 30 34 140 30 34 1
0 35 133 36 35 133 36 1
0 125 128 121 125 128 121 1
0 119 38 37 119 38 37 1
0 127 125 121 127 125 121 1
0 118 119 37 118 119 37 1
0 32 121 128 32 121 128 1
0 121 33 127 121 33 127 1
0 139 35 30 139 35 30 1
0 133 120 136 133 120 136 1
0 120 133 35 120 133 35 1
0 139 120 35 139 120 35 1
"Mesh4" 0 4
70
0 -0.757741 0.222851 -0.881385 0.558036 0.384766 4
0 -0.757741 0.222851 -0.881385 0.578125 0.367188 4
0 -1.193552 -0.957981 1.378114 0.982143 0.364991 4
0 0.516786 -0.957981 1.378115 0.977679 0.369385 4
0 0.472728 0.222853 -0.881384 0.589286 0.369385 4
0 -1.187196 -1.439359 -1.261659 0.371710 0.994929 4
0 -0.807433 -1.439359 0.974554 0.991331 0.995125 4
0 -0.860415 -0.457980 1.036176 0.983334 0.757751 4
0 -1.203656 -0.482046 -1.406166 0.372768 0.753906 4
0 -1.193552 -0.957981 1.378114 0.985527 0.373534 4
0 0.516786 -0.957981 1.378115 0.572678 0.373534 4
0 0.279525 0.222853 -0.881382 0.544932 0.401821 4
0 0.359223 -0.457980 1.036178 0.983334 0.757751 4
0 0.707928 -0.482046 -1.406164 0.372768 0.753906 4
0 0.244027 -1.439359 0.974556 0.991332 0.995125 4
0 0.504264 -1.439359 -1.261657 0.371710 0.994929 4
0 -0.891672 -1.439359 -2.467653 0.062244 0.995125 4
0 -0.940931 -0.497091 -2.752915 0.009178 0.742135 4
0 0.417391 -0.497091 -2.752914 0.009178 0.742135 4
0 0.281458 -1.439359 -2.467652 0.062245 0.995125 4
0 -0.306723 0.103033 -2.462322 0.069461 0.402077 4
0 -0.652272 0.222852 -0.881384 0.548944 0.405555 4
0 0.472728 0.222853 -0.881384 0.006696 0.384766 4
0 -0.476694 -3.221160 -0.038406 0.551339 0.028809 6
0 0.314265 -3.216269 -0.033275 0.011161 0.026612 6
0 0.314265 -3.216269 -0.033275 0.587054 0.028809 6
0 0.405964 -3.313109 0.974961 0.970982 0.033203 6
0 0.405964 -3.313109 0.974961 0.598394 0.472578 6
0 0.314265 -3.216269 -0.033275 0.611136 0.431586 6
0 -0.476694 -3.221160 -0.038406 0.721044 0.433657 6
0 -0.603051 -3.313109 0.974961 0.738602 0.472578 6
0 -0.603051 -3.313109 0.974961 0.864591 0.043402 6
0 0.405964 -3.313109 0.974961 0.621031 0.043402 6
0 -0.603051 -3.313109 0.974961 0.988839 0.033203 6
0 -0.476694 -3.221160 -0.038406 0.533482 0.033203 6
0 -0.516786 -0.957981 1.378115 0.977679 0.369385 11
0 0.860415 -0.457980 1.036176 0.983334 0.757751 11
0 0.807433 -1.439359 0.974555 0.991331 0.995125 11
0 1.187197 -1.439359 -1.261659 0.371710 0.994929 11
0 1.203656 -0.482046 -1.406166 0.372768 0.753906 11
0 -0.516786 -0.957981 1.378115 0.572678 0.373534 11
0 1.193552 -0.957981 1.378114 0.985527 0.373534 11
0 -0.707928 -0.482046 -1.406164 0.372768 0.753906 11
0 -0.359223 -0.457980 1.036178 0.983334 0.757751 11
0 -0.279525 0.222853 -0.881382 0.544932 0.401821 11
0 -0.244027 -1.439359 0.974556 0.991332 0.995125 11
0 -0.504264 -1.439359 -1.261657 0.371710 0.994929 11
0 -0.417391 -0.497091 -2.752914 0.009178 0.742135 11
0 0.940931 -0.497091 -2.752915 0.009178 0.742135 11
0 0.891673 -1.439359 -2.467653 0.062244 0.995125 11
0 -0.281458 -1.439359 -2.467652 0.062245 0.995125 11
0 0.306723 0.103033 -2.462322 0.069461 0.402077 11
0 0.652272 0.222852 -0.881384 0.548944 0.405555 11
0 0.757741 0.222851 -0.881385 0.558036 0.384766 11
0 -0.472728 0.222853 -0.881384 0.006696 0.384766 11
0 1.193552 -0.957981 1.378114 0.982143 0.364991 11
0 0.757741 0.222851 -0.881385 0.578125 0.367188 11
0 -0.472728 0.222853 -0.881384 0.589286 0.369385 11
0 -0.405963 -3.313109 0.974961 0.970982 0.033203 13
0 -0.314265 -3.216269 -0.033274 0.587054 0.028809 13
0 -0.405963 -3.313109 0.974961 0.621031 0.043402 13
0 0.603051 -3.313109 0.974960 0.864591 0.043402 13
0 0.603051 -3.313109 0.974960 0.738602 0.472578 13
0 0.476694 -3.221160 -0.038406 0.721044 0.433657 13
0 -0.314265 -3.216269 -0.033274 0.611136 0.431586 13
0 -0.405963 -3.313109 0.974961 0.598394 0.472578 13
0 0.476694 -3.221160 -0.038406 0.533482 0.033203 13
0 0.603051 -3.313109 0.974960 0.988839 0.033203 13
0 -0.314265 -3.216269 -0.033274 0.011161 0.026612 13
0 0.476694 -3.221160 -0.038406 0.551339 0.028809 13
70
-0.607356 0.623884 -0.491820
-0.607356 0.623884 -0.491820
-0.655631 0.458880 0.599647
0.658498 0.386189 0.645940
0.657924 0.595642 -0.460811
-0.771712 -0.635528 -0.023787
-0.376018 -0.812610 0.445281
-0.753181 0.101157 0.649989
-0.946542 0.321663 -0.024309
-0.655631 0.458880 0.599647
0.658498 0.386189 0.645940
0.611354 0.783913 -0.108288
0.899984 0.024139 0.435254
0.984352 0.173390 -0.031411
0.372976 -0.472291 0.798643
0.719763 -0.693829 -0.023306
-0.331661 -0.585357 -0.739836
-0.741342 0.317313 -0.591375
0.656685 0.167028 -0.735436
0.333204 -0.857462 -0.392090
-0.022816 0.900909 -0.433408
-0.585376 0.806484 -0.083181
0.657924 0.595642 -0.460811
-0.525735 0.627665 -0.351372
0.600611 0.506460 -0.380962
0.600611 0.506460 -0.380962
0.518827 0.588498 0.546797
0.518827 0.588498 0.546797
0.600611 0.506460 -0.380962
-0.525735 0.627665 -0.351372
-0.522767 0.608612 0.499104
-0.522767 0.608612 0.499104
0.518827 0.588498 0.546797
-0.522767 0.608612 0.499104
-0.525735 0.627665 -0.351372
-0.658498 0.386189 0.645940
0.753181 0.101157 0.649989
0.376018 -0.812610 0.445281
0.771712 -0.635528 -0.023787
0.946542 0.321663 -0.024309
-0.658498 0.386189 0.645940
0.655631 0.458880 0.599648
-0.984352 0.173390 -0.031411
-0.899984 0.024139 0.435254
-0.611354 0.783913 -0.108289
-0.372976 -0.472291 0.798643
-0.719763 -0.693829 -0.023306
-0.656685 0.167028 -0.735437
0.741342 0.317313 -0.591375
0.331661 -0.585357 -0.739836
-0.333204 -0.857462 -0.392090
0.022816 0.900909 -0.433408
0.585376 0.806484 -0.083181
0.607356 0.623884 -0.491820
-0.657924 0.595642 -0.460811
0.655631 0.458880 0.599648
0.607356 0.623884 -0.491820
-0.657924 0.595642 -0.460811
-0.518827 0.588498 0.546797
-0.600611 0.506460 -0.380962
-0.518827 0.588498 0.546797
0.522767 0.608612 0.499104
0.522767 0.608612 0.499104
0.525735 0.627665 -0.351372
-0.600611 0.506460 -0.380962
-0.518827 0.588498 0.546797
0.525735 0.627665 -0.351372
0.522767 0.608612 0.499104
-0.600611 0.506460 -0.380962
0.525735 0.627665 -0.351372
68
0 5 7 6 5 7 6 1
0 8 7 5 8 7 5 1
0 9 32 10 9 32 10 1
0 9 31 32 9 31 32 1
0 11 13 12 11 13 12 1
0 14 7 12 14 7 12 1
0 6 7 14 6 7 14 1
0 15 12 13 15 12 13 1
0 14 12 15 14 12 15 1
0 6 15 5 6 15 5 1
0 14 15 6 14 15 6 1
0 16 18 17 16 18 17 1
0 19 18 16 19 18 16 1
0 17 5 16 17 5 16 1
0 5 17 8 5 17 8 1
0 18 20 17 18 20 17 1
0 15 18 19 15 18 19 1
0 5 19 16 5 19 16 1
0 15 19 5 15 19 5 1
0 18 15 13 18 15 13 1
0 21 17 20 21 17 20 1
0 11 18 13 11 18 13 1
0 11 21 20 11 21 20 1
0 22 23 0 22 23 0 1
0 22 24 23 22 24 23 1
0 7 8 21 7 8 21 1
0 18 11 20 18 11 20 1
0 17 21 8 17 21 8 1
0 1 33 2 1 33 2 1
0 1 34 33 1 34 33 1
0 3 25 4 3 25 4 1
0 3 26 25 3 26 25 1
0 27 29 28 27 29 28 1
0 27 30 29 27 30 29 1
0 36 38 37 36 38 37 1
0 36 39 38 36 39 38 1
0 61 40 60 61 40 60 1
0 61 41 40 61 41 40 1
0 42 44 43 42 44 43 1
0 36 45 43 36 45 43 1
0 36 37 45 36 37 45 1
0 43 46 42 43 46 42 1
0 43 45 46 43 45 46 1
0 46 37 38 46 37 38 1
0 46 45 37 46 45 37 1
0 47 49 48 47 49 48 1
0 47 50 49 47 50 49 1
0 38 48 49 38 48 49 1
0 48 38 39 48 38 39 1
0 51 47 48 51 47 48 1
0 47 46 50 47 46 50 1
0 50 38 49 50 38 49 1
0 50 46 38 50 46 38 1
0 46 47 42 46 47 42 1
0 48 52 51 48 52 51 1
0 47 44 42 47 44 42 1
0 52 44 51 52 44 51 1
0 68 53 69 68 53 69 1
0 68 54 53 68 54 53 1
0 39 36 52 39 36 52 1
0 44 47 51 44 47 51 1
0 52 48 39 52 48 39 1
0 66 55 67 66 55 67 1
0 66 56 55 66 56 55 1
0 58 57 59 58 57 59 1
0 58 35 57 58 35 57 1
0 62 64 63 62 64 63 1
0 62 65 64 62 65 64 1
"Mesh5" 0 5
42
0 -0.115225 2.292485 1.506172 0.018393 0.988713 0
0 1.100052 4.337323 1.506172 0.019683 0.078387 0
0 1.100052 4.337323 0.993828 0.019683 0.078387 0
0 -0.115225 2.292485 0.993828 0.018393 0.988713 0
0 2.023226 3.804329 1.397612 0.979073 0.073485 0
0 0.772763 1.667585 1.397612 0.982265 0.984732 0
0 -1.700808 0.441295 0.993828 0.986607 0.090331 0
0 -3.276451 0.087894 1.066851 0.991640 0.994889 0
0 -3.281929 0.088279 1.561236 0.992430 0.995013 0
0 -1.700808 0.441295 1.506172 0.988839 0.094727 0
0 -3.055944 -0.956690 1.126923 0.010347 0.982811 0
0 0.776332 1.647088 1.126923 0.984375 0.160645 0
0 -0.585858 -0.057910 1.126923 0.990842 0.990745 0
0 -0.115225 2.292485 0.993828 0.022321 0.055175 0
0 -3.281929 0.088279 1.561236 0.133055 0.041400 0
0 -3.276451 0.087894 1.066851 0.022890 0.041276 0
0 -3.055944 -0.956690 1.126923 0.025972 0.490623 0
0 -3.058269 -0.962130 1.459151 0.135617 0.489137 0
0 2.037071 3.796335 1.126923 0.991353 0.072949 0
0 0.776332 1.647088 1.126923 0.982265 0.984732 0
0 -0.585858 -0.057910 1.126923 0.990842 0.067893 0
0 -1.701598 -0.785178 1.126923 0.988175 0.531489 0
0 -1.700808 0.441295 0.993828 0.013484 0.323400 0
0 -1.717206 -0.766089 1.397612 0.985919 0.526470 0
0 -0.613530 -0.046901 1.397612 0.986843 0.064997 0
0 -1.700808 0.441295 0.993828 0.021785 0.988623 0
0 -1.700808 0.441295 1.506172 0.021785 0.988623 0
0 -0.115225 2.292485 1.506172 0.021363 0.055701 0
0 -0.613530 -0.046901 1.397612 0.986843 0.987849 0
0 0.772763 1.667585 1.397612 0.986607 0.160645 0
0 -1.701598 -0.785178 1.126923 0.015625 0.187013 0
0 -1.717206 -0.766089 1.397612 0.015625 0.187013 0
0 -1.700808 0.441295 1.506172 0.986607 0.090331 0
0 -3.058269 -0.962130 1.459151 0.010617 0.981324 0
0 0.776332 1.647088 1.126923 0.984462 0.993659 0
0 2.037071 3.796335 1.126923 0.991353 0.072949 0
0 0.772763 1.667585 1.397612 0.984375 0.160645 0
0 -0.613530 -0.046901 1.397612 0.986843 0.987849 0
0 -1.700808 0.441295 1.506172 0.013484 0.323400 0
0 -3.058269 -0.962130 1.459151 0.010617 0.981324 0
0 -1.717206 -0.766089 1.397612 0.008929 0.178222 0
0 -3.281929 0.088279 1.561236 0.992430 0.995013 0
42
-0.402684 0.287098 0.869149
-0.576356 0.342837 0.741807
-0.569655 0.338866 -0.748775
-0.392628 0.279772 -0.876111
0.624000 -0.365822 0.690505
0.590715 -0.407334 0.696516
-0.197193 0.298839 -0.933708
-0.706380 0.405115 -0.580439
-0.690577 0.412896 0.593819
-0.172989 0.305839 0.936236
-0.337121 -0.536385 -0.773719
0.633806 -0.436817 -0.638342
0.430842 -0.470473 -0.770084
-0.392628 0.279772 -0.876111
-0.690577 0.412896 0.593819
-0.706380 0.405115 -0.580439
-0.337121 -0.536385 -0.773719
-0.287731 -0.541116 0.790192
0.661199 -0.387721 -0.642252
0.633806 -0.436817 -0.638342
0.430842 -0.470473 -0.770084
0.265898 -0.710766 -0.651237
-0.197193 0.298839 -0.933708
0.264420 -0.665231 0.698248
0.393471 -0.430645 0.812235
-0.197193 0.298839 -0.933708
-0.172989 0.305839 0.936236
-0.402684 0.287098 0.869149
0.393471 -0.430645 0.812235
0.590715 -0.407334 0.696516
0.265898 -0.710766 -0.651237
0.264420 -0.665231 0.698248
-0.172989 0.305839 0.936236
-0.287731 -0.541116 0.790192
0.633806 -0.436817 -0.638342
0.661199 -0.387721 -0.642252
0.590715 -0.407334 0.696516
0.393471 -0.430645 0.812235
-0.172989 0.305839 0.936236
-0.287731 -0.541116 0.790192
0.264420 -0.665231 0.698248
-0.690577 0.412896 0.593819
30
0 0 2 1 0 2 1 1
0 0 3 2 0 3 2 1
0 4 0 1 4 0 1 1
0 4 5 0 4 5 0 1
0 6 8 7 6 8 7 1
0 6 9 8 6 9 8 1
0 10 6 7 10 6 7 1
0 11 13 12 11 13 12 1
0 14 16 15 14 16 15 1
0 14 17 16 14 17 16 1
0 3 18 2 3 18 2 1
0 3 19 18 3 19 18 1
0 20 22 21 20 22 21 1
0 23 20 21 23 20 21 1
0 23 24 20 23 24 20 1
0 13 26 25 13 26 25 1
0 13 27 26 13 27 26 1
0 12 13 25 12 13 25 1
0 28 11 12 28 11 12 1
0 28 29 11 28 29 11 1
0 6 10 30 6 10 30 1
0 31 33 32 31 33 32 1
0 5 35 34 5 35 34 1
0 5 4 35 5 4 35 1
0 36 37 27 36 37 27 1
0 37 26 27 37 26 27 1
0 38 24 23 38 24 23 1
0 39 30 10 39 30 10 1
0 39 40 30 39 40 30 1
0 33 41 32 33 41 32 1
"Mesh6" 0 6
246
0 -0.537477 3.797304 0.700000 0.045918 0.944646 0
0 -0.716634 3.592570 0.825093 0.040166 0.995045 0
0 0.695731 3.595142 0.829381 0.093145 0.995045 0
0 0.519545 3.805098 0.700000 0.089209 0.944646 0
0 -0.716634 3.592570 0.825093 0.098943 0.944897 0
0 -0.537477 3.797304 0.700000 0.098699 0.994794 0
0 -0.490140 3.612278 -0.327614 0.055242 0.994794 0
0 -0.749559 3.509208 -0.395710 0.055242 0.944897 0
0 -0.791107 0.856518 0.588051 0.363987 0.836644 0
0 0.005154 0.862043 0.937977 0.131256 0.726757 0
0 0.000000 2.228447 1.247681 0.363739 0.457099 0
0 0.749808 2.328447 1.307681 0.132424 0.352160 0
0 1.477829 3.200000 0.700000 0.131112 0.090783 0
0 1.481605 3.269490 0.752284 0.131389 0.031165 0
0 -1.441160 3.500000 0.000000 0.026706 0.062386 0
0 -1.477828 3.200000 0.700000 0.025729 0.144331 0
0 -0.716634 3.592570 0.825093 0.046015 0.037100 0
0 0.005154 0.862043 0.937977 0.065251 0.782946 0
0 -0.749559 3.509208 -0.395710 0.045138 0.059871 0
0 0.000000 2.100000 -1.127597 0.065113 0.444798 0
0 -0.763908 2.650000 -1.076674 0.044755 0.294564 0
0 -0.749808 2.328447 1.307681 0.045131 0.382397 0
0 0.000000 2.228447 1.247681 0.065113 0.409712 0
0 0.763149 1.050000 -0.651212 0.085451 0.731606 0
0 1.099718 2.100000 -1.127477 0.094421 0.444798 0
0 1.625599 1.862240 0.000000 0.108435 0.509742 0
0 1.170019 0.906120 0.007458 0.096294 0.770906 0
0 0.791107 0.856518 0.588051 0.086196 0.784455 0
0 1.477829 3.200000 -0.600000 0.104497 0.144331 0
0 1.556020 2.500000 -0.600000 0.106581 0.335537 0
0 0.749808 2.328447 1.307681 0.085096 0.382397 0
0 1.556020 2.500000 0.700000 0.106581 0.335537 0
0 1.477829 3.200000 0.700000 0.104497 0.144331 0
0 -1.556019 2.500000 0.700000 0.023646 0.335537 0
0 -0.777268 1.050000 -0.711518 0.363555 0.796974 0
0 -1.099718 2.100000 -1.127477 0.035806 0.444798 0
0 -1.625599 1.862240 0.000000 0.021791 0.509742 0
0 -1.556019 2.500000 -0.600000 0.023646 0.335537 0
0 -1.170018 0.906120 0.007458 0.033932 0.770906 0
0 -0.763149 1.050000 -0.651212 0.044775 0.731606 0
0 -1.477828 3.200000 -0.600000 0.025729 0.144331 0
0 0.515108 3.604433 -0.334799 0.039711 0.943012 0
0 0.768285 3.503325 -0.401099 0.039711 0.996344 0
0 0.000000 2.100000 -1.127597 0.097451 0.996344 0
0 0.515108 3.604433 -0.334799 0.040934 0.943833 0
0 0.000000 2.100000 -1.127597 0.100423 0.995523 0
0 0.003121 2.670080 -1.040354 0.099962 0.943833 0
0 0.695731 3.595142 0.829381 0.363118 0.045957 0
0 0.695731 3.595142 0.829381 0.083654 0.036397 0
0 0.768285 3.503325 -0.401099 0.055242 0.944897 0
0 0.515108 3.604433 -0.334799 0.055242 0.994794 0
0 0.519545 3.805098 0.700000 0.098699 0.994794 0
0 0.695731 3.595142 0.829381 0.098943 0.944897 0
0 -0.791107 0.856518 0.588051 0.044030 0.784455 0
0 -0.749559 3.509208 -0.395710 0.040934 0.995523 0
0 0.003121 2.670080 -1.040354 0.097003 0.943012 0
0 -0.749559 3.509208 -0.395710 0.039711 0.996344 0
0 -0.490140 3.612278 -0.327614 0.039711 0.943012 0
0 0.774789 2.100000 -1.163077 0.085761 0.444798 0
0 0.000000 1.050000 -0.847557 0.063781 0.731606 0
0 0.781092 2.100000 -1.254207 0.131207 0.390528 0
0 0.000000 2.100000 -1.127597 0.364063 0.482133 0
0 0.768285 3.503325 -0.401099 0.363644 0.053564 0
0 1.485350 3.258287 -0.649692 0.131314 0.032747 0
0 -0.763149 1.050000 -0.651212 0.363613 0.794971 0
0 1.402516 3.562880 0.031869 0.133225 0.033312 0
0 1.477829 3.200000 -0.600000 0.131112 0.090783 0
0 0.774789 2.100000 -1.163077 0.131251 0.391384 0
0 0.000000 1.050000 -0.847557 0.132464 0.699181 0
0 -0.003287 1.050000 -0.898471 0.132487 0.699627 0
0 1.441160 3.500000 0.000000 0.132679 0.039797 0
0 -1.625599 1.862240 0.000000 0.107107 0.182746 0
0 -1.441160 3.500000 0.000000 0.042165 0.123815 0
0 -1.477828 3.200000 -0.600000 0.054061 0.135531 0
0 -1.556019 2.500000 0.700000 0.081818 0.160514 0
0 -1.477828 3.200000 0.700000 0.054061 0.135531 0
0 -1.556019 2.500000 -0.600000 0.081818 0.160514 0
0 1.625599 1.862240 0.000000 0.099216 0.189725 0
0 1.441160 3.500000 0.000000 0.049549 0.127093 0
0 1.477829 3.200000 -0.600000 0.058647 0.139544 0
0 1.477829 3.200000 0.700000 0.058647 0.139544 0
0 1.556020 2.500000 0.700000 0.079875 0.166097 0
0 1.556020 2.500000 -0.600000 0.079875 0.166097 0
0 -0.503963 -0.993269 1.349536 0.044903 0.753372 1
0 -0.050000 -0.635708 1.146439 0.068837 0.758785 1
0 -0.000001 0.552264 1.240245 0.055843 0.412224 1
0 0.532363 -0.993269 1.349536 0.099542 0.753372 1
0 0.931894 -0.673655 0.753460 0.120607 0.758211 1
0 -0.942631 -0.673655 0.753460 0.021774 0.758211 1
0 -0.000002 1.993088 -0.200938 0.044571 0.427502 1
0 -0.000001 1.972426 0.607822 0.069035 0.333931 1
0 0.475227 1.897775 0.142869 0.055888 0.416471 1
0 0.504800 1.707900 -0.500709 0.038608 0.559473 1
0 -0.000002 1.761297 -0.645038 0.033715 0.559659 1
0 -0.392330 1.553706 1.050481 0.086745 0.418063 1
0 -0.611383 1.781485 0.582197 0.070292 0.400546 1
0 -0.000001 0.552264 1.240245 0.103054 0.727191 1
0 0.547830 0.671848 0.974009 0.093804 0.720527 1
0 0.394307 1.138739 1.192119 0.095392 0.538332 1
0 -0.504800 1.707900 -0.500709 0.038608 0.559473 1
0 -0.475227 1.897776 0.142869 0.055888 0.416470 1
0 -0.783631 1.519337 0.003140 0.055712 0.559546 1
0 -0.000001 1.500915 1.162887 0.090675 0.421642 1
0 -0.882027 1.373250 0.527218 0.072973 0.542995 1
0 -0.394307 1.138739 1.192119 0.095392 0.538332 1
0 0.611383 1.781485 0.582198 0.070292 0.400546 1
0 0.392330 1.553705 1.050481 0.086745 0.418063 1
0 0.882025 1.373250 0.527217 0.072972 0.542995 1
0 0.783631 1.519337 0.003140 0.055712 0.559546 1
0 0.807772 1.002655 0.028839 0.061962 0.728004 1
0 0.552613 1.268546 -0.727117 0.036480 0.733550 1
0 -0.552617 1.268547 -0.727117 0.036480 0.733550 1
0 -0.000002 1.308615 -0.860800 0.032048 0.736840 1
0 -0.807772 1.002655 0.028839 0.061962 0.728004 1
0 0.899839 0.851951 0.483005 0.077175 0.721669 1
0 -0.547830 0.671848 0.974009 0.093804 0.720527 1
0 -0.899300 0.849237 0.482690 0.077194 0.722610 1
0 -0.000001 0.552264 1.240245 0.103054 0.727191 1
0 1.217373 -0.566667 0.007457 0.097052 0.254000 2
0 1.694116 -1.500000 0.004765 0.110387 0.514020 2
0 0.978982 -0.570034 0.868019 0.090384 0.254938 2
0 -0.000002 -0.573776 1.071111 0.063002 0.255981 2
0 -0.000001 -1.855626 1.459801 0.063002 0.613094 2
0 -0.978982 -0.570034 0.868019 0.035620 0.254938 2
0 -1.217373 -0.566667 0.007457 0.028952 0.254000 2
0 -1.444116 -1.200001 0.004765 0.022610 0.430443 2
0 1.299488 -1.496666 -1.113623 0.099349 0.513091 2
0 -1.049489 -1.446666 -1.113623 0.033648 0.499161 2
0 -1.403688 -1.503101 1.188998 0.023741 0.514883 2
0 1.403688 -1.503101 1.188998 0.102263 0.514883 2
0 -1.125688 0.100000 0.014915 0.618750 0.704687 2
0 -0.840894 0.100000 -0.688956 0.615625 0.938477 2
0 -1.011475 -0.668101 -0.870555 0.131250 0.978467 2
0 -1.329030 -0.666667 0.008009 0.131250 0.704687 2
0 0.000000 0.100000 0.914584 0.614975 0.098570 2
0 -0.840894 0.100000 0.743342 0.617723 0.054514 2
0 -1.068774 -0.670034 0.932253 0.127831 0.046044 2
0 -0.000002 -0.673776 1.150373 0.125554 0.098998 2
0 1.125688 0.100000 0.014915 0.618750 0.704687 2
0 0.840894 0.100000 0.743342 0.615625 0.938477 2
0 1.068774 -0.670034 0.932253 0.131250 0.978467 2
0 1.329030 -0.666667 0.008009 0.131250 0.704687 2
0 0.000000 0.100000 -0.837718 0.617352 0.528625 2
0 0.840894 0.100000 -0.688956 0.620536 0.890137 2
0 1.011475 -0.668101 -0.870555 0.127232 0.951660 2
0 -0.000002 -0.664050 -1.001444 0.125101 0.532255 2
0 -0.840894 0.100000 -0.688956 0.620126 0.162131 2
0 -1.011475 -0.668101 -0.870555 0.125778 0.115309 2
0 -0.840894 0.100000 0.743342 0.615625 0.938477 2
0 -1.068774 -0.670034 0.932253 0.131250 0.978467 2
0 0.840894 0.100000 0.743342 0.612227 0.142627 2
0 1.068774 -0.670034 0.932253 0.124741 0.151958 2
0 0.840894 0.100000 -0.688956 0.615625 0.938477 2
0 1.011475 -0.668101 -0.870555 0.131250 0.978467 2
0 0.840894 0.100000 0.743342 0.087517 0.991099 2
0 0.000000 0.100000 -0.837718 0.065113 0.991099 2
0 -0.840894 0.100000 -0.688956 0.042709 0.991099 2
0 -1.125688 0.100000 0.014915 0.035121 0.991099 2
0 -0.840894 0.100000 0.743342 0.042709 0.991099 2
0 0.000000 0.100000 0.914584 0.065113 0.991099 2
0 -1.125688 0.100000 0.014915 0.364537 0.985338 2
0 1.125688 0.100000 0.014915 0.095105 0.991099 2
0 -0.840894 0.100000 -0.688956 0.133874 0.983695 2
0 0.840894 0.100000 -0.688956 0.087517 0.991099 2
0 -1.125688 0.100000 0.014915 0.364537 0.985338 2
0 -0.840894 0.100000 0.743342 0.133874 0.983695 2
0 -0.926497 -0.568101 -0.810572 0.037088 0.254400 2
0 -0.000002 -0.564050 -0.932443 0.063002 0.253271 2
0 -0.000002 -1.343871 -1.191580 0.063002 0.470523 2
0 0.926497 -0.568101 -0.810572 0.088916 0.254400 2
0 -0.269131 -2.177434 -0.366332 0.924107 0.890137 3
0 -0.394901 -0.649999 -0.522995 0.631696 0.402344 3
0 -0.269131 -2.177434 -0.366332 0.694196 0.887940 3
0 0.419264 -0.649999 0.422995 0.993304 0.404541 3
0 0.269133 -2.177434 0.306765 0.924107 0.890137 3
0 0.269133 -2.177434 0.306765 0.923743 0.136697 3
0 0.269131 -2.177434 -0.366332 0.720619 0.136697 3
0 -0.269131 -2.177434 -0.366332 0.935000 0.136697 3
0 -0.269131 -2.177434 0.306765 0.700625 0.136697 3
0 0.269133 -2.177434 0.306765 0.720618 0.136697 3
0 -0.269131 -2.177434 0.306765 0.935000 0.136697 3
0 0.269133 -2.177434 0.306765 0.720618 0.136697 3
0 0.419264 -0.649999 0.422995 0.631696 0.402344 3
0 -0.394901 -0.650000 0.422995 0.993304 0.404541 3
0 -0.269131 -2.177434 0.306765 0.924107 0.890137 3
0 0.269133 -2.177434 0.306765 0.694196 0.887940 3
0 -0.394901 -0.649999 -0.522995 0.993304 0.404541 3
0 0.419263 -0.649999 -0.522995 0.631696 0.402344 3
0 0.269131 -2.177434 -0.366332 0.694196 0.887940 3
0 -0.360666 -0.968655 0.502966 0.643332 0.504256 5
0 0.481358 -0.644654 -0.395192 0.761092 0.367925 5
0 -0.360666 -0.968654 -0.507463 0.971457 0.504256 5
0 -0.136126 -0.860654 -0.507463 0.882026 0.458812 5
0 -0.136126 -0.860655 0.502967 0.882026 0.458812 5
0 0.144549 -0.752654 -0.395192 0.770238 0.413368 5
0 0.144549 -0.752654 -0.395192 0.770238 0.413368 5
0 0.481358 -0.644654 -0.395192 0.636092 0.367925 5
0 0.481359 -0.644654 -0.675867 0.636092 0.367925 5
0 -0.136126 -0.860655 0.502967 0.882026 0.458812 5
0 0.144549 -0.752654 -0.675867 0.770238 0.413369 5
0 -0.360666 -0.968655 0.502966 0.971457 0.504256 5
0 0.144549 -0.752654 -0.395192 0.662946 0.417724 5
0 0.621620 -0.838034 0.523905 0.087521 0.430191 8
0 -0.500126 -0.907399 -0.411566 0.043041 0.452348 8
0 0.893920 -0.907399 -0.411566 0.098318 0.452348 8
0 0.621620 -0.838034 -0.335370 0.087521 0.430191 8
0 0.893921 -0.907399 0.632806 0.098318 0.452348 8
0 -0.500126 -0.907399 0.632806 0.043041 0.452348 8
0 -0.419264 -0.649999 0.422995 0.993304 0.404541 10
0 -0.269133 -2.177434 0.306765 0.923743 0.136697 10
0 -0.269131 -2.177434 -0.366331 0.720619 0.136697 10
0 0.269131 -2.177434 -0.366332 0.935000 0.136697 10
0 0.269131 -2.177434 0.306765 0.700625 0.136697 10
0 -0.269133 -2.177434 0.306765 0.720618 0.136697 10
0 0.269131 -2.177434 0.306765 0.935000 0.136697 10
0 -0.269133 -2.177434 0.306765 0.720618 0.136697 10
0 0.269131 -2.177434 0.306765 0.924107 0.890137 10
0 0.394901 -0.650000 0.422995 0.993304 0.404541 10
0 -0.419264 -0.649999 0.422995 0.631696 0.402344 10
0 -0.269133 -2.177434 0.306765 0.694196 0.887940 10
0 -0.269131 -2.177434 -0.366331 0.694196 0.887940 10
0 -0.419263 -0.649999 -0.522995 0.631696 0.402344 10
0 0.394900 -0.649999 -0.522995 0.993304 0.404541 10
0 0.269131 -2.177434 -0.366332 0.924107 0.890137 10
0 0.269131 -2.177434 -0.366332 0.694196 0.887940 10
0 0.394900 -0.649999 -0.522995 0.631696 0.402344 10
0 -0.269133 -2.177434 0.306765 0.924107 0.890137 10
0 0.136126 -0.860654 -0.507463 0.882026 0.458812 12
0 -0.144549 -0.752654 -0.395192 0.770238 0.413368 12
0 0.136126 -0.860655 0.502967 0.882026 0.458812 12
0 -0.144549 -0.752654 -0.675867 0.770238 0.413369 12
0 -0.481358 -0.644654 -0.395191 0.636092 0.367925 12
0 -0.144549 -0.752654 -0.395192 0.770238 0.413368 12
0 0.360666 -0.968655 0.502966 0.971457 0.504256 12
0 -0.481359 -0.644654 -0.675867 0.636092 0.367925 12
0 0.136126 -0.860655 0.502967 0.882026 0.458812 12
0 -0.144549 -0.752654 -0.395192 0.662946 0.417724 12
0 0.360666 -0.968654 -0.507463 0.971457 0.504256 12
0 -0.481358 -0.644654 -0.395191 0.761092 0.367925 12
0 0.360666 -0.968655 0.502966 0.643332 0.504256 12
0 -0.621620 -0.838034 -0.335370 0.084237 0.420542 15
0 -0.893921 -0.907399 -0.411566 0.092495 0.444091 15
0 0.500126 -0.907399 -0.411567 0.050218 0.444091 15
0 -0.893920 -0.907399 0.632806 0.092495 0.444091 15
0 0.500126 -0.907399 0.632806 0.050218 0.444091 15
0 -0.621620 -0.838034 0.523906 0.084237 0.420542 15
246
-0.506756 0.621870 0.486501
-0.245529 0.725464 0.642975
0.182641 0.728127 0.660661
0.446256 0.606796 0.564194
-0.245529 0.725464 0.642975
-0.506756 0.621870 0.486501
-0.419541 0.544194 -0.688443
-0.172930 0.765823 -0.619363
-0.629026 -0.107053 0.769978
-0.010238 -0.072066 0.997347
-0.076901 0.022588 0.996783
0.469248 -0.129013 0.873592
0.710112 -0.050204 0.621521
0.769859 0.346712 0.535824
-0.653777 0.545519 0.024086
-0.436603 0.174295 0.830233
-0.245529 0.725464 0.642975
-0.010238 -0.072066 0.997347
-0.172930 0.765823 -0.619363
-0.112578 0.294636 -0.948955
-0.010126 0.423719 -0.905737
-0.423379 -0.066130 0.903536
-0.076901 0.022588 0.996783
0.548630 -0.232427 -0.803108
0.596596 -0.162479 -0.785922
-0.054324 -0.163407 -0.102292
0.938556 -0.220998 0.265090
0.651457 -0.068575 0.755580
0.699265 -0.023807 -0.627774
0.215985 -0.010042 -0.756419
0.469248 -0.129013 0.873592
0.149598 -0.137080 0.790540
0.710112 -0.050204 0.621521
-0.149597 -0.137080 0.790540
-0.811051 0.255575 -0.526192
-0.512222 -0.133983 -0.848338
0.054324 -0.163407 -0.102292
-0.215985 -0.010042 -0.756419
-0.924093 -0.308625 0.225395
-0.899244 0.059771 -0.433345
-0.349252 0.300692 -0.839290
0.447709 0.570387 -0.642289
0.222872 0.822080 -0.523939
-0.112578 0.294636 -0.948955
0.447709 0.570387 -0.642289
-0.112578 0.294636 -0.948955
-0.000130 0.450329 -0.892863
0.182641 0.728127 0.660661
0.182641 0.728127 0.660661
0.222872 0.822080 -0.523939
0.447709 0.570387 -0.642289
0.446256 0.606796 0.564194
0.182641 0.728127 0.660661
-0.629026 -0.107053 0.769978
-0.172930 0.765823 -0.619363
-0.000130 0.450329 -0.892863
-0.172930 0.765823 -0.619363
-0.419541 0.544194 -0.688443
0.677649 -0.416548 -0.606036
0.581471 -0.537226 -0.610967
0.677622 -0.377412 -0.631180
-0.112578 0.294636 -0.948955
0.222872 0.822080 -0.523939
0.682556 0.465917 -0.563062
-0.899244 0.059771 -0.433345
0.603051 0.796819 -0.037551
0.699265 -0.023807 -0.627774
0.677649 -0.416548 -0.606036
0.581471 -0.537226 -0.610967
0.415559 -0.546615 -0.726995
0.979553 0.194445 -0.010013
0.054324 -0.163407 -0.102292
-0.653777 0.545519 0.024086
-0.349252 0.300692 -0.839290
-0.149597 -0.137080 0.790540
-0.436603 0.174295 0.830233
-0.215985 -0.010042 -0.756419
-0.054324 -0.163407 -0.102292
0.979553 0.194445 -0.010013
0.699265 -0.023807 -0.627774
0.710112 -0.050204 0.621521
0.149598 -0.137080 0.790540
0.215985 -0.010042 -0.756419
-0.162201 0.152745 0.974864
0.053508 -0.026286 0.998221
0.007294 -0.455233 0.830413
0.228249 0.175274 0.957696
0.710924 0.298710 0.636678
-0.693392 0.283653 0.662380
0.000000 0.986827 -0.161779
0.000000 0.934432 0.356142
0.494869 0.865398 -0.078687
0.619202 0.627396 -0.472189
-0.000001 0.747565 -0.664189
-0.369651 0.593655 0.714795
-0.655907 0.709119 0.258722
0.007294 -0.455233 0.830413
0.688506 -0.152406 0.709036
0.838815 0.255860 0.480546
-0.619202 0.627397 -0.472188
-0.494869 0.865397 -0.078687
-0.908042 0.377185 -0.182185
0.000000 0.764126 0.645067
-0.964380 0.199117 0.174136
-0.838885 0.255782 0.480467
0.655907 0.709118 0.258722
0.369651 0.593655 0.714795
0.964320 0.199475 0.174058
0.908042 0.377183 -0.182186
0.717860 0.337605 -0.048556
0.571433 0.504135 -0.485286
-0.772838 0.291544 -0.563670
0.028338 0.548214 -0.724609
-0.978325 0.079742 -0.172619
0.915875 0.028394 0.354988
-0.688664 -0.152251 0.708916
-0.961797 0.004313 0.247940
0.007294 -0.455233 0.830413
0.664555 -0.221810 -0.023015
0.886728 0.460716 -0.038135
0.675360 -0.058414 0.487249
0.000000 0.005859 0.958709
0.000000 0.326258 0.945281
-0.689824 -0.074014 0.484478
-0.689979 -0.280675 -0.023848
-0.932937 0.352020 -0.075573
0.543453 0.449644 -0.708857
-0.570451 0.338057 -0.748534
-0.584471 0.488826 0.647644
0.558918 0.485624 0.672145
-0.982211 0.168294 0.027823
-0.367684 0.019487 -0.854003
-0.600276 0.283566 -0.747836
-0.956212 0.291779 -0.022871
-0.000004 0.130571 0.978001
-0.592301 0.222432 0.764099
-0.626754 0.328919 0.706393
0.000000 0.291826 0.956472
0.977499 0.139415 -0.035213
0.632002 0.246297 0.724926
0.626754 0.328919 0.706394
0.956212 0.291779 -0.022871
0.040029 0.123619 -0.984304
0.586073 0.195980 -0.775159
0.600276 0.283566 -0.747836
0.000000 0.235442 -0.971888
-0.367684 0.019487 -0.854003
-0.600276 0.283566 -0.747836
-0.592301 0.222432 0.764099
-0.626754 0.328919 0.706393
0.632002 0.246297 0.724926
0.626754 0.328919 0.706394
0.586073 0.195980 -0.775159
0.600276 0.283566 -0.747836
0.632002 0.246297 0.724926
0.040029 0.123619 -0.984304
-0.367684 0.019487 -0.854003
-0.982211 0.168294 0.027823
-0.592301 0.222432 0.764099
-0.000004 0.130571 0.978001
-0.982211 0.168294 0.027823
0.977499 0.139415 -0.035213
-0.367684 0.019487 -0.854003
0.586073 0.195980 -0.775159
-0.982211 0.168294 0.027823
-0.592301 0.222432 0.764099
-0.574421 -0.050269 -0.711051
0.000000 -0.147304 -0.870705
-0.001535 0.328771 -0.944409
0.560650 -0.006616 -0.697959
-0.605076 0.008211 -0.755659
-0.707763 0.020039 -0.706165
-0.605076 0.008211 -0.755659
0.705923 0.036754 0.707334
0.790697 -0.078151 0.595300
0.790697 -0.078151 0.595300
0.654141 0.207059 -0.633930
-0.605076 0.008211 -0.755659
-0.553875 0.131122 0.794595
0.790697 -0.078151 0.595300
-0.553875 0.131122 0.794595
0.790697 -0.078151 0.595300
0.705923 0.036754 0.707334
-0.707186 0.029315 0.706419
-0.553875 0.131122 0.794595
0.790697 -0.078151 0.595300
-0.707763 0.020039 -0.706165
0.706549 0.027474 -0.707131
0.654141 0.207059 -0.633930
-0.821584 -0.141460 0.552258
0.883015 -0.103075 0.457887
-0.701510 -0.071941 -0.709019
0.462579 -0.251265 -0.850227
0.457952 -0.152006 0.875885
0.197428 -0.740181 0.642771
0.197428 -0.740181 0.642771
0.883015 -0.103075 0.457887
0.556098 0.318260 -0.767767
0.457952 -0.152006 0.875885
-0.593373 -0.297819 -0.747805
-0.821584 -0.141460 0.552258
0.197428 -0.740181 0.642771
0.355642 -0.913915 0.195650
-0.675325 -0.304779 -0.671599
0.449666 -0.607692 -0.654607
0.358021 -0.922886 -0.141786
0.415448 -0.681238 0.602758
-0.656446 -0.352512 0.666944
-0.705923 0.036754 0.707334
-0.790696 -0.078151 0.595300
-0.654141 0.207059 -0.633930
0.605075 0.008211 -0.755659
0.553875 0.131122 0.794595
-0.790696 -0.078151 0.595300
0.553875 0.131122 0.794595
-0.790696 -0.078151 0.595300
0.553875 0.131122 0.794595
0.707186 0.029315 0.706419
-0.705923 0.036754 0.707334
-0.790696 -0.078151 0.595300
-0.654141 0.207059 -0.633930
-0.706549 0.027474 -0.707130
0.707763 0.020039 -0.706165
0.605075 0.008211 -0.755659
0.605075 0.008211 -0.755659
0.707763 0.020039 -0.706165
-0.790696 -0.078151 0.595300
-0.462579 -0.251265 -0.850227
-0.197428 -0.740180 0.642771
-0.457952 -0.152006 0.875885
0.593373 -0.297819 -0.747805
-0.883015 -0.103075 0.457887
-0.197428 -0.740180 0.642771
0.821584 -0.141460 0.552258
-0.556098 0.318260 -0.767767
-0.457952 -0.152006 0.875885
-0.197428 -0.740180 0.642771
0.701510 -0.071941 -0.709019
-0.883015 -0.103075 0.457887
0.821584 -0.141460 0.552258
-0.358021 -0.922886 -0.141786
-0.449666 -0.607692 -0.654607
0.675325 -0.304779 -0.671599
-0.415448 -0.681238 0.602759
0.656446 -0.352512 0.666944
-0.355642 -0.913915 0.195650
231
0 0 2 1 0 2 1 1
0 0 3 2 0 3 2 1
0 4 6 5 4 6 5 1
0 4 7 6 4 7 6 1
0 8 10 9 8 10 9 1
0 11 13 12 11 13 12 1
0 14 16 15 14 16 15 1
0 17 154 159 17 154 159 1
0 18 20 19 18 20 19 1
0 16 22 21 16 22 21 1
0 23 25 24 23 25 24 1
0 23 26 25 23 26 25 1
0 160 8 165 160 8 165 1
0 27 26 154 27 26 154 1
0 24 29 28 24 29 28 1
0 154 26 161 154 26 161 1
0 30 32 31 30 32 31 1
0 29 24 25 29 24 25 1
0 16 21 15 16 21 15 1
0 15 21 33 15 21 33 1
0 34 164 162 34 164 162 1
0 35 37 36 35 37 36 1
0 38 35 36 38 35 36 1
0 38 39 35 38 39 35 1
0 37 35 40 37 35 40 1
0 26 163 161 26 163 161 1
0 26 23 163 26 23 163 1
0 33 38 36 33 38 36 1
0 26 31 25 26 31 25 1
0 41 43 42 41 43 42 1
0 44 46 45 44 46 45 1
0 10 47 11 10 47 11 1
0 48 22 16 48 22 16 1
0 18 14 40 18 14 40 1
0 18 16 14 18 16 14 1
0 49 51 50 49 51 50 1
0 49 52 51 49 52 51 1
0 21 38 33 21 38 33 1
0 9 165 8 9 165 8 1
0 11 9 10 11 9 10 1
0 26 30 31 26 30 31 1
0 38 21 53 38 21 53 1
0 30 26 27 30 26 27 1
0 17 30 27 17 30 27 1
0 154 17 27 154 17 27 1
0 46 54 45 46 54 45 1
0 55 57 56 55 57 56 1
0 19 35 39 19 35 39 1
0 28 58 24 28 58 24 1
0 35 20 40 35 20 40 1
0 20 35 19 20 35 19 1
0 20 18 40 20 18 40 1
0 58 23 24 58 23 24 1
0 58 59 23 58 59 23 1
0 60 62 61 60 62 61 1
0 60 63 62 60 63 62 1
0 34 61 64 34 61 64 1
0 59 163 23 59 163 23 1
0 59 155 163 59 155 163 1
0 59 156 155 59 156 155 1
0 157 39 38 157 39 38 1
0 53 157 38 53 157 38 1
0 22 53 21 22 53 21 1
0 158 17 159 158 17 159 1
0 63 65 62 63 65 62 1
0 66 60 67 66 60 67 1
0 60 68 67 60 68 67 1
0 60 69 68 60 69 68 1
0 69 162 68 69 162 68 1
0 61 69 60 61 69 60 1
0 61 34 69 61 34 69 1
0 34 162 69 34 162 69 1
0 164 34 64 164 34 64 1
0 63 60 66 63 60 66 1
0 65 47 62 65 47 62 1
0 13 70 12 13 70 12 1
0 13 65 70 13 65 70 1
0 65 66 70 65 66 70 1
0 65 63 66 65 63 66 1
0 65 13 47 65 13 47 1
0 13 11 47 13 11 47 1
0 83 85 84 83 85 84 1
0 85 87 86 85 87 86 1
0 85 86 84 85 86 84 1
0 88 85 83 88 85 83 1
0 89 91 90 89 91 90 1
0 91 93 92 91 93 92 1
0 91 89 93 91 89 93 1
0 94 95 90 94 95 90 1
0 96 98 97 96 98 97 1
0 89 99 93 89 99 93 1
0 89 100 99 89 100 99 1
0 100 101 99 100 101 99 1
0 102 94 90 102 94 90 1
0 95 104 103 95 104 103 1
0 95 94 104 95 94 104 1
0 105 106 90 105 106 90 1
0 106 102 90 106 102 90 1
0 91 105 90 91 105 90 1
0 106 107 98 106 107 98 1
0 106 105 107 106 105 107 1
0 100 89 90 100 89 90 1
0 108 91 92 108 91 92 1
0 95 100 90 95 100 90 1
0 109 107 108 109 107 108 1
0 105 108 107 105 108 107 1
0 91 108 105 91 108 105 1
0 101 95 103 101 95 103 1
0 110 108 92 110 108 92 1
0 95 101 100 95 101 100 1
0 101 111 99 101 111 99 1
0 111 93 99 111 93 99 1
0 111 112 93 111 112 93 1
0 112 92 93 112 92 93 1
0 112 110 92 112 110 92 1
0 103 113 101 103 113 101 1
0 114 98 107 114 98 107 1
0 114 97 98 114 97 98 1
0 115 103 104 115 103 104 1
0 115 116 103 115 116 103 1
0 116 113 103 116 113 103 1
0 109 114 107 109 114 107 1
0 108 110 109 108 110 109 1
0 111 101 113 111 101 113 1
0 104 117 115 104 117 115 1
0 98 102 106 98 102 106 1
0 102 104 94 102 104 94 1
0 166 168 167 166 168 167 1
0 168 169 167 168 169 167 1
0 169 119 118 169 119 118 1
0 119 120 118 119 120 118 1
0 120 122 121 120 122 121 1
0 123 125 124 123 125 124 1
0 125 166 124 125 166 124 1
0 122 123 121 122 123 121 1
0 169 168 126 169 168 126 1
0 168 166 127 168 166 127 1
0 166 125 127 166 125 127 1
0 125 123 128 125 123 128 1
0 123 122 128 123 122 128 1
0 122 120 129 122 120 129 1
0 120 119 129 120 119 129 1
0 119 169 126 119 169 126 1
0 130 132 131 130 132 131 1
0 130 133 132 130 133 132 1
0 134 136 135 134 136 135 1
0 134 137 136 134 137 136 1
0 138 140 139 138 140 139 1
0 138 141 140 138 141 140 1
0 142 144 143 142 144 143 1
0 142 145 144 142 145 144 1
0 146 145 142 146 145 142 1
0 146 147 145 146 147 145 1
0 148 133 130 148 133 130 1
0 148 149 133 148 149 133 1
0 150 137 134 150 137 134 1
0 150 151 137 150 151 137 1
0 152 141 138 152 141 138 1
0 152 153 141 152 153 141 1
0 182 184 183 182 184 183 1
0 182 185 184 182 185 184 1
0 186 188 187 186 188 187 1
0 186 170 188 186 170 188 1
0 171 184 172 171 184 172 1
0 173 188 174 173 188 174 1
0 184 171 183 184 171 183 1
0 188 173 187 188 173 187 1
0 175 197 190 175 197 190 1
0 175 176 197 175 176 197 1
0 177 199 197 177 199 197 1
0 189 177 178 189 177 178 1
0 189 191 177 189 191 177 1
0 191 192 177 191 192 177 1
0 193 194 192 193 194 192 1
0 195 179 196 195 179 196 1
0 192 194 199 192 194 199 1
0 177 192 199 177 192 199 1
0 198 200 180 198 200 180 1
0 177 197 176 177 197 176 1
0 201 198 181 201 198 181 1
0 198 180 181 198 180 181 1
0 203 205 204 203 205 204 1
0 71 204 206 71 204 206 1
0 72 207 203 72 207 203 1
0 205 206 204 205 206 204 1
0 205 202 206 205 202 206 1
0 204 73 203 204 73 203 1
0 206 75 74 206 75 74 1
0 73 204 76 73 204 76 1
0 71 206 74 71 206 74 1
0 72 203 73 72 203 73 1
0 202 207 206 202 207 206 1
0 75 206 207 75 206 207 1
0 204 71 76 204 71 76 1
0 207 72 75 207 72 75 1
0 216 218 217 216 218 217 1
0 219 218 216 219 218 216 1
0 220 222 221 220 222 221 1
0 223 222 220 223 222 220 1
0 216 225 224 216 225 224 1
0 220 208 226 220 208 226 1
0 225 216 217 225 216 217 1
0 208 220 221 208 220 221 1
0 234 209 238 234 209 238 1
0 210 209 234 210 209 234 1
0 230 211 234 230 211 234 1
0 237 212 211 237 212 211 1
0 237 239 212 237 239 212 1
0 227 237 211 227 237 211 1
0 228 229 227 228 229 227 1
0 213 232 231 213 232 231 1
0 228 227 230 228 227 230 1
0 227 211 230 227 211 230 1
0 233 235 214 233 235 214 1
0 234 211 210 234 211 210 1
0 235 236 215 235 236 215 1
0 214 235 215 214 235 215 1
0 240 242 241 240 242 241 1
0 241 77 243 241 77 243 1
0 244 78 242 244 78 242 1
0 245 241 243 245 241 243 1
0 245 240 241 245 240 241 1
0 79 241 242 79 241 242 1
0 80 243 81 80 243 81 1
0 241 79 82 241 79 82 1
0 243 77 81 243 77 81 1
0 242 78 79 242 78 79 1
0 244 245 243 244 245 243 1
0 243 80 244 243 80 244 1
0 77 241 82 77 241 82 1
0 78 244 80 78 244 80 1
"Mesh7" 0 7
32
0 -0.533608 -0.133110 -0.422695 0.177485 0.794932 1
0 -0.230671 -0.454874 -0.661895 0.359253 0.962737 1
0 -0.445397 -0.143470 0.704159 0.230413 0.800335 1
0 0.285546 0.395274 -0.952966 0.668992 0.519370 1
0 0.331262 0.039902 -0.872562 0.696422 0.704703 1
0 -0.000001 0.084801 -1.058554 0.497658 0.681288 1
0 -0.285546 0.395274 -0.952966 0.326327 0.519370 1
0 -0.000001 0.325049 -1.016474 0.497658 0.555994 1
0 0.496873 0.770313 -0.811763 0.795792 0.323781 1
0 0.655592 0.457113 -0.665908 0.891026 0.487120 1
0 -0.655592 0.457113 -0.665908 0.104292 0.487120 1
0 -0.496873 0.770313 -0.811763 0.199527 0.323781 1
0 -0.711079 0.287998 0.035493 0.070999 0.575316 1
0 0.711077 0.287998 0.035493 0.924317 0.575316 1
0 0.533605 -0.133110 -0.422696 0.817831 0.794932 1
0 -0.000038 0.771064 -1.021290 0.497636 0.323389 1
0 -0.000001 1.005570 -0.977878 0.497658 0.201090 1
0 -0.547086 1.050469 -0.817971 0.169398 0.177675 1
0 -0.000040 0.546894 -1.169769 0.497635 0.440298 1
0 0.751655 0.768463 -0.548116 0.948665 0.324746 1
0 -0.000001 -0.490562 -0.661895 0.497658 0.981349 1
0 0.230441 -0.454873 -0.661895 0.635927 0.962737 1
0 0.445307 -0.143470 0.704159 0.764851 0.800335 1
0 -0.751659 0.768463 -0.548115 0.046651 0.324746 1
0 -0.331590 0.039902 -0.872562 0.298699 0.704703 1
0 -0.000041 0.399166 -1.174819 0.497634 0.517341 1
0 -0.552617 1.268547 -0.727117 0.166079 0.063943 1
0 -0.000001 -0.397036 -0.855696 0.497658 0.932573 1
0 0.219823 -0.361347 -0.793321 0.629557 0.913962 1
0 -0.220042 -0.361347 -0.793321 0.365630 0.913962 1
0 -0.000002 1.308615 -0.860800 0.497658 0.043047 1
0 0.547077 1.050469 -0.817971 0.825915 0.177675 1
32
-0.865714 -0.444128 -0.230844
-0.545067 -0.820388 -0.172816
-0.555198 -0.773725 0.305130
0.552194 -0.058028 -0.831693
0.655477 -0.255630 -0.710635
0.000117 -0.107739 -0.994179
-0.552191 -0.057924 -0.831703
0.000003 -0.451070 -0.892489
0.550439 0.012192 -0.834786
0.837882 -0.167551 -0.519499
-0.837942 -0.167434 -0.519440
-0.550453 0.012199 -0.834777
-0.654093 -0.407112 0.120596
0.557556 -0.349726 0.002547
0.865614 -0.444229 -0.231024
-0.000040 0.278647 -0.960394
-0.000007 0.161235 -0.986916
-0.522938 0.147879 -0.839445
-0.000074 0.297856 -0.954611
0.561097 -0.073039 -0.575623
-0.020992 -0.995652 -0.090755
0.538566 -0.822360 -0.183498
0.535423 -0.788214 0.303383
-0.888452 0.025618 -0.445035
-0.655529 -0.255498 -0.710636
-0.000034 -0.581034 -0.813879
-0.772838 0.291544 -0.563670
0.000149 -0.658230 -0.752816
0.609423 -0.525386 -0.593779
-0.609435 -0.525429 -0.593728
0.028338 0.548214 -0.724609
0.522936 0.147882 -0.839446
53
0 0 2 1 0 2 1 1
0 3 5 4 3 5 4 1
0 6 5 7 6 5 7 1
0 3 9 8 3 9 8 1
0 10 6 11 10 6 11 1
0 10 12 0 10 12 0 1
0 13 9 14 13 9 14 1
0 8 16 15 8 16 15 1
0 11 16 17 11 16 17 1
0 11 6 15 11 6 15 1
0 3 15 18 3 15 18 1
0 9 13 19 9 13 19 1
0 20 22 21 20 22 21 1
0 10 11 23 10 11 23 1
0 12 10 23 12 10 23 1
0 15 3 8 15 3 8 1
0 6 10 24 6 10 24 1
0 9 4 14 9 4 14 1
0 7 3 25 7 3 25 1
0 7 25 6 7 25 6 1
0 17 26 23 17 26 23 1
0 16 11 15 16 11 15 1
0 5 3 7 5 3 7 1
0 5 6 24 5 6 24 1
0 27 4 5 27 4 5 1
0 27 28 4 27 28 4 1
0 5 29 27 5 29 27 1
0 5 24 29 5 24 29 1
0 0 29 24 0 29 24 1
0 28 14 4 28 14 4 1
0 22 14 21 22 14 21 1
0 2 20 1 2 20 1 1
0 20 28 27 20 28 27 1
0 20 21 28 20 21 28 1
0 27 1 20 27 1 20 1
0 27 29 1 27 29 1 1
0 14 28 21 14 28 21 1
0 29 0 1 29 0 1 1
0 16 31 30 16 31 30 1
0 30 17 16 30 17 16 1
0 16 8 31 16 8 31 1
0 15 6 18 15 6 18 1
0 31 8 19 31 8 19 1
0 26 17 30 26 17 30 1
0 11 17 23 11 17 23 1
0 18 6 25 18 6 25 1
0 3 18 25 3 18 25 1
0 9 3 4 9 3 4 1
0 8 9 19 8 9 19 1
0 24 10 0 24 10 0 1
0 20 2 22 20 2 22 1
0 14 22 13 14 22 13 1
0 2 0 12 2 0 12 1
"Mesh8" 0 8
13
0 -0.490140 3.612278 -0.327614 0.077561 0.801677 0
0 0.515108 3.604433 -0.334799 0.240516 0.802781 0
0 0.003121 2.670080 -1.040354 0.157521 0.934398 0
0 -0.490140 3.612278 -0.327614 0.451914 0.913507 0
0 -0.537477 3.797304 0.700000 0.446316 0.884933 0
0 0.519545 3.805098 0.700000 0.571316 0.883730 0
0 0.515108 3.604433 -0.334799 0.570791 0.914719 0
0 -0.372416 1.555590 0.152706 0.465847 0.745529 9
0 0.223450 1.555590 -0.284947 0.536294 0.745529 9
0 -0.223449 1.555590 -0.284947 0.483459 0.745529 9
0 0.223450 1.555590 0.553888 0.536294 0.745529 9
0 -0.223449 1.555590 0.553888 0.483459 0.745529 9
0 0.372416 1.555590 0.152706 0.553906 0.745529 9
13
-0.419541 0.544194 -0.688443
0.447709 0.570387 -0.642289
-0.000130 0.450329 -0.892863
-0.419541 0.544194 -0.688443
-0.506756 0.621870 0.486501
0.446256 0.606796 0.564194
0.447709 0.570387 -0.642289
-0.966749 0.255030 -0.018872
0.358647 0.198031 -0.912226
-0.559174 0.224239 -0.798149
0.539792 0.241852 0.806308
-0.349252 0.193034 0.916930
0.966210 0.257720 -0.004233
11
0 0 2 1 0 2 1 1
0 7 4 3 7 4 3 1
0 5 11 10 5 11 10 1
0 5 4 11 5 4 11 1
0 12 6 5 12 6 5 1
0 4 7 11 4 7 11 1
0 6 12 8 6 12 8 1
0 3 8 9 3 8 9 1
0 3 6 8 3 6 8 1
0 12 5 10 12 5 10 1
0 7 3 9 7 3 9 1

Materials: 9
"Material0"
0.000000 0.000000 0.300000 1.000000
0.000000 0.000000 0.300000 1.000000
0.000000 0.000000 0.000000 1.000000
0.000000 0.000000 0.000000 1.000000
0.000000
1.000000
""
""
"Material1"
0.700000 0.300000 0.200000 1.000000
0.000000 0.100000 0.000000 1.000000
0.000000 0.000000 0.000000 1.000000
0.000000 0.000000 0.000000 1.000000
0.000000
1.000000
""
""
"Material2"
1.000000 1.000000 1.000000 1.000000
1.000000 1.000000 1.000000 1.000000
0.000000 0.000000 0.000000 1.000000
0.000000 0.000000 0.000000 1.000000
0.000000
1.000000
"piratem4.bmp"
""
"Material3"
1.000000 1.000000 1.000000 1.000000
1.000000 1.000000 1.000000 1.000000
0.000000 0.000000 0.000000 1.000000
0.000000 0.000000 0.000000 1.000000
0.000000
1.000000
"piratem2.bmp"
""
"Material4"
1.000000 1.000000 1.000000 1.000000
1.000000 1.000000 1.000000 1.000000
0.000000 0.000000 0.000000 1.000000
0.000000 0.000000 0.000000 1.000000
0.000000
1.000000
"piratem5.bmp"
""
"Material5"
1.000000 1.000000 1.000000 1.000000
1.000000 1.000000 1.000000 1.000000
0.000000 0.000000 0.000000 1.000000
0.000000 0.000000 0.000000 1.000000
0.000000
1.000000
"piratem3.bmp"
""
"Material6"
1.000000 1.000000 1.000000 1.000000
1.000000 1.000000 1.000000 1.000000
0.000000 0.000000 0.000000 1.000000
0.000000 0.000000 0.000000 1.000000
0.000000
1.000000
"piratem1.bmp"
""
"Material7"
1.000000 1.000000 1.000000 1.000000
1.000000 1.000000 1.000000 1.000000
0.000000 0.000000 0.000000 1.000000
0.000000 0.000000 0.000000 1.000000
0.000000
1.000000
"face.ini"
""
"Material8"
1.000000 1.000000 1.000000 1.000000
1.000000 1.000000 1.000000 1.000000
0.000000 0.000000 0.000000 1.000000
0.000000 0.000000 0.000000 1.000000
0.000000
1.000000
"t0_elliot.bmp"
""

Bones: 16
"torso"
""
8 0 0 0 0 0 0
0
0
"head"
""
8 0 0 0 0 0 0
0
0
"pelvis"
""
8 0 0 0 0 0 0
0
0
"r lower arm"
""
8 0 0 0 0 0 0
0
0
"r foot"
""
8 0 0 0 0 0 0
0
0
"r hand"
""
8 0 0 0 0 0 0
0
0
"r leg"
""
8 0 0 0 0 0 0
0
0
"r thigh"
""
8 0 0 0 0 0 0
0
0
"r upper arm"
""
8 0 0 0 0 0 0
0
0
"neck"
""
8 0 0 0 0 0 0
0
0
"l lower arm"
""
8 0 0 0 0 0 0
0
0
"l foot"
""
8 0 0 0 0 0 0
0
0
"l hand"
""
8 0 0 0 0 0 0
0
0
"l leg"
""
8 0 0 0 0 0 0
0
0
"l thigh"
""
8 0 0 0 0 0 0
0
0
"l upper arm"
""
8 0 0 0 0 0 0
0
0
