// MilkShape 3D ASCII

Frames: 1
Frame: 1

Meshes: 13
"Mesh0" 0 0
0
0
0
"Mesh1" 0 1
36
0 -1.230315 0.096202 0.725083 0.000000 0.000000 0
0 -0.595190 -0.533365 -1.348698 0.000000 0.000000 0
0 0.000000 0.188461 -1.187623 0.000000 0.000000 0
0 -1.489151 -0.000168 -0.118492 0.000000 0.000000 0
0 1.190381 -0.244671 -0.964520 0.000000 0.000000 0
0 1.489151 -0.000169 -0.118492 0.000000 0.000000 0
0 1.226428 0.096202 0.725084 0.000000 0.000000 0
0 0.595190 -0.528105 -1.376071 0.000000 0.000000 0
0 -1.190381 -0.255191 -0.909774 0.000000 0.000000 0
0 0.000000 0.172864 0.943546 0.000000 0.000000 0
0 -0.941994 0.930794 0.625929 0.000000 0.000000 1
0 -2.260787 1.310192 0.910509 0.000000 0.000000 1
0 -2.060778 1.419417 -1.741513 0.000000 0.000000 1
0 -0.572352 0.902430 -0.818638 0.000000 0.000000 1
0 -0.000001 1.443446 2.209901 0.000000 0.000000 1
0 0.000000 1.004512 0.934009 0.000000 0.000000 1
0 0.000000 0.903213 -1.165549 0.000000 0.000000 1
0 -0.000003 0.888519 -2.527106 0.000000 0.000000 1
0 0.000000 1.332380 0.907575 0.000000 0.000000 1
0 0.969907 1.281358 0.369151 0.000000 0.000000 1
0 -0.941995 1.239591 0.599495 0.000000 0.000000 1
0 -0.608977 1.183212 -0.738847 0.000000 0.000000 1
0 -0.000002 1.149586 -1.066178 0.000000 0.000000 1
0 0.608979 1.183213 -0.738847 0.000000 0.000000 1
0 0.572352 0.902430 -0.818639 0.000000 0.000000 1
0 2.060785 1.419418 -1.741513 0.000000 0.000000 1
0 2.327777 1.358920 0.917682 0.000000 0.000000 1
0 0.969907 0.986483 0.395585 0.000000 0.000000 1
0 1.168237 0.249831 -0.105796 0.000000 0.000000 2
0 0.000000 0.222864 0.736127 0.000000 0.000000 2
0 -0.965180 0.246202 0.468824 0.000000 0.000000 2
0 0.933852 0.155329 -0.861178 0.000000 0.000000 2
0 -1.168237 0.249832 -0.105797 0.000000 0.000000 2
0 0.000000 0.088461 -1.101690 0.000000 0.000000 2
0 -0.933852 0.144809 -0.812298 0.000000 0.000000 2
0 0.962131 0.246202 0.468825 0.000000 0.000000 2
36
0.052826 -0.997401 0.049005
0.338359 -0.519621 -0.784543
-0.016635 -0.277303 -0.960639
-0.839437 -0.449069 0.306075
0.465452 -0.884830 0.020754
0.813408 -0.451448 0.366828
-0.056681 -0.997161 0.049568
-0.352272 -0.507211 -0.786538
-0.460800 -0.886794 0.035493
-0.003833 0.020542 0.999782
-0.894156 -0.399284 0.202628
-0.795076 0.276859 0.539632
-0.762948 0.147657 -0.629371
-0.761693 -0.524185 -0.380860
-0.007899 0.266813 0.963716
0.035556 -0.402176 0.914872
-0.000013 -0.605984 -0.795477
0.000000 0.050525 -0.998723
0.046061 0.860905 0.506677
0.435828 0.886022 0.158173
-0.399782 0.893804 0.203197
-0.375740 0.836954 -0.397904
-0.000001 0.789344 -0.613951
0.361043 0.830471 -0.424223
0.729059 -0.572243 -0.375513
0.750877 0.145809 -0.644146
0.836023 0.253064 0.486851
0.845976 -0.518701 0.123583
0.472549 -0.171162 -0.078007
-0.000010 -0.267352 0.289820
-0.236133 -0.258914 0.138497
0.104339 -0.330195 -0.047497
-0.471092 -0.166389 -0.080347
0.003317 -0.526949 -0.358995
-0.098961 -0.308719 -0.047902
0.235470 -0.258021 0.138456
42
0 32 0 30 32 0 30 1
0 1 33 2 1 33 2 1
0 34 3 32 34 3 32 1
0 31 5 4 31 5 4 1
0 6 28 35 6 28 35 1
0 29 6 35 29 6 35 1
0 0 29 30 0 29 30 1
0 33 7 2 33 7 2 1
0 7 31 4 7 31 4 1
0 34 1 8 34 1 8 1
0 1 34 33 1 34 33 1
0 31 7 33 31 7 33 1
0 6 29 9 6 29 9 1
0 29 0 9 29 0 9 1
0 28 6 5 28 6 5 1
0 0 32 3 0 32 3 1
0 3 34 8 3 34 8 1
0 5 31 28 5 31 28 1
0 24 26 25 24 26 25 1
0 24 27 26 24 27 26 1
0 10 12 11 10 12 11 1
0 10 13 12 10 13 12 1
0 14 27 15 14 27 15 1
0 14 26 27 14 26 27 1
0 16 12 13 16 12 13 1
0 16 17 12 16 17 12 1
0 24 17 16 24 17 16 1
0 24 25 17 24 25 17 1
0 11 15 10 11 15 10 1
0 11 14 15 11 14 15 1
0 18 26 14 18 26 14 1
0 18 19 26 18 19 26 1
0 20 14 11 20 14 11 1
0 20 18 14 20 18 14 1
0 21 11 12 21 11 12 1
0 21 20 11 21 20 11 1
0 22 12 17 22 12 17 1
0 22 21 12 22 21 12 1
0 23 17 25 23 17 25 1
0 23 22 17 23 22 17 1
0 19 25 26 19 25 26 1
0 19 23 25 19 23 25 1
"Mesh2" 0 2
35
0 0.980736 -0.483333 -0.766151 0.000000 0.000000 2
0 0.286447 -1.460621 -0.914421 0.000000 0.000000 2
0 0.000001 -0.557104 -1.038803 0.000000 0.000000 2
0 0.000001 -1.583330 0.087990 0.000000 0.000000 2
0 0.132623 -1.583330 0.087990 0.000000 0.000000 2
0 0.000001 -1.309999 0.809847 0.000000 0.000000 2
0 0.000001 -1.483289 -0.978578 0.000000 0.000000 2
0 -1.012560 -0.483333 0.883813 0.000000 0.000000 2
0 -0.321030 -1.483333 0.883813 0.000000 0.000000 2
0 -0.132623 -1.583330 0.087990 0.000000 0.000000 2
0 -0.286446 -1.460621 -0.914421 0.000000 0.000000 2
0 -0.980736 -0.483333 -0.766151 0.000000 0.000000 2
0 -0.286446 -1.460621 -0.914421 0.000000 0.000000 2
0 -0.132623 -1.583330 0.087990 0.000000 0.000000 2
0 -0.321030 -1.483333 0.883813 0.000000 0.000000 2
0 -0.980736 -0.483333 -0.766151 0.000000 0.000000 2
0 -1.012560 -0.483333 0.883813 0.000000 0.000000 2
0 0.321030 -1.483333 0.883813 0.000000 0.000000 2
0 1.012560 -0.483333 0.883813 0.000000 0.000000 2
0 0.321030 -1.483333 0.883813 0.000000 0.000000 2
0 0.286447 -1.460621 -0.914421 0.000000 0.000000 2
0 0.980736 -0.483333 -0.766151 0.000000 0.000000 2
0 0.132623 -1.583330 0.087990 0.000000 0.000000 2
0 1.012560 -0.483333 0.883813 0.000000 0.000000 2
0 0.000001 -0.543764 0.984069 0.000000 0.000000 2
0 -0.355631 -0.776206 -0.954682 0.000000 0.000000 7
0 -0.379397 -0.754268 0.670365 0.000000 0.000000 7
0 0.411646 -1.844046 -0.908677 0.000000 0.000000 7
0 0.593247 -1.938578 -0.056801 0.000000 0.000000 7
0 0.389252 -1.855402 0.648330 0.000000 0.000000 7
0 -0.411646 -1.844046 -0.908677 0.000000 0.000000 14
0 0.355631 -0.776206 -0.954682 0.000000 0.000000 14
0 -0.593247 -1.938578 -0.056801 0.000000 0.000000 14
0 0.379397 -0.754268 0.670365 0.000000 0.000000 14
0 -0.389252 -1.855402 0.648330 0.000000 0.000000 14
35
0.711566 0.029948 -0.699545
-0.200193 -0.368161 -0.752653
-0.003560 -0.068837 -0.997622
0.000000 -0.998378 0.056935
-0.499159 -0.521891 0.019796
-0.000002 -0.637761 0.770235
0.000001 -0.703178 -0.711013
-0.516744 0.171314 0.811273
0.408571 -0.349086 0.766999
0.499159 -0.521891 0.019796
0.200194 -0.368161 -0.752653
-0.711189 0.038178 -0.699921
0.200194 -0.368161 -0.752653
0.499159 -0.521891 0.019796
0.408571 -0.349086 0.766999
-0.711189 0.038178 -0.699921
-0.516744 0.171314 0.811273
-0.408572 -0.349086 0.766997
0.516632 0.171881 0.811136
-0.408572 -0.349086 0.766997
-0.200193 -0.368161 -0.752653
0.711566 0.029948 -0.699545
-0.499159 -0.521891 0.019796
0.516632 0.171881 0.811136
-0.000001 0.009203 0.999958
-0.591304 0.165202 -0.789346
-0.626205 0.118730 0.770565
0.545371 0.821145 -0.168198
-0.346544 0.937944 -0.013002
0.597428 0.785530 0.161316
-0.545371 0.821145 -0.168198
0.591304 0.165202 -0.789346
0.346544 0.937944 -0.013002
0.626205 0.118730 0.770565
-0.597428 0.785530 0.161316
32
0 17 24 23 17 24 23 1
0 0 2 1 0 2 1 1
0 3 4 1 3 4 1 1
0 24 17 5 24 17 5 1
0 1 2 6 1 2 6 1
0 1 6 3 1 6 3 1
0 3 5 17 3 5 17 1
0 4 3 17 4 3 17 1
0 24 8 7 24 8 7 1
0 3 9 8 3 9 8 1
0 2 11 10 2 11 10 1
0 8 24 5 8 24 5 1
0 2 10 6 2 10 6 1
0 6 10 3 6 10 3 1
0 5 3 8 5 3 8 1
0 9 3 10 9 3 10 1
0 27 13 12 27 13 12 1
0 27 28 13 27 28 13 1
0 28 14 13 28 14 13 1
0 28 29 14 28 29 14 1
0 25 12 15 25 12 15 1
0 25 27 12 25 27 12 1
0 29 16 14 29 16 14 1
0 29 26 16 29 26 16 1
0 33 19 18 33 19 18 1
0 33 34 19 33 34 19 1
0 30 21 20 30 21 20 1
0 30 31 21 30 31 21 1
0 32 20 22 32 20 22 1
0 32 30 20 32 30 20 1
0 34 22 19 34 22 19 1
0 34 32 22 34 32 22 1
"Mesh3" 0 3
0
0
0
"Mesh4" 0 4
12
0 0.295004 -2.081735 0.800689 0.000000 0.000000 3
0 0.288312 -2.081735 -0.658565 0.000000 0.000000 3
0 0.772948 -2.081735 0.003091 0.000000 0.000000 3
0 -0.212860 -2.081735 0.805786 0.000000 0.000000 3
0 -0.605660 -2.081735 0.016921 0.000000 0.000000 3
0 -0.222536 -2.081735 -0.653429 0.000000 0.000000 3
0 0.605800 -2.081735 0.010863 0.000000 0.000000 10
0 0.220908 -2.081735 0.803617 0.000000 0.000000 10
0 -0.772878 -2.081734 0.010820 0.000000 0.000000 10
0 -0.294883 -2.081734 -0.655649 0.000000 0.000000 10
0 -0.286982 -2.081735 0.803599 0.000000 0.000000 10
0 0.215992 -2.081734 -0.655622 0.000000 0.000000 10
12
0.318240 -0.766409 0.557979
0.290785 -0.758657 -0.582995
0.913417 -0.406087 -0.027624
-0.337781 -0.762725 0.551502
-0.940834 -0.338494 -0.015916
-0.332630 -0.754073 -0.566332
0.940628 -0.338494 -0.025323
0.343279 -0.762725 0.548097
-0.913648 -0.406087 -0.018489
-0.296601 -0.758657 -0.580058
-0.312645 -0.766409 0.561133
0.326950 -0.754073 -0.569629
8
0 0 2 1 0 2 1 1
0 3 5 4 3 5 4 1
0 5 0 1 5 0 1 1
0 5 3 0 5 3 0 1
0 8 10 9 8 10 9 1
0 11 7 6 11 7 6 1
0 7 9 10 7 9 10 1
0 7 11 9 7 11 9 1
"Mesh5" 0 5
60
0 -0.108659 0.003346 0.367594 0.000000 0.000000 5
0 -0.285248 0.003346 0.061501 0.000000 0.000000 5
0 0.219168 -1.562654 -0.453963 0.000000 0.000000 5
0 0.000039 -1.670654 -0.404961 0.000000 0.000000 5
0 -0.023083 -0.860654 0.520551 0.000000 0.000000 5
0 -0.030473 0.221063 0.006818 0.000000 0.000000 5
0 0.322262 -1.292654 -0.764624 0.000000 0.000000 5
0 0.383513 -1.292654 -0.490713 0.000000 0.000000 5
0 0.219168 -1.292654 -0.453963 0.000000 0.000000 5
0 0.157916 -1.292654 -0.727872 0.000000 0.000000 5
0 -0.462717 -0.968654 -0.416523 0.000000 0.000000 5
0 -0.243589 -0.860654 -0.465524 0.000000 0.000000 5
0 0.054822 -0.752654 -0.417212 0.000000 0.000000 5
0 -0.286120 -1.400654 -0.398492 0.000000 0.000000 5
0 -0.066993 -1.292654 -0.447493 0.000000 0.000000 5
0 0.406897 0.002650 0.252306 0.000000 0.000000 5
0 0.383513 -0.644654 -0.490713 0.000000 0.000000 5
0 0.322262 -0.644654 -0.764624 0.000000 0.000000 5
0 0.241560 0.002649 -0.487063 0.000000 0.000000 5
0 -0.273996 0.003345 -0.371775 0.000000 0.000000 5
0 -0.006430 -0.752654 -0.691122 0.000000 0.000000 5
0 -0.090116 -1.400655 0.478020 0.000000 0.000000 5
0 0.171544 -1.670654 0.361986 0.000000 0.000000 5
0 0.390672 -1.562654 0.312985 0.000000 0.000000 5
0 0.129012 -1.292654 0.429018 0.000000 0.000000 5
0 -0.242211 -0.968654 0.569551 0.000000 0.000000 5
0 0.506593 1.056101 -0.026228 0.000000 0.000000 9
0 0.468135 1.553474 -0.032074 0.000000 0.000000 9
0 0.000000 0.914871 -0.509263 0.000000 0.000000 9
0 0.000000 1.058613 0.589714 0.000000 0.000000 9
0 0.000000 1.579060 0.513180 0.000000 0.000000 9
0 -0.505084 1.064034 -0.026321 0.000000 0.000000 9
0 -0.468135 1.553474 -0.032074 0.000000 0.000000 9
0 0.000000 1.511180 -0.461170 0.000000 0.000000 9
0 0.030539 0.221063 0.006513 0.000000 0.000000 12
0 -0.165187 -1.292654 -0.726256 0.000000 0.000000 12
0 -0.223696 -1.292654 -0.451748 0.000000 0.000000 12
0 -0.388401 -1.292654 -0.486853 0.000000 0.000000 12
0 -0.329892 -1.292654 -0.761363 0.000000 0.000000 12
0 0.238921 -0.860654 -0.467937 0.000000 0.000000 12
0 0.458528 -0.968654 -0.421129 0.000000 0.000000 12
0 -0.058991 -0.752654 -0.416642 0.000000 0.000000 12
0 0.282121 -1.400654 -0.401333 0.000000 0.000000 12
0 0.062514 -1.292654 -0.448140 0.000000 0.000000 12
0 -0.329892 -0.644655 -0.761363 0.000000 0.000000 12
0 -0.388401 -0.644654 -0.486853 0.000000 0.000000 12
0 -0.404354 0.002650 0.256362 0.000000 0.000000 12
0 -0.246419 0.002649 -0.484623 0.000000 0.000000 12
0 -0.000481 -0.752654 -0.691151 0.000000 0.000000 12
0 0.270265 0.003345 -0.374497 0.000000 0.000000 12
0 -0.124716 -1.292654 0.430287 0.000000 0.000000 12
0 -0.387523 -1.562654 0.316876 0.000000 0.000000 12
0 -0.167916 -1.670654 0.363683 0.000000 0.000000 12
0 0.094891 -1.400655 0.477095 0.000000 0.000000 12
0 0.285848 0.003346 0.058645 0.000000 0.000000 12
0 0.112329 0.003346 0.366489 0.000000 0.000000 12
0 0.247894 -0.968654 0.567101 0.000000 0.000000 12
0 -0.004089 -1.670654 -0.404941 0.000000 0.000000 12
0 -0.223696 -1.562654 -0.451748 0.000000 0.000000 12
0 0.028287 -0.860654 0.520294 0.000000 0.000000 12
60
-0.235628 0.538287 0.809151
-0.875217 0.432849 0.215959
0.599675 -0.200799 -0.774641
-0.199792 -0.867782 -0.455013
0.711147 -0.190888 0.676632
-0.170002 0.983040 0.068789
0.437438 -0.577352 -0.689429
0.689428 -0.577351 0.437442
-0.376242 -0.684391 0.624541
-0.606423 -0.684391 -0.404796
-0.904753 -0.031470 -0.424772
-0.008553 -0.161314 -0.986866
0.293130 -0.772453 0.563375
-0.573093 -0.398445 -0.716105
0.458252 0.302761 -0.835668
0.897597 0.261677 0.354746
0.895339 -0.176725 0.408823
0.515252 0.253511 -0.818686
0.370652 0.753009 -0.543686
-0.555933 0.458152 -0.693567
-0.564289 -0.281985 -0.775927
-0.367911 -0.471146 0.801663
0.013045 -0.867783 0.496772
0.872507 -0.200800 0.445433
0.770547 0.302761 0.560886
-0.634809 0.000389 0.772669
0.972393 0.220358 -0.076770
0.928363 0.080817 -0.362783
-0.000092 0.237877 -0.971295
-0.000066 0.286307 0.958138
-0.000212 0.124680 0.992197
-0.972753 0.218780 -0.076730
-0.928559 0.080022 -0.362456
0.000000 0.080390 -0.996764
0.170681 0.983040 0.067085
0.602344 -0.684391 -0.410840
0.382468 -0.684391 0.620747
-0.685019 -0.577351 0.444314
-0.444310 -0.577352 -0.685021
-0.001316 -0.161314 -0.986902
0.900460 -0.031470 -0.433799
-0.287482 -0.772453 0.566278
0.565903 -0.398445 -0.721800
-0.466585 0.302761 -0.831044
-0.523413 0.253511 -0.813493
-0.891206 -0.176724 0.417756
-0.894005 0.261677 0.363704
-0.376070 0.753009 -0.539953
0.556502 -0.281985 -0.781530
0.548970 0.458152 -0.699092
-0.764900 0.302761 0.568563
-0.868009 -0.200800 0.454135
-0.008077 -0.867783 0.496878
0.375909 -0.471146 0.797943
0.877332 0.432848 0.207196
0.243708 0.538288 0.806755
0.642504 0.000389 0.766282
0.195233 -0.867782 -0.456988
-0.607391 -0.200799 -0.768606
-0.704346 -0.190888 0.683710
104
0 15 17 16 15 17 16 1
0 15 18 17 15 18 17 1
0 19 20 17 19 20 17 1
0 21 23 22 21 23 22 1
0 21 24 23 21 24 23 1
0 25 1 0 25 1 0 1
0 2 22 23 2 22 23 1
0 2 3 22 2 3 22 1
0 24 25 4 24 25 4 1
0 24 21 25 24 21 25 1
0 5 1 19 5 1 19 1
0 6 8 7 6 8 7 1
0 6 9 8 6 9 8 1
0 10 11 19 10 11 19 1
0 5 18 15 5 18 15 1
0 5 15 0 5 15 0 1
0 5 19 18 5 19 18 1
0 12 15 16 12 15 16 1
0 16 8 12 16 8 12 1
0 16 7 8 16 7 8 1
0 21 10 25 21 10 25 1
0 21 13 10 21 13 10 1
0 12 9 20 12 9 20 1
0 12 8 9 12 8 9 1
0 14 3 2 14 3 2 1
0 14 13 3 14 13 3 1
0 20 6 17 20 6 17 1
0 20 9 6 20 9 6 1
0 13 14 11 13 14 11 1
0 1 5 0 1 5 0 1
0 19 11 20 19 11 20 1
0 13 22 3 13 22 3 1
0 13 21 22 13 21 22 1
0 13 11 10 13 11 10 1
0 7 17 6 7 17 6 1
0 7 16 17 7 16 17 1
0 4 25 0 4 25 0 1
0 1 25 10 1 25 10 1
0 19 17 18 19 17 18 1
0 12 4 15 12 4 15 1
0 24 2 23 24 2 23 1
0 24 14 2 24 14 2 1
0 4 0 15 4 0 15 1
0 4 20 11 4 20 11 1
0 4 12 20 4 12 20 1
0 1 10 19 1 10 19 1
0 4 14 24 4 14 24 1
0 4 11 14 4 11 14 1
0 32 28 33 32 28 33 1
0 29 32 30 29 32 30 1
0 29 31 32 29 31 32 1
0 26 30 27 26 30 27 1
0 26 29 30 26 29 30 1
0 28 27 33 28 27 33 1
0 31 28 32 31 28 32 1
0 28 26 27 28 26 27 1
0 44 46 45 44 46 45 1
0 47 46 44 47 46 44 1
0 48 49 44 48 49 44 1
0 50 52 51 50 52 51 1
0 50 53 52 50 53 52 1
0 54 56 55 54 56 55 1
0 57 51 52 57 51 52 1
0 57 58 51 57 58 51 1
0 53 59 56 53 59 56 1
0 53 50 59 53 50 59 1
0 54 34 49 54 34 49 1
0 35 37 36 35 37 36 1
0 35 38 37 35 38 37 1
0 39 40 49 39 40 49 1
0 47 34 46 47 34 46 1
0 46 34 55 46 34 55 1
0 49 34 47 49 34 47 1
0 46 41 45 46 41 45 1
0 37 41 36 37 41 36 1
0 37 45 41 37 45 41 1
0 42 56 40 42 56 40 1
0 42 53 56 42 53 56 1
0 36 48 35 36 48 35 1
0 36 41 48 36 41 48 1
0 42 58 57 42 58 57 1
0 42 43 58 42 43 58 1
0 35 44 38 35 44 38 1
0 35 48 44 35 48 44 1
0 43 42 39 43 42 39 1
0 34 54 55 34 54 55 1
0 39 49 48 39 49 48 1
0 53 57 52 53 57 52 1
0 53 42 57 53 42 57 1
0 39 42 40 39 42 40 1
0 45 38 44 45 38 44 1
0 45 37 38 45 37 38 1
0 56 59 55 56 59 55 1
0 56 54 40 56 54 40 1
0 44 49 47 44 49 47 1
0 59 41 46 59 41 46 1
0 43 51 58 43 51 58 1
0 43 50 51 43 50 51 1
0 55 59 46 55 59 46 1
0 41 39 48 41 39 48 1
0 41 59 39 41 59 39 1
0 40 54 49 40 54 49 1
0 39 50 43 39 50 43 1
0 39 59 50 39 59 50 1
"Mesh6" 0 6
14
0 -0.110041 -0.850736 -2.908656 0.000000 0.000000 4
0 -0.623727 -0.850736 -2.458656 0.000000 0.000000 4
0 -0.099502 -0.369525 -2.618063 0.000000 0.000000 4
0 -0.133237 -0.307412 -1.539214 0.000000 0.000000 4
0 0.925293 -0.835691 -1.111906 0.000000 0.000000 4
0 0.453216 -0.850736 -2.458656 0.000000 0.000000 4
0 -1.136291 -0.835691 -1.111907 0.000000 0.000000 4
0 0.099503 -0.369525 -2.618063 0.000000 0.000000 11
0 0.623727 -0.850736 -2.458656 0.000000 0.000000 11
0 0.110041 -0.850736 -2.908656 0.000000 0.000000 11
0 -0.925293 -0.835691 -1.111906 0.000000 0.000000 11
0 0.133237 -0.307412 -1.539214 0.000000 0.000000 11
0 -0.453215 -0.850736 -2.458656 0.000000 0.000000 11
0 1.136291 -0.835691 -1.111907 0.000000 0.000000 11
14
-0.021743 0.228496 -0.973302
-0.835293 0.185029 -0.517734
-0.017156 0.891664 -0.452373
-0.013841 0.637166 -0.770603
0.930467 0.216709 -0.295411
0.833840 0.155335 -0.529700
-0.918771 0.220136 -0.327719
0.017156 0.891664 -0.452373
0.835294 0.185029 -0.517734
0.021743 0.228496 -0.973302
-0.930467 0.216709 -0.295411
0.013841 0.637166 -0.770603
-0.833840 0.155335 -0.529700
0.918771 0.220136 -0.327719
12
0 0 2 1 0 2 1 1
0 3 2 4 3 2 4 1
0 2 5 4 2 5 4 1
0 2 6 1 2 6 1 1
0 6 2 3 6 2 3 1
0 2 0 5 2 0 5 1
0 7 9 8 7 9 8 1
0 7 11 10 7 11 10 1
0 12 7 10 12 7 10 1
0 13 7 8 13 7 8 1
0 7 13 11 7 13 11 1
0 9 7 12 9 7 12 1
"Mesh7" 0 7
53
0 -1.489151 -0.000168 -0.118492 0.510156 0.867939 0
0 -1.230315 0.096202 0.725083 0.696282 0.855006 0
0 -0.861686 1.076938 0.315391 0.695950 0.656362 0
0 0.000000 1.234430 -1.160155 0.010150 0.592627 0
0 0.000000 0.188461 -1.187623 0.010150 0.833227 0
0 -0.595190 -0.533365 -1.348698 0.166399 0.999267 0
0 -1.080346 1.244602 -0.290662 0.427313 0.584820 0
0 -1.469495 2.400695 -0.065793 0.519949 0.308975 0
0 -0.880026 1.363267 -0.867220 0.271753 0.562992 0
0 0.000000 2.061772 -1.433752 0.010150 0.402317 0
0 0.000000 2.605456 -1.294111 0.010150 0.277255 0
0 0.487164 2.607332 -1.426993 0.118153 0.280013 0
0 1.116547 2.069075 -1.094130 0.256024 0.400637 0
0 0.879662 1.361504 -0.866515 0.270704 0.563437 0
0 1.091222 2.460329 -1.319716 0.256150 0.310616 0
0 1.406974 2.624617 -0.646822 0.392582 0.257436 0
0 1.469495 2.400695 -0.065792 0.521965 0.308956 0
0 1.190381 -0.244671 -0.964520 0.323267 0.932989 0
0 0.595190 -0.528105 -1.376071 0.164042 0.998202 0
0 1.489151 -0.000169 -0.118492 0.512630 0.876733 0
0 -1.060182 2.069075 -1.094130 0.256305 0.400637 0
0 -1.041622 2.460329 -1.319716 0.256397 0.310638 0
0 -1.406974 2.624617 -0.646823 0.390879 0.257467 0
0 1.469495 2.400695 -0.065792 0.506690 0.318335 0
0 1.389315 2.688468 0.519645 0.689572 0.227227 0
0 0.863211 1.107172 0.312656 0.696206 0.656470 0
0 -1.197598 3.521060 -0.503432 0.387421 0.066642 0
0 1.197598 3.521060 -0.503432 0.388076 0.066560 0
0 -0.675235 3.740818 -0.050073 0.222865 0.016093 0
0 -1.203563 3.548252 0.451452 0.389300 0.060387 0
0 0.000000 3.573495 0.874257 0.010150 0.054582 0
0 0.000000 2.615288 1.147703 0.991465 0.259462 0
0 0.000000 1.943278 0.991891 0.991465 0.444993 0
0 -1.389315 2.688468 0.519644 0.689771 0.227227 0
0 0.000000 3.573495 0.874257 0.010150 0.054582 0
0 1.203563 3.548252 0.451452 0.389985 0.060304 0
0 0.675235 3.740818 -0.050072 0.220908 0.015998 0
0 -1.190381 -0.255191 -0.909774 0.322647 0.935279 0
0 -1.489151 -0.000168 -0.118492 0.510517 0.876617 0
0 1.066493 1.281446 -0.289096 0.425540 0.587323 0
0 0.000000 0.172864 0.943546 0.991465 0.837351 0
0 0.000000 0.831491 0.600485 0.991465 0.701044 0
0 1.226428 0.096202 0.725084 0.698243 0.855006 0
0 1.489151 -0.000169 -0.118492 0.509896 0.867939 0
0 -1.469495 2.400695 -0.065793 0.506912 0.318335 0
0 -0.505136 2.607493 -1.421203 0.117217 0.280006 0
0 -0.538909 3.411176 -0.721945 0.194178 0.086472 0
0 0.447305 3.395894 -0.752334 0.197673 0.090074 0
0 0.000000 3.573495 0.874257 0.991465 0.069541 0
0 1.203563 3.548252 0.451452 0.581040 0.075355 0
0 -1.203563 3.548252 0.451452 0.580265 0.075355 0
0 1.066493 1.281446 -0.289096 0.504471 0.573407 0
0 -1.080346 1.244602 -0.290662 0.504401 0.572062 0
53
-0.839437 -0.449069 0.306075
0.052826 -0.997401 0.049005
-0.754030 0.065630 0.653553
-0.007704 -0.121603 -0.992549
-0.016635 -0.277303 -0.960639
0.338359 -0.519621 -0.784543
-0.999986 0.005228 0.000737
-0.293633 -0.226795 -0.040295
-0.775432 -0.023011 -0.631011
-0.006942 -0.173964 -0.984728
-0.004008 0.454124 -0.890930
0.021415 0.425127 -0.904880
0.675870 -0.372903 -0.635722
0.782778 -0.030769 -0.621539
0.576357 0.020920 -0.816930
0.144132 -0.087110 -0.765864
0.291064 -0.237869 -0.014040
0.465452 -0.884830 0.020754
-0.352272 -0.507211 -0.786538
0.813408 -0.451448 0.366828
-0.661393 -0.372665 -0.650908
-0.564978 0.007291 -0.825074
-0.137126 -0.099009 -0.779663
0.291064 -0.237869 -0.014040
-0.000375 -0.082878 0.898661
0.730577 0.055888 0.680539
-0.557822 0.337085 -0.609491
0.558962 0.340054 -0.604785
-0.400942 0.771467 -0.231524
-0.488509 0.441305 0.634206
0.000031 0.608237 0.774167
0.000000 0.078178 0.996939
0.001999 -0.321393 0.946944
-0.001724 -0.078810 0.898154
0.000031 0.608237 0.774167
0.488509 0.441305 0.634206
0.408138 0.769647 -0.235849
-0.460800 -0.886794 0.035493
-0.839437 -0.449069 0.306075
0.997821 -0.010538 0.065138
-0.003833 0.020542 0.999782
-0.001071 0.093905 0.995581
-0.056681 -0.997161 0.049568
0.813408 -0.451448 0.366828
-0.293633 -0.226795 -0.040295
-0.036080 0.425964 -0.904021
-0.086178 0.728162 -0.679966
0.093592 0.720473 -0.687138
0.000031 0.608237 0.774167
0.488509 0.441305 0.634206
-0.488509 0.441305 0.634206
0.997821 -0.010538 0.065138
-0.999986 0.005228 0.000737
64
0 0 2 1 0 2 1 1
0 3 5 4 3 5 4 1
0 6 8 7 6 8 7 1
0 9 11 10 9 11 10 1
0 12 3 13 12 3 13 1
0 12 15 14 12 15 14 1
0 12 16 15 12 16 15 1
0 16 12 13 16 12 13 1
0 13 18 17 13 18 17 1
0 19 13 17 19 13 17 1
0 9 21 20 9 21 20 1
0 3 20 8 3 20 8 1
0 21 22 20 21 22 20 1
0 7 20 22 7 20 22 1
0 23 25 24 23 25 24 1
0 21 26 22 21 26 22 1
0 15 27 14 15 27 14 1
0 28 30 29 28 30 29 1
0 31 24 32 31 24 32 1
0 33 31 32 33 31 32 1
0 25 32 24 25 32 24 1
0 32 2 33 32 2 33 1
0 34 36 35 34 36 35 1
0 20 7 8 20 7 8 1
0 8 38 37 8 38 37 1
0 13 39 16 13 39 16 1
0 2 40 1 2 40 1 1
0 25 40 41 25 40 41 1
0 25 43 42 25 43 42 1
0 39 13 19 39 13 19 1
0 8 6 38 8 6 38 1
0 2 44 33 2 44 33 1
0 35 36 27 35 36 27 1
0 10 46 45 10 46 45 1
0 47 10 11 47 10 11 1
0 9 14 11 9 14 11 1
0 45 9 10 45 9 10 1
0 45 26 21 45 26 21 1
0 27 11 14 27 11 14 1
0 21 9 45 21 9 45 1
0 14 9 12 14 9 12 1
0 48 49 31 48 49 31 1
0 50 48 31 50 48 31 1
0 28 29 26 28 29 26 1
0 45 46 26 45 46 26 1
0 36 47 27 36 47 27 1
0 46 28 26 46 28 26 1
0 24 31 49 24 31 49 1
0 31 33 50 31 33 50 1
0 2 32 41 2 32 41 1
0 32 25 41 32 25 41 1
0 47 11 27 47 11 27 1
0 18 3 4 18 3 4 1
0 3 18 13 3 18 13 1
0 5 8 37 5 8 37 1
0 8 5 3 8 5 3 1
0 3 12 9 3 12 9 1
0 20 3 9 20 3 9 1
0 25 23 51 25 23 51 1
0 43 25 51 43 25 51 1
0 40 2 41 40 2 41 1
0 40 25 42 40 25 42 1
0 44 2 52 44 2 52 1
0 2 0 52 2 0 52 1
"Mesh8" 0 8
78
0 -1.197598 3.521060 -0.503432 0.264829 0.051593 0
0 -1.406974 2.624617 -0.646823 0.147327 0.059838 0
0 -1.406974 2.624617 -0.646823 0.147327 0.059838 0
0 -1.469495 2.400695 -0.065793 0.082566 0.059838 0
0 -1.203563 3.548252 0.451452 0.368459 0.053293 0
0 -1.389315 2.688468 0.519644 0.497578 0.100917 0
0 -1.389315 2.688468 0.519644 0.018047 0.066319 0
0 1.406974 2.624617 -0.646822 0.135950 0.059838 0
0 1.197598 3.521060 -0.503432 0.257243 0.051593 0
0 1.469495 2.400695 -0.065792 0.069100 0.059838 0
0 1.406974 2.624617 -0.646822 0.135950 0.059838 0
0 1.203563 3.548252 0.451452 0.364216 0.053293 0
0 1.389315 2.688468 0.519645 0.497500 0.100917 0
0 1.389315 2.688468 0.519645 0.002500 0.066319 0
0 0.618728 -0.616372 0.681910 0.517969 0.340342 3
0 0.772948 -2.081735 0.003091 0.587719 0.995234 3
0 0.288312 -2.081735 -0.658565 0.676977 0.995281 3
0 -0.387823 -0.616361 0.692004 0.883091 0.340310 3
0 -0.392063 -0.609769 -0.541164 0.746443 0.337364 3
0 -0.605660 -2.081735 0.016921 0.808378 0.995282 3
0 -0.212860 -2.081735 0.805786 0.902982 0.995282 3
0 0.618728 -0.616372 0.681910 0.982031 0.340342 3
0 0.295004 -2.081735 0.800689 0.982031 0.995234 3
0 0.295004 -2.081735 0.800689 0.517969 0.995234 3
0 -0.222536 -2.081735 -0.653429 0.727049 0.995281 3
0 0.614486 -0.609786 -0.551260 0.644766 0.337388 3
0 -0.531297 0.063149 -0.440606 0.264055 0.110620 8
0 -0.288241 -3.023340 -0.475918 0.748874 0.051593 8
0 0.657007 -3.023339 -0.475945 0.644625 0.051641 8
0 0.567920 -0.920875 0.052497 0.082566 0.399150 8
0 0.355917 -0.974769 -0.399791 0.145098 0.401342 8
0 0.648452 -3.041062 0.647549 0.517969 0.059552 8
0 0.648452 -3.041062 0.647549 0.982031 0.059552 8
0 -0.296795 -3.041062 0.647576 0.880868 0.059514 8
0 0.350729 -0.963990 0.525462 0.497578 0.403344 8
0 0.355917 -0.974769 -0.399791 0.147675 0.406414 8
0 0.657007 -3.023339 -0.475945 0.128193 0.990231 8
0 -0.288241 -3.023340 -0.475918 0.240602 0.990231 8
0 -0.214946 -1.130001 -0.427490 0.235493 0.450653 8
0 -0.296795 -3.041062 0.647576 0.399297 0.995282 8
0 0.648452 -3.041062 0.647549 0.497578 0.995711 8
0 0.657007 -3.023339 -0.475945 0.127225 0.995711 8
0 -0.214471 -1.129849 0.520250 0.400765 0.450609 8
0 0.350729 -0.963990 0.525462 0.018047 0.403439 8
0 0.648452 -3.041062 0.647549 0.018047 0.997808 8
0 -0.542656 0.053766 0.513979 0.370185 0.113294 8
0 -0.772878 -2.081734 0.010820 0.574497 0.964063 10
0 -0.611877 -0.616372 0.688063 0.502422 0.319906 10
0 -0.619967 -0.609786 -0.545088 0.633455 0.316984 10
0 -0.294883 -2.081734 -0.655649 0.666731 0.964108 10
0 0.605800 -2.081735 0.010863 0.802512 0.964109 10
0 0.386632 -0.609769 -0.545057 0.738512 0.316977 10
0 0.394724 -0.616361 0.688092 0.879715 0.319874 10
0 0.220908 -2.081735 0.803617 0.900269 0.964109 10
0 -0.286982 -2.081735 0.803599 0.981953 0.964063 10
0 -0.611877 -0.616372 0.688063 0.981953 0.319906 10
0 -0.286982 -2.081735 0.803599 0.502422 0.964063 10
0 0.215992 -2.081734 -0.655622 0.718472 0.964108 10
0 0.214471 -1.129849 0.520250 0.397563 0.450609 15
0 0.214946 -1.130001 -0.427490 0.226960 0.450653 15
0 0.296795 -3.041062 0.647576 0.877418 0.043682 15
0 -0.648452 -3.041062 0.647548 0.502422 0.043719 15
0 -0.657006 -3.023339 -0.475946 0.633297 0.035891 15
0 -0.648452 -3.041062 0.647548 0.981953 0.043719 15
0 -0.355917 -0.974769 -0.399791 0.133650 0.401342 15
0 -0.567920 -0.920875 0.052497 0.069100 0.399150 15
0 0.288241 -3.023340 -0.475918 0.741024 0.035891 15
0 -0.350729 -0.963990 0.525462 0.497500 0.403344 15
0 -0.355917 -0.974769 -0.399791 0.136310 0.406414 15
0 0.288241 -3.023340 -0.475918 0.232234 0.990231 15
0 -0.657006 -3.023339 -0.475946 0.116200 0.990231 15
0 0.531297 0.063149 -0.440606 0.256444 0.110620 15
0 -0.648452 -3.041062 0.647548 0.497500 0.995711 15
0 0.296795 -3.041062 0.647576 0.396048 0.995282 15
0 -0.657006 -3.023339 -0.475946 0.115200 0.995711 15
0 -0.350729 -0.963990 0.525462 0.002500 0.403439 15
0 0.542656 0.053766 0.513979 0.365997 0.113294 15
0 -0.648452 -3.041062 0.647548 0.002500 0.997808 15
78
-0.557822 0.337085 -0.609491
-0.137126 -0.099009 -0.779663
-0.137126 -0.099009 -0.779663
-0.293633 -0.226795 -0.040295
-0.488509 0.441305 0.634206
-0.001724 -0.078810 0.898154
-0.001724 -0.078810 0.898154
0.144132 -0.087110 -0.765864
0.558962 0.340054 -0.604785
0.291064 -0.237869 -0.014040
0.144132 -0.087110 -0.765864
0.488509 0.441305 0.634206
-0.000375 -0.082878 0.898661
-0.000375 -0.082878 0.898661
0.752319 0.051735 0.656764
0.913417 -0.406087 -0.027624
0.290785 -0.758657 -0.582995
-0.758538 0.067913 0.648080
-0.755267 0.070536 -0.651611
-0.940834 -0.338494 -0.015916
-0.337781 -0.762725 0.551502
0.752319 0.051735 0.656764
0.318240 -0.766409 0.557979
0.318240 -0.766409 0.557979
-0.332630 -0.754073 -0.566332
0.730264 0.055538 -0.680904
-0.592383 -0.142772 -0.792905
-0.705192 0.064936 -0.705862
0.764145 0.100037 -0.633350
0.997661 0.067819 0.008510
0.411709 -0.010352 -0.911257
0.749380 0.109233 0.649911
0.749380 0.109233 0.649911
-0.706068 0.073195 0.704324
0.402860 0.043230 0.914240
0.411709 -0.010352 -0.911257
0.764145 0.100037 -0.633350
-0.705192 0.064936 -0.705862
-0.685900 -0.067383 -0.724569
-0.706068 0.073195 0.704324
0.749380 0.109233 0.649911
0.764145 0.100037 -0.633350
-0.705444 -0.055663 0.706577
0.402860 0.043230 0.914240
0.749380 0.109233 0.649911
-0.580037 -0.115629 0.806342
-0.913648 -0.406087 -0.018489
-0.745714 0.051735 0.664254
-0.737036 0.055538 -0.673568
-0.296601 -0.758657 -0.580058
0.940628 -0.338494 -0.025323
0.748713 0.070536 -0.659131
0.764980 0.067913 0.640463
0.343279 -0.762725 0.548097
-0.312645 -0.766409 0.561133
-0.745714 0.051735 0.664254
-0.312645 -0.766409 0.561133
0.326950 -0.754073 -0.569629
0.705444 -0.055663 0.706577
0.685900 -0.067383 -0.724569
0.709594 0.073195 0.700797
-0.745871 0.109233 0.653428
-0.766488 0.100037 -0.631010
-0.745871 0.109233 0.653428
-0.411709 -0.010352 -0.911257
-0.997661 0.067819 0.008510
0.701679 0.064936 -0.709399
-0.402860 0.043230 0.914240
-0.411709 -0.010352 -0.911257
0.701679 0.064936 -0.709399
-0.766488 0.100037 -0.631010
0.592383 -0.142772 -0.792905
-0.745871 0.109233 0.653428
0.709594 0.073195 0.700797
-0.766488 0.100037 -0.631010
-0.402860 0.043230 0.914240
0.580037 -0.115629 0.806342
-0.745871 0.109233 0.653428
82
0 25 15 14 25 15 14 1
0 15 25 16 15 25 16 1
0 17 19 18 17 19 18 1
0 19 17 20 19 17 20 1
0 21 20 17 21 20 17 1
0 21 22 20 21 22 20 1
0 14 15 23 14 15 23 1
0 18 33 17 18 33 17 1
0 18 27 33 18 27 33 1
0 18 19 24 18 19 24 1
0 18 16 25 18 16 25 1
0 18 24 16 18 24 16 1
0 14 28 25 14 28 25 1
0 14 31 28 14 31 28 1
0 17 32 21 17 32 21 1
0 17 33 32 17 33 32 1
0 25 27 18 25 27 18 1
0 25 28 27 25 28 27 1
0 38 45 42 38 45 42 1
0 38 26 45 38 26 45 1
0 26 1 0 26 1 0 1
0 29 2 30 29 2 30 1
0 29 3 2 29 3 2 1
0 4 26 0 4 26 0 1
0 4 45 26 4 45 26 1
0 45 34 42 45 34 42 1
0 35 26 38 35 26 38 1
0 35 37 36 35 37 36 1
0 35 38 37 35 38 37 1
0 45 4 5 45 4 5 1
0 42 40 39 42 40 39 1
0 42 34 40 42 34 40 1
0 41 29 30 41 29 30 1
0 38 39 37 38 39 37 1
0 38 42 39 38 42 39 1
0 3 43 6 3 43 6 1
0 3 29 43 3 29 43 1
0 26 35 1 26 35 1 1
0 34 45 5 34 45 5 1
0 29 44 43 29 44 43 1
0 44 29 41 44 29 41 1
0 46 48 47 46 48 47 1
0 48 46 49 48 46 49 1
0 50 52 51 50 52 51 1
0 52 50 53 52 50 53 1
0 54 52 53 54 52 53 1
0 54 55 52 54 55 52 1
0 46 47 56 46 47 56 1
0 66 52 60 66 52 60 1
0 66 51 52 66 51 52 1
0 50 51 57 50 51 57 1
0 57 48 49 57 48 49 1
0 57 51 48 57 51 48 1
0 61 48 62 61 48 62 1
0 61 47 48 61 47 48 1
0 60 55 63 60 55 63 1
0 60 52 55 60 52 55 1
0 62 51 66 62 51 66 1
0 62 48 51 62 48 51 1
0 71 58 76 71 58 76 1
0 71 59 58 71 59 58 1
0 7 71 8 7 71 8 1
0 9 64 10 9 64 10 1
0 9 65 64 9 65 64 1
0 76 8 71 76 8 71 1
0 76 11 8 76 11 8 1
0 67 76 58 67 76 58 1
0 71 68 59 71 68 59 1
0 59 70 69 59 70 69 1
0 59 68 70 59 68 70 1
0 11 76 12 11 76 12 1
0 67 73 72 67 73 72 1
0 67 58 73 67 58 73 1
0 65 74 64 65 74 64 1
0 58 69 73 58 69 73 1
0 58 59 69 58 59 69 1
0 65 13 75 65 13 75 1
0 65 9 13 65 9 13 1
0 68 71 7 68 71 7 1
0 76 67 12 76 67 12 1
0 77 65 75 77 65 75 1
0 65 77 74 65 77 74 1
"Mesh9" 0 9
16
0 -0.538909 3.411176 -0.721945 0.069946 0.278111 0
0 0.000000 3.421274 -0.900723 0.203125 0.275989 0
0 0.000000 2.605456 -1.294111 0.203125 0.447400 0
0 0.447305 3.395894 -0.752334 0.313666 0.281322 0
0 -0.675235 3.740818 -0.050073 0.036256 0.208850 0
0 0.675235 3.740818 -0.050072 0.369994 0.208850 0
0 0.675235 3.740818 -0.050072 0.402644 0.117234 0
0 0.000000 3.421274 -0.900723 0.203125 0.184514 0
0 -0.675235 3.740818 -0.050073 0.003605 0.117234 0
0 0.000000 3.573495 0.874257 0.398125 0.152472 0
0 0.000000 3.573495 0.874257 0.056875 0.152472 0
0 0.000000 0.914871 -0.509263 0.203125 0.050018 9
0 -0.505084 1.064034 -0.026321 0.053882 0.018611 9
0 0.506593 1.056101 -0.026228 0.352814 0.020282 9
0 0.000000 1.058613 0.589714 0.353438 0.019750 9
0 0.000000 1.058613 0.589714 0.056875 0.019750 9
16
-0.086178 0.728162 -0.679966
0.007312 0.592169 -0.796254
-0.004008 0.454124 -0.890930
0.093592 0.720473 -0.687138
-0.400942 0.771467 -0.231524
0.408138 0.769647 -0.235849
0.408138 0.769647 -0.235849
0.007312 0.592169 -0.796254
-0.400942 0.771467 -0.231524
0.000031 0.608237 0.774167
0.000031 0.608237 0.774167
-0.000092 0.237877 -0.971295
-0.972753 0.218780 -0.076730
0.972393 0.220358 -0.076770
-0.000066 0.286307 0.958138
-0.000066 0.286307 0.958138
12
0 0 2 1 0 2 1 1
0 2 3 1 2 3 1 1
0 4 0 1 4 0 1 1
0 3 5 1 3 5 1 1
0 6 11 7 6 11 7 1
0 11 8 7 11 8 7 1
0 11 12 8 11 12 8 1
0 13 11 6 13 11 6 1
0 14 6 9 14 6 9 1
0 14 13 6 14 13 6 1
0 12 10 8 12 10 8 1
0 12 15 10 12 15 10 1
"Mesh10" 0 10
38
0 -0.584669 0.640504 -0.763730 0.415082 0.483608 1
0 0.584671 0.640505 -0.763730 0.415366 0.483608 1
0 -0.457607 0.329266 -0.825016 0.347664 0.649817 1
0 -0.165193 0.318156 -1.042171 0.110360 0.651030 1
0 0.503974 0.329266 -0.825016 0.360400 0.649858 1
0 0.165195 0.318156 -1.042171 0.111600 0.651039 1
0 0.266127 -0.163593 -0.805010 0.265400 0.915541 1
0 0.000000 -0.260614 -0.846242 0.002200 0.966925 1
0 0.000000 -0.316307 -0.704933 0.001000 0.999508 1
0 -0.586293 0.124650 0.040409 0.729552 0.803697 1
0 0.278981 -0.230573 -0.680603 0.369518 0.954379 1
0 -0.000032 0.654751 -1.102382 0.001000 0.468536 1
0 -0.000032 0.654751 -1.102382 0.001000 0.468536 1
0 -0.000036 0.427478 -1.290989 0.001000 0.586759 1
0 0.000000 0.253217 -1.137000 0.001000 0.683917 1
0 -0.015605 -0.046519 0.129637 0.993346 0.873083 1
0 0.000000 0.903213 -1.165549 0.001000 0.333381 1
0 0.000000 0.903213 -1.165549 0.001000 0.333381 1
0 0.572352 0.902430 -0.818639 0.392794 0.341393 1
0 -0.000036 0.427478 -1.290989 0.001000 0.586759 1
0 0.000000 0.253217 -1.137000 0.001000 0.683917 1
0 -0.000037 0.311547 -1.280382 0.001000 0.649366 1
0 -0.000037 0.311547 -1.280382 0.001000 0.649366 1
0 -0.701286 0.387987 -0.045384 0.716964 0.635324 1
0 -0.743240 0.775445 -0.179799 0.667404 0.423783 1
0 -0.855563 0.682789 0.024007 0.702120 0.478139 1
0 -0.645687 0.356347 -0.323316 0.627322 0.646254 1
0 0.699406 0.379304 -0.049614 0.715566 0.639905 1
0 0.645686 0.356347 -0.323316 0.626950 0.646254 1
0 0.853512 0.674106 0.019778 0.700988 0.482721 1
0 0.743242 0.775445 -0.179799 0.667022 0.423783 1
0 0.000000 -0.260614 -0.846242 0.001000 0.966925 1
0 -0.279257 -0.230573 -0.680603 0.368776 0.954379 1
0 -0.266389 -0.163593 -0.805010 0.264338 0.915589 1
0 0.000000 -0.316307 -0.704933 0.001000 1.000000 1
0 0.585063 0.124650 0.040409 0.729332 0.803697 1
0 -0.015605 -0.046519 0.129637 0.700000 0.873114 1
0 -0.572352 0.902430 -0.818638 0.392438 0.341393 1
38
-0.779556 -0.155231 -0.606791
0.792121 -0.122881 -0.597867
-0.736349 -0.171708 -0.654451
-0.665600 -0.223878 -0.711937
0.739064 -0.165980 -0.652867
0.648573 -0.233846 -0.724341
0.639828 -0.497537 -0.585728
0.000123 -0.714746 -0.699384
-0.002452 -0.994510 0.104615
-0.566002 -0.771337 -0.291000
0.601964 -0.771425 -0.206258
-0.008749 0.087242 -0.996149
-0.008749 0.087242 -0.996149
-0.000112 0.283288 -0.959035
0.000019 -0.756900 -0.653530
-0.003554 -0.860362 -0.509671
-0.000013 -0.605984 -0.795477
-0.000013 -0.605984 -0.795477
0.729059 -0.572243 -0.375513
-0.000112 0.283288 -0.959035
0.000019 -0.756900 -0.653530
-0.000023 -0.690353 -0.723472
-0.000023 -0.690353 -0.723472
-0.690009 -0.507819 -0.515760
-0.928237 -0.010439 -0.371844
-0.979376 -0.191275 -0.065094
-0.909902 -0.322501 -0.260907
0.758601 -0.491470 -0.427763
0.915300 -0.320309 -0.244189
0.979095 -0.192211 -0.066549
0.923561 -0.103627 -0.369183
0.000123 -0.714746 -0.699384
-0.602011 -0.771244 -0.206798
-0.650657 -0.472039 -0.594831
-0.002452 -0.994510 0.104615
0.563333 -0.776624 -0.281976
-0.003554 -0.860362 -0.509671
-0.761693 -0.524185 -0.380860
48
0 23 25 24 23 25 24 1
0 26 25 23 26 25 23 1
0 27 29 28 27 29 28 1
0 30 29 27 30 29 27 1
0 31 33 32 31 33 32 1
0 34 36 35 34 36 35 1
0 24 0 37 24 0 37 1
0 30 1 28 30 1 28 1
0 0 26 2 0 26 2 1
0 31 3 33 31 3 33 1
0 28 1 4 28 1 4 1
0 5 7 6 5 7 6 1
0 32 8 31 32 8 31 1
0 26 33 2 26 33 2 1
0 26 23 9 26 23 9 1
0 35 27 28 35 27 28 1
0 34 35 10 34 35 10 1
0 2 11 0 2 11 0 1
0 12 4 1 12 4 1 1
0 11 3 13 11 3 13 1
0 4 12 5 4 12 5 1
0 11 2 3 11 2 3 1
0 5 6 4 5 6 4 1
0 3 31 14 3 31 14 1
0 6 7 10 6 7 10 1
0 26 9 32 26 9 32 1
0 15 8 9 15 8 9 1
0 6 28 4 6 28 4 1
0 24 25 26 24 25 26 1
0 1 16 12 1 16 12 1
0 17 0 11 17 0 11 1
0 28 29 30 28 29 30 1
0 37 0 17 37 0 17 1
0 0 24 26 0 24 26 1
0 16 1 18 16 1 18 1
0 33 3 2 33 3 2 1
0 5 12 19 5 12 19 1
0 20 5 21 20 5 21 1
0 14 22 3 14 22 3 1
0 7 5 20 7 5 20 1
0 34 10 7 34 10 7 1
0 9 8 32 9 8 32 1
0 33 26 32 33 26 32 1
0 35 28 10 35 28 10 1
0 28 6 10 28 6 10 1
0 1 30 18 1 30 18 1
0 5 19 21 5 19 21 1
0 13 3 22 13 3 22 1
"Mesh11" 0 11
184
0 0.000001 -0.543764 0.984069 0.500003 0.508773 2
0 1.168237 0.249831 -0.105796 0.984614 0.034808 2
0 1.327715 -0.383333 0.137988 0.983902 0.268660 2
0 1.168237 0.249831 -0.105796 0.959272 0.283448 2
0 -0.965180 0.246202 0.468824 0.126428 0.283647 2
0 -1.012560 -0.483333 0.883813 0.130881 0.508058 2
0 -0.980736 -0.483333 -0.766151 0.131028 0.267347 2
0 -0.933852 0.144809 -0.812298 0.148667 0.034976 2
0 -1.327715 -0.383333 0.137988 0.015993 0.506873 2
0 -1.168237 0.249832 -0.105797 0.015386 0.034808 2
0 -1.327715 -0.383333 0.137988 0.016098 0.268660 2
0 -1.168237 0.249832 -0.105797 0.040363 0.283448 2
0 -1.012560 -0.483333 0.883813 0.289502 0.540752 2
0 -0.980736 -0.483333 -0.766151 0.232837 0.535262 2
0 -1.327715 -0.383333 0.137988 0.995958 0.515625 2
0 -1.327715 -0.383333 0.137988 0.134000 0.531250 2
0 1.012560 -0.483333 0.883813 0.869124 0.508058 2
0 0.962131 0.246202 0.468825 0.871980 0.283647 2
0 0.000000 0.222864 0.736127 0.499793 0.284927 2
0 1.012560 -0.483333 0.883813 0.501583 0.540752 2
0 0.980736 -0.483333 -0.766151 0.232837 0.535262 2
0 1.327715 -0.383333 0.137988 0.995958 0.515625 2
0 1.327715 -0.383333 0.137988 0.660195 0.531250 2
0 0.000001 -0.557104 -1.038803 0.500000 0.267893 2
0 0.000000 0.088461 -1.101690 0.500000 0.035437 2
0 0.933852 0.155329 -0.861178 0.851333 0.034666 2
0 0.980736 -0.483333 -0.766151 0.868972 0.267347 2
0 1.327715 -0.383333 0.137988 0.984011 0.506873 2
0 -0.695006 -1.097286 1.005878 0.222364 0.905133 4
0 0.485739 -1.097286 1.005878 0.549966 0.905133 4
0 -0.133237 -0.307412 -1.539214 0.378229 0.678181 4
0 -1.136291 -0.835691 -1.111907 0.099928 0.829970 4
0 0.925293 -0.835691 -1.111906 0.046619 0.840275 4
0 0.925293 -0.835691 -1.111906 0.671921 0.829970 4
0 -1.025511 -0.984504 -0.049214 0.130664 0.872728 4
0 0.708544 -0.964686 -0.094326 0.611784 0.867034 4
0 -1.136291 -0.835691 -1.111907 0.046619 0.840275 4
0 -1.025511 -0.984504 -0.049214 0.985831 0.880441 4
0 0.708544 -0.964686 -0.094326 0.982004 0.875092 4
0 -0.914060 -3.675101 -1.159350 0.161587 0.484376 6
0 0.716553 -3.675099 -1.159349 0.614005 0.484375 6
0 0.553437 -3.924418 1.253660 0.568748 0.556011 6
0 1.319337 -3.675099 -0.041849 0.781250 0.484375 6
0 0.716553 -3.675099 -1.159349 0.009850 0.515625 6
0 1.319337 -3.675099 -0.041849 0.991717 0.515625 6
0 -1.496452 -3.675099 -0.041851 0.991717 0.515625 6
0 0.883515 -0.958323 -0.016709 0.990812 0.769748 6
0 0.497628 -0.638592 -0.757916 0.366724 0.685126 6
0 0.495122 -1.254095 0.870960 0.505350 0.664757 6
0 0.883515 -0.958323 -0.016709 0.319063 0.627625 6
0 1.064195 -2.902508 -0.020481 0.987320 0.743501 6
0 1.319337 -3.675099 -0.041849 0.989273 0.925554 6
0 0.716553 -3.675099 -1.159349 0.034001 0.939355 6
0 -0.549615 -1.253612 0.870959 0.655561 0.664697 6
0 -0.914060 -3.675101 -1.159350 0.499815 0.968700 6
0 -0.445746 -0.660246 -0.757917 0.438103 0.590203 6
0 0.497628 -0.638592 -0.757916 0.615277 0.587484 6
0 0.716553 -3.675099 -1.159349 0.629110 0.968700 6
0 -0.904859 -0.949325 -0.016710 0.801719 0.626495 6
0 -0.914060 -3.675101 -1.159350 0.034000 0.939355 6
0 -1.496452 -3.675099 -0.041851 0.989272 0.925554 6
0 -1.217236 -2.820112 -0.019116 0.988584 0.724084 6
0 -0.445746 -0.660246 -0.757917 0.366724 0.690393 6
0 -0.914062 -3.924418 1.253659 0.625185 1.000000 6
0 0.553437 -3.924418 1.253660 0.462258 1.000000 6
0 1.319337 -3.675099 -0.041849 0.318227 0.968700 6
0 1.064195 -2.902508 -0.020481 0.316696 0.871706 6
0 -0.904859 -0.949325 -0.016710 0.990810 0.767628 6
0 -1.217236 -2.820112 -0.019116 0.808290 0.861361 6
0 -1.496452 -3.675099 -0.041851 0.806772 0.968700 6
0 -0.914060 -3.675101 -1.159350 0.009850 0.515625 6
0 -1.496452 -3.675099 -0.041851 0.000000 0.484375 6
0 -0.914062 -3.924418 1.253659 0.161586 0.556011 6
0 0.473690 -1.715473 -1.017796 0.149071 0.545763 7
0 0.758862 -1.781828 -0.065899 0.983752 0.558793 7
0 0.723137 -4.028666 -0.069391 0.980804 0.969727 7
0 0.421510 -4.028666 0.752303 0.505478 0.500000 7
0 -0.410702 -4.028666 -0.796086 0.422218 0.500000 7
0 0.379210 -4.028666 -0.796086 0.346841 0.515625 7
0 0.593247 -1.938578 -0.056801 0.699534 0.801407 7
0 -0.824492 -4.028666 -0.069391 0.990229 0.530202 7
0 -0.410702 -4.028666 -0.796086 0.346841 0.515625 7
0 -0.379397 -0.754268 0.670365 0.219616 0.688877 7
0 0.457833 -1.715473 0.755934 0.632718 0.780208 7
0 0.389252 -1.855402 0.648330 0.598879 0.793503 7
0 -0.410702 -4.028666 0.752303 0.204170 1.000000 7
0 0.473690 -1.715473 -1.017796 0.640542 0.780208 7
0 0.379210 -4.028666 -0.796086 0.593924 1.000000 7
0 -0.410702 -4.028666 -0.796086 0.204170 1.000000 7
0 0.421510 -4.028666 0.752303 0.614795 1.000000 7
0 0.723137 -4.028666 -0.069391 0.763623 1.000000 7
0 0.758862 -1.781828 -0.065899 0.781250 0.786512 7
0 -0.355631 -0.776206 -0.954682 0.231343 0.690962 7
0 0.411646 -1.844046 -0.908677 0.609929 0.792424 7
0 -0.410702 -4.028666 0.752303 0.685720 0.500000 7
0 0.379210 -4.028666 -0.796086 0.654393 0.500000 7
0 -0.824492 -4.028666 -0.069391 0.781382 0.500000 7
0 -0.773497 -0.654268 0.035647 0.025162 0.679375 7
0 0.723137 -4.028666 -0.069391 0.990229 0.530202 7
0 0.723137 -4.028666 -0.069391 0.339303 0.500000 7
0 -0.355631 -0.776206 -0.954682 0.202341 0.845696 7
0 -0.773497 -0.654268 0.035647 0.991334 0.821750 7
0 -0.410702 -4.028666 -0.796086 0.336201 0.969727 7
0 -0.824492 -4.028666 -0.069391 0.980804 0.969727 7
0 -0.824492 -4.028666 -0.069391 0.000000 1.000000 7
0 0.379210 -4.028666 -0.796086 0.336202 0.969727 7
0 -0.925293 -0.835691 -1.111906 0.046619 0.840275 11
0 -0.925293 -0.835691 -1.111906 0.107142 0.835122 11
0 1.025511 -0.984504 -0.049214 0.637574 0.876585 11
0 -0.708544 -0.964686 -0.094326 0.166077 0.871063 11
0 1.136291 -0.835691 -1.111907 0.046619 0.840275 11
0 1.025511 -0.984504 -0.049214 0.979584 0.880441 11
0 -0.708544 -0.964686 -0.094326 0.944621 0.875092 11
0 -0.485739 -1.097286 1.005878 0.226659 0.908008 11
0 0.695006 -1.097286 1.005878 0.547708 0.908008 11
0 1.136291 -0.835691 -1.111907 0.667695 0.835122 11
0 0.133237 -0.307412 -1.539214 0.394961 0.687934 11
0 -1.064195 -2.902508 -0.020481 0.977940 0.751429 13
0 0.549615 -1.253612 0.870959 0.628745 0.675175 13
0 -0.716552 -3.675099 -1.159350 0.403912 0.969678 13
0 -0.497628 -0.638592 -0.757916 0.442786 0.600376 13
0 0.445746 -0.660246 -0.757917 0.610301 0.603009 13
0 0.914061 -3.675101 -1.159350 0.693460 0.969678 13
0 0.904859 -0.949325 -0.016710 0.691826 0.638168 13
0 1.217236 -2.820112 -0.019116 0.979072 0.731387 13
0 1.496452 -3.675099 -0.041851 0.975854 0.939355 13
0 0.914061 -3.675101 -1.159350 0.049625 0.939355 13
0 0.445746 -0.660246 -0.757917 0.366724 0.690393 13
0 0.914061 -3.924418 1.253659 0.693460 1.000000 13
0 -0.553438 -3.924418 1.253660 0.432876 1.000000 13
0 -1.064195 -2.902508 -0.020481 0.342180 0.875715 13
0 -1.319337 -3.675099 -0.041849 0.296875 0.969678 13
0 0.904859 -0.949325 -0.016710 0.981066 0.760710 13
0 1.496452 -3.675099 -0.041851 0.796875 0.969678 13
0 1.217236 -2.820112 -0.019116 0.747294 0.865693 13
0 0.914061 -3.675101 -1.159350 0.009850 0.515625 13
0 1.496452 -3.675099 -0.041851 0.985291 0.515625 13
0 0.914061 -3.924418 1.253659 0.607271 0.569466 13
0 0.914061 -3.675101 -1.159350 0.607270 0.500000 13
0 -0.716552 -3.675099 -1.159350 0.163900 0.500000 13
0 -1.319337 -3.675099 -0.041849 0.985291 0.515625 13
0 -1.319337 -3.675099 -0.041849 0.000000 0.500000 13
0 -0.716552 -3.675099 -1.159350 0.009850 0.515625 13
0 -0.553438 -3.924418 1.253660 0.208252 0.569466 13
0 1.496452 -3.675099 -0.041851 0.765625 0.500000 13
0 -0.497628 -0.638592 -0.757916 0.366724 0.685126 13
0 -0.883515 -0.958323 -0.016709 0.981067 0.762898 13
0 -0.883515 -0.958323 -0.016709 0.374264 0.639262 13
0 -0.495123 -1.254095 0.870960 0.443231 0.675234 13
0 -0.716552 -3.675099 -1.159350 0.049625 0.939355 13
0 -1.319337 -3.675099 -0.041849 0.975855 0.939355 13
0 0.410702 -4.028666 0.752303 0.588621 1.000000 14
0 0.410702 -4.028666 -0.796086 0.588621 1.000000 14
0 -0.379210 -4.028666 -0.796086 0.191072 1.000000 14
0 -0.473690 -1.715473 -1.017796 0.143522 0.780208 14
0 -0.758862 -1.781828 -0.065899 0.000000 0.786512 14
0 -0.723137 -4.028666 -0.069391 0.017980 1.000000 14
0 -0.421510 -4.028666 0.752303 0.169783 1.000000 14
0 0.355631 -0.776206 -0.954682 0.560905 0.690962 14
0 -0.411646 -1.844046 -0.908677 0.174748 0.792424 14
0 -0.593247 -1.938578 -0.056801 0.083351 0.801407 14
0 0.410702 -4.028666 0.752303 0.604079 0.515625 14
0 0.773497 -0.654268 0.035647 0.771210 0.679375 14
0 0.773497 -0.654268 0.035647 0.991335 0.821750 14
0 0.355631 -0.776206 -0.954682 0.202341 0.845696 14
0 0.824492 -4.028666 -0.069391 0.677556 0.515625 14
0 0.824492 -4.028666 -0.069391 0.980804 1.000000 14
0 0.410702 -4.028666 -0.796086 0.320577 1.000000 14
0 0.824492 -4.028666 -0.069391 0.796875 1.000000 14
0 -0.758862 -1.781828 -0.065899 0.983752 0.558793 14
0 -0.473690 -1.715473 -1.017796 0.149071 0.545763 14
0 -0.379210 -4.028666 -0.796086 0.320577 1.000000 14
0 -0.723137 -4.028666 -0.069391 0.980804 1.000000 14
0 -0.723137 -4.028666 -0.069391 0.980405 0.515625 14
0 -0.379210 -4.028666 -0.796086 0.378091 0.515625 14
0 0.410702 -4.028666 -0.796086 0.604079 0.515625 14
0 -0.421510 -4.028666 0.752303 0.456303 0.515625 14
0 -0.723137 -4.028666 -0.069391 0.402743 0.515625 14
0 -0.389252 -1.855402 0.648330 0.186019 0.793503 14
0 0.410702 -4.028666 -0.796086 0.378091 0.515625 14
0 0.824492 -4.028666 -0.069391 0.980405 0.515625 14
0 -0.379210 -4.028666 -0.796086 0.463814 0.515625 14
0 0.379397 -0.754268 0.670365 0.572866 0.688877 14
0 -0.457833 -1.715473 0.755934 0.151503 0.780208 14
184
-0.000001 0.009203 0.999958
0.472549 -0.171162 -0.078007
0.973424 0.200514 0.073337
0.472549 -0.171162 -0.078007
-0.236133 -0.258914 0.138497
-0.516744 0.171314 0.811273
-0.711189 0.038178 -0.699921
-0.098961 -0.308719 -0.047902
-0.973762 0.199633 0.072592
-0.471092 -0.166389 -0.080347
-0.973762 0.199633 0.072592
-0.471092 -0.166389 -0.080347
-0.516744 0.171314 0.811273
-0.711189 0.038178 -0.699921
-0.973762 0.199633 0.072592
-0.973762 0.199633 0.072592
0.516632 0.171881 0.811136
0.235470 -0.258021 0.138456
-0.000010 -0.267352 0.289820
0.516632 0.171881 0.811136
0.711566 0.029948 -0.699545
0.973424 0.200514 0.073337
0.973424 0.200514 0.073337
-0.003560 -0.068837 -0.997622
0.003317 -0.526949 -0.358995
0.104339 -0.330195 -0.047497
0.711566 0.029948 -0.699545
0.973424 0.200514 0.073337
-0.553637 -0.306083 0.774467
0.639243 -0.384770 0.665823
-0.013841 0.637166 -0.770603
-0.918771 0.220136 -0.327719
0.930467 0.216709 -0.295411
0.930467 0.216709 -0.295411
-0.943834 -0.274542 0.183861
0.923795 -0.337083 0.181600
-0.918771 0.220136 -0.327719
-0.943834 -0.274542 0.183861
0.923795 -0.337083 0.181600
-0.578352 0.244058 -0.769222
0.577808 0.226360 -0.773162
0.529198 -0.025008 0.792734
0.959247 0.039711 0.059855
0.577808 0.226360 -0.773162
0.959247 0.039711 0.059855
-0.964467 0.055631 0.026484
0.990447 0.108390 0.085244
0.644622 0.101094 -0.757788
0.428946 0.117199 0.895695
0.990447 0.108390 0.085244
0.980603 0.184890 -0.065063
0.959247 0.039711 0.059855
0.577808 0.226360 -0.773162
-0.631119 0.145473 0.761923
-0.578352 0.244058 -0.769222
-0.582045 0.079122 -0.809298
0.644622 0.101094 -0.757788
0.577808 0.226360 -0.773162
-0.989765 0.137241 0.039115
-0.578352 0.244058 -0.769222
-0.964467 0.055631 0.026484
-0.966533 0.230233 -0.113166
-0.582045 0.079122 -0.809298
-0.647007 -0.024939 0.711056
0.529198 -0.025008 0.792734
0.959247 0.039711 0.059855
0.980603 0.184890 -0.065063
-0.989765 0.137241 0.039115
-0.966533 0.230233 -0.113166
-0.964467 0.055631 0.026484
-0.578352 0.244058 -0.769222
-0.964467 0.055631 0.026484
-0.647007 -0.024939 0.711056
-0.058842 0.816831 -0.573868
0.882308 0.469748 -0.029492
0.994798 0.059509 -0.030578
0.645002 0.051957 0.749016
-0.446269 -0.026975 -0.892003
0.541010 -0.022440 -0.806615
-0.346544 0.937944 -0.013002
-0.987596 0.046246 0.076885
-0.446269 -0.026975 -0.892003
-0.626205 0.118730 0.770565
-0.029019 0.861957 0.506150
0.597428 0.785530 0.161316
-0.353062 0.063487 0.932162
-0.058842 0.816831 -0.573868
0.541010 -0.022440 -0.806615
-0.446269 -0.026975 -0.892003
0.645002 0.051957 0.749016
0.994798 0.059509 -0.030578
0.882308 0.469748 -0.029492
-0.591304 0.165202 -0.789346
0.545371 0.821145 -0.168198
-0.353062 0.063487 0.932162
0.541010 -0.022440 -0.806615
-0.987596 0.046246 0.076885
-0.995757 0.078094 0.048683
0.994798 0.059509 -0.030578
0.994798 0.059509 -0.030578
-0.591304 0.165202 -0.789346
-0.995757 0.078094 0.048683
-0.446269 -0.026975 -0.892003
-0.987596 0.046246 0.076885
-0.987596 0.046246 0.076885
0.541010 -0.022440 -0.806615
-0.930467 0.216709 -0.295411
-0.930467 0.216709 -0.295411
0.943834 -0.274542 0.183861
-0.923795 -0.337083 0.181600
0.918771 0.220136 -0.327719
0.943834 -0.274542 0.183861
-0.923795 -0.337083 0.181600
-0.639243 -0.384770 0.665823
0.553637 -0.306083 0.774467
0.918771 0.220136 -0.327719
0.013841 0.637166 -0.770603
-0.980603 0.184890 -0.065063
0.631119 0.145473 0.761923
-0.577808 0.226359 -0.773162
-0.644622 0.101094 -0.757788
0.582045 0.079122 -0.809298
0.578352 0.244058 -0.769221
0.989765 0.137241 0.039115
0.966533 0.230233 -0.113166
0.964467 0.055631 0.026484
0.578352 0.244058 -0.769221
0.582045 0.079122 -0.809298
0.647007 -0.024939 0.711056
-0.529198 -0.025008 0.792734
-0.980603 0.184890 -0.065063
-0.959247 0.039711 0.059854
0.989765 0.137241 0.039115
0.964467 0.055631 0.026484
0.966533 0.230233 -0.113166
0.578352 0.244058 -0.769221
0.964467 0.055631 0.026484
0.647007 -0.024939 0.711056
0.578352 0.244058 -0.769221
-0.577808 0.226359 -0.773162
-0.959247 0.039711 0.059854
-0.959247 0.039711 0.059854
-0.577808 0.226359 -0.773162
-0.529198 -0.025008 0.792734
0.964467 0.055631 0.026484
-0.644622 0.101094 -0.757788
-0.990447 0.108390 0.085244
-0.990447 0.108390 0.085244
-0.428946 0.117199 0.895695
-0.577808 0.226359 -0.773162
-0.959247 0.039711 0.059854
0.353062 0.063487 0.932162
0.446269 -0.026975 -0.892004
-0.541010 -0.022440 -0.806615
0.058842 0.816831 -0.573868
-0.882308 0.469748 -0.029492
-0.994798 0.059509 -0.030578
-0.645002 0.051957 0.749015
0.591304 0.165202 -0.789346
-0.545371 0.821145 -0.168198
0.346544 0.937944 -0.013002
0.353062 0.063487 0.932162
0.995757 0.078094 0.048683
0.995757 0.078094 0.048683
0.591304 0.165202 -0.789346
0.987596 0.046246 0.076885
0.987596 0.046246 0.076885
0.446269 -0.026975 -0.892004
0.987596 0.046246 0.076885
-0.882308 0.469748 -0.029492
0.058842 0.816831 -0.573868
-0.541010 -0.022440 -0.806615
-0.994798 0.059509 -0.030578
-0.994798 0.059509 -0.030578
-0.541010 -0.022440 -0.806615
0.446269 -0.026975 -0.892004
-0.645002 0.051957 0.749015
-0.994798 0.059509 -0.030578
-0.597428 0.785530 0.161316
0.446269 -0.026975 -0.892004
0.987596 0.046246 0.076885
-0.541010 -0.022440 -0.806615
0.626205 0.118730 0.770565
0.029019 0.861958 0.506149
142
0 16 18 17 16 18 17 1
0 23 25 24 23 25 24 1
0 23 26 25 23 26 25 1
0 17 27 16 17 27 16 1
0 18 16 0 18 16 0 1
0 26 1 25 26 1 25 1
0 1 26 2 1 26 2 1
0 27 17 3 27 17 3 1
0 18 5 4 18 5 4 1
0 6 24 7 6 24 7 1
0 6 23 24 6 23 24 1
0 8 4 5 8 4 5 1
0 5 18 0 5 18 0 1
0 9 6 7 9 6 7 1
0 6 9 10 6 9 10 1
0 4 8 11 4 8 11 1
0 28 41 29 28 41 29 1
0 30 39 31 30 39 31 1
0 41 28 72 41 28 72 1
0 32 44 43 32 44 43 1
0 28 71 72 28 71 72 1
0 39 30 40 39 30 40 1
0 40 30 33 40 30 33 1
0 42 29 41 42 29 41 1
0 34 71 28 34 71 28 1
0 42 35 29 42 35 29 1
0 45 36 70 45 36 70 1
0 45 37 36 45 37 36 1
0 38 44 32 38 44 32 1
0 78 46 98 78 46 98 1
0 78 47 46 78 47 46 1
0 99 48 76 99 48 76 1
0 99 49 48 99 49 48 1
0 50 52 51 50 52 51 1
0 94 48 53 94 48 53 1
0 54 56 55 54 56 55 1
0 54 57 56 54 57 56 1
0 96 53 58 96 53 58 1
0 59 61 60 59 61 60 1
0 80 62 81 80 62 81 1
0 95 55 56 95 55 56 1
0 63 58 53 63 58 53 1
0 48 63 53 48 63 53 1
0 48 64 63 48 64 63 1
0 48 94 76 48 94 76 1
0 64 66 65 64 66 65 1
0 55 95 77 55 95 77 1
0 53 96 94 53 96 94 1
0 62 80 67 62 80 67 1
0 47 50 46 47 50 46 1
0 49 64 48 49 64 48 1
0 61 62 67 61 62 67 1
0 68 63 69 68 63 69 1
0 50 47 52 50 47 52 1
0 62 61 59 62 61 59 1
0 58 63 68 58 63 68 1
0 64 49 66 64 49 66 1
0 82 84 83 82 84 83 1
0 85 82 83 85 82 83 1
0 86 88 87 86 88 87 1
0 89 91 90 89 91 90 1
0 86 92 88 86 92 88 1
0 93 92 86 93 92 86 1
0 97 12 82 97 12 82 1
0 13 101 100 13 101 100 1
0 101 102 100 101 102 100 1
0 101 103 102 101 103 102 1
0 104 82 85 104 82 85 1
0 85 83 89 85 83 89 1
0 91 89 83 91 89 83 1
0 105 74 73 105 74 73 1
0 74 105 75 74 105 75 1
0 101 13 14 101 13 14 1
0 82 104 97 82 104 97 1
0 12 97 15 12 97 15 1
0 79 86 91 79 86 91 1
0 83 79 91 83 79 91 1
0 86 79 93 86 79 93 1
0 79 83 84 79 83 84 1
0 143 114 113 143 114 113 1
0 138 116 115 138 116 115 1
0 114 143 137 114 143 137 1
0 140 106 142 140 106 142 1
0 144 114 137 144 114 137 1
0 116 138 139 116 138 139 1
0 116 139 107 116 139 107 1
0 113 141 143 113 141 143 1
0 144 108 114 144 108 114 1
0 109 141 113 109 141 113 1
0 110 136 135 110 136 135 1
0 111 136 110 111 136 110 1
0 140 112 106 140 112 106 1
0 145 173 146 145 173 146 1
0 145 174 173 145 174 173 1
0 147 176 148 147 176 148 1
0 147 177 176 147 177 176 1
0 149 117 150 149 117 150 1
0 148 161 118 148 161 118 1
0 119 121 120 119 121 120 1
0 119 122 121 119 122 121 1
0 118 165 123 118 165 123 1
0 124 126 125 124 126 125 1
0 127 180 179 127 180 179 1
0 121 181 120 121 181 120 1
0 123 128 118 123 128 118 1
0 129 118 128 129 118 128 1
0 129 148 118 129 148 118 1
0 161 148 176 161 148 176 1
0 130 129 131 130 129 131 1
0 181 121 175 181 121 175 1
0 165 118 161 165 118 161 1
0 180 127 132 180 127 132 1
0 117 145 146 117 145 146 1
0 129 147 148 129 147 148 1
0 127 124 132 127 124 132 1
0 128 134 133 128 134 133 1
0 145 117 149 145 117 149 1
0 124 127 126 124 127 126 1
0 128 123 134 128 123 134 1
0 147 129 130 147 129 130 1
0 182 151 183 182 151 183 1
0 152 154 153 152 154 153 1
0 155 157 156 155 157 156 1
0 158 154 152 158 154 152 1
0 158 159 154 158 159 154 1
0 154 160 155 154 160 155 1
0 160 183 155 160 183 155 1
0 19 162 182 19 162 182 1
0 163 20 164 163 20 164 1
0 166 164 167 166 164 167 1
0 166 163 164 166 163 164 1
0 182 168 151 182 168 151 1
0 183 151 157 183 151 157 1
0 157 155 183 157 155 183 1
0 169 171 170 169 171 170 1
0 171 169 172 171 169 172 1
0 20 163 21 20 163 21 1
0 168 182 162 168 182 162 1
0 162 19 22 162 19 22 1
0 178 182 183 178 182 183 1
0 160 154 159 160 154 159 1
0 183 160 178 183 160 178 1
"Mesh12" 0 12
64
0 -1.215352 -1.754632 1.170757 0.629968 1.000000 1
0 -0.701286 0.387987 -0.045384 0.524332 0.943509 1
0 -0.586293 0.124650 0.040409 0.549449 0.950452 1
0 0.585063 0.124650 0.040409 0.944889 0.950452 1
0 0.699406 0.379304 -0.049614 0.974180 0.943738 1
0 0.906552 -1.754632 1.170757 0.842486 1.000000 1
0 -0.015605 -0.046519 0.129637 0.723146 0.954965 1
0 0.743242 0.775445 -0.179799 0.004752 0.933294 1
0 0.969907 0.986483 0.395585 0.914950 0.927730 1
0 1.123761 0.065925 0.783171 0.886610 0.952001 1
0 -1.184491 0.038081 0.898343 0.613752 0.952735 1
0 -0.941994 0.930794 0.625929 0.607799 0.929198 1
0 -0.743240 0.775445 -0.179799 0.495658 0.933294 1
0 -0.088352 0.200161 1.411143 0.737671 0.948462 1
0 0.000000 1.004512 0.934009 0.745122 0.927255 1
0 -0.154400 -1.754190 1.888276 0.735431 0.999988 1
0 -0.389746 2.393828 -0.489780 0.788748 0.258038 1
0 -0.602877 2.321327 0.366759 0.219666 0.303264 1
0 0.000000 2.177023 0.563930 0.485178 0.408326 1
0 0.389746 2.393828 -0.489780 0.238624 0.258038 1
0 -0.000001 2.306507 -0.699271 0.519856 0.279663 1
0 0.608979 1.183213 -0.738847 0.251050 0.764424 1
0 0.389746 2.393828 -0.489780 0.238136 0.258038 1
0 0.620740 2.353671 0.219339 0.817818 0.319535 1
0 0.969907 1.281358 0.369151 0.836476 0.768072 1
0 -0.000002 1.149586 -1.066178 0.511906 0.763590 1
0 0.608979 1.183213 -0.738847 0.251538 0.764424 1
0 -0.608977 1.183212 -0.738847 0.766286 0.764424 1
0 -0.941995 1.239591 0.599495 0.210282 0.755742 1
0 0.000000 1.332380 0.907575 0.489926 0.761631 1
0 0.572352 0.902430 -0.818639 0.141032 0.929946 1
0 -0.572352 0.902430 -0.818638 0.368191 0.929946 1
0 -0.577749 -1.427456 0.944944 0.979536 0.121422 4
0 0.245996 -1.427456 0.944945 0.979536 0.121422 4
0 0.485739 -1.097286 1.005878 0.996032 0.064390 4
0 -0.695006 -1.097286 1.005878 0.996032 0.064390 4
0 0.708544 -0.964686 -0.094326 0.698184 0.041485 4
0 0.898017 -1.427456 -0.967399 0.461826 0.121422 4
0 -0.134657 -1.427456 -2.873393 0.013514 0.121422 4
0 -0.588556 -1.427456 -2.423394 0.094731 0.121422 4
0 -0.623727 -0.850736 -2.458656 0.085184 0.021802 4
0 -0.110041 -0.850736 -2.908656 0.003968 0.021802 4
0 0.356159 -1.427456 -2.423394 0.094730 0.121422 4
0 0.453216 -0.850736 -2.458656 0.085184 0.021802 4
0 0.925293 -0.835691 -1.111906 0.422705 0.019203 4
0 -1.025511 -0.984504 -0.049214 0.710397 0.044908 4
0 -1.136291 -0.835691 -1.111907 0.422705 0.019203 4
0 -1.119831 -1.427456 -0.967400 0.461826 0.121422 4
0 0.134658 -1.427456 -2.873393 0.013514 0.121422 11
0 -0.453215 -0.850736 -2.458656 0.085184 0.021802 11
0 -0.356159 -1.427456 -2.423394 0.094730 0.121422 11
0 -0.925293 -0.835691 -1.111906 0.422705 0.019203 11
0 1.119831 -1.427456 -0.967399 0.461826 0.121422 11
0 1.136291 -0.835691 -1.111907 0.422705 0.019203 11
0 1.025511 -0.984504 -0.049214 0.710397 0.044908 11
0 0.695006 -1.097286 1.005878 0.996032 0.064390 11
0 -0.485739 -1.097286 1.005878 0.996032 0.064390 11
0 -0.245996 -1.427456 0.944944 0.979536 0.121422 11
0 0.577749 -1.427456 0.944944 0.979536 0.121422 11
0 -0.708544 -0.964686 -0.094326 0.698184 0.041485 11
0 -0.898017 -1.427456 -0.967399 0.461826 0.121422 11
0 0.110041 -0.850736 -2.908656 0.003968 0.021802 11
0 0.623727 -0.850736 -2.458656 0.085184 0.021802 11
0 0.588556 -1.427456 -2.423393 0.094731 0.121422 11
64
-0.494495 -0.582301 -0.645291
-0.690009 -0.507819 -0.515760
-0.566002 -0.771337 -0.291000
0.563333 -0.776624 -0.281976
0.758601 -0.491470 -0.427763
0.523298 -0.603099 -0.602023
-0.003554 -0.860362 -0.509671
0.923561 -0.103627 -0.369183
0.845976 -0.518701 0.123583
0.953723 0.127051 0.272525
-0.910637 0.248541 0.330103
-0.894156 -0.399284 0.202628
-0.928237 -0.010439 -0.371844
0.024154 0.338040 0.940822
0.035556 -0.402176 0.914872
0.006887 -0.363829 0.931440
-0.335427 0.887098 -0.317090
-0.516454 0.758348 0.397722
0.028608 0.897478 0.440130
0.317785 0.883478 -0.344209
-0.000001 0.848022 -0.529961
0.361043 0.830471 -0.424223
0.317785 0.883478 -0.344209
0.574462 0.750204 0.327395
0.435828 0.886022 0.158173
-0.000001 0.789344 -0.613951
0.361043 0.830471 -0.424223
-0.375740 0.836954 -0.397904
-0.399782 0.893804 0.203197
0.046061 0.860905 0.506677
0.729059 -0.572243 -0.375513
-0.761693 -0.524185 -0.380860
-0.601223 -0.628033 0.494071
0.578319 -0.669478 0.466205
0.639243 -0.384770 0.665823
-0.553637 -0.306083 0.774467
0.923795 -0.337083 0.181600
0.831439 -0.554675 -0.032326
-0.018579 -0.616729 -0.786956
-0.720175 -0.502887 -0.477968
-0.835293 0.185029 -0.517734
-0.021743 0.228496 -0.973302
0.678995 -0.558960 -0.475952
0.833840 0.155335 -0.529700
0.930467 0.216709 -0.295411
-0.943834 -0.274542 0.183861
-0.918771 0.220136 -0.327719
-0.827652 -0.556414 -0.073459
0.018579 -0.616729 -0.786956
-0.833840 0.155335 -0.529700
-0.678995 -0.558959 -0.475952
-0.930467 0.216709 -0.295411
0.827652 -0.556414 -0.073459
0.918771 0.220136 -0.327719
0.943834 -0.274542 0.183861
0.553637 -0.306083 0.774467
-0.639243 -0.384770 0.665823
-0.578319 -0.669478 0.466204
0.601223 -0.628032 0.494071
-0.923795 -0.337083 0.181600
-0.831439 -0.554675 -0.032326
0.021743 0.228496 -0.973302
0.835294 0.185029 -0.517734
0.720175 -0.502887 -0.477968
80
0 0 2 1 0 2 1 1
0 3 5 4 3 5 4 1
0 0 6 2 0 6 2 1
0 6 5 3 6 5 3 1
0 7 9 8 7 9 8 1
0 10 12 11 10 12 11 1
0 0 1 12 0 1 12 1
0 13 11 14 13 11 14 1
0 13 10 11 13 10 11 1
0 9 14 8 9 14 8 1
0 9 13 14 9 13 14 1
0 5 7 4 5 7 4 1
0 5 0 15 5 0 15 1
0 16 18 17 16 18 17 1
0 19 18 20 19 18 20 1
0 21 23 22 21 23 22 1
0 21 24 23 21 24 23 1
0 25 19 20 25 19 20 1
0 25 26 19 25 26 19 1
0 27 20 16 27 20 16 1
0 27 25 20 27 25 20 1
0 28 16 17 28 16 17 1
0 28 27 16 28 27 16 1
0 29 17 18 29 17 18 1
0 29 28 17 29 28 17 1
0 24 18 23 24 18 23 1
0 24 29 18 24 29 18 1
0 8 30 7 8 30 7 1
0 31 11 12 31 11 12 1
0 18 22 23 18 22 23 1
0 18 16 20 18 16 20 1
0 10 15 0 10 15 0 1
0 10 13 15 10 13 15 1
0 13 5 15 13 5 15 1
0 13 9 5 13 9 5 1
0 9 7 5 9 7 5 1
0 12 10 0 12 10 0 1
0 0 5 6 0 5 6 1
0 45 47 46 45 47 46 1
0 32 34 33 32 34 33 1
0 32 35 34 32 35 34 1
0 36 33 34 36 33 34 1
0 33 47 32 33 47 32 1
0 33 37 47 33 37 47 1
0 38 40 39 38 40 39 1
0 38 41 40 38 41 40 1
0 40 47 39 40 47 39 1
0 47 40 46 47 40 46 1
0 37 43 42 37 43 42 1
0 37 39 47 37 39 47 1
0 37 38 39 37 38 39 1
0 37 42 38 37 42 38 1
0 43 37 44 43 37 44 1
0 37 36 44 37 36 44 1
0 32 45 35 32 45 35 1
0 45 32 47 45 32 47 1
0 33 36 37 33 36 37 1
0 41 42 43 41 42 43 1
0 41 38 42 41 38 42 1
0 52 54 53 52 54 53 1
0 55 57 56 55 57 56 1
0 55 58 57 55 58 57 1
0 57 59 56 57 59 56 1
0 60 58 52 60 58 52 1
0 60 57 58 60 57 58 1
0 61 63 62 61 63 62 1
0 61 48 63 61 48 63 1
0 52 62 63 52 62 63 1
0 62 52 53 62 52 53 1
0 49 60 50 49 60 50 1
0 50 63 48 50 63 48 1
0 50 52 63 50 52 63 1
0 50 60 52 50 60 52 1
0 60 49 51 60 49 51 1
0 59 60 51 59 60 51 1
0 54 58 55 54 58 55 1
0 58 54 52 58 54 52 1
0 59 57 60 59 57 60 1
0 48 49 50 48 49 50 1
0 48 61 49 48 61 49 1

Materials: 13
"Material0"
0.500000 0.500000 0.500000 1.000000
0.700000 0.700000 0.700000 1.000000
1.000000 1.000000 1.000000 1.000000
1.000000 1.000000 1.000000 1.000000
0.000000
1.000000
""
""
"Material1"
0.600000 0.300000 0.100000 1.000000
0.600000 0.300000 0.100000 1.000000
0.000000 0.000000 0.000000 1.000000
0.000000 0.000000 0.000000 1.000000
0.000000
1.000000
""
""
"Material2"
0.100000 0.100000 0.200000 1.000000
0.100000 0.100000 0.200000 1.000000
0.000000 0.000000 0.000000 1.000000
0.000000 0.000000 0.000000 1.000000
0.000000
1.000000
""
""
"Material3"
0.000000 0.740113 0.361582 1.000000
0.000000 0.740113 0.361582 1.000000
0.000000 0.000000 0.000000 1.000000
0.000000 0.000000 0.000000 1.000000
0.000000
1.000000
""
""
"Material4"
0.000000 0.000000 0.000000 1.000000
0.000000 0.000000 0.000000 1.000000
0.000000 0.000000 0.000000 1.000000
0.000000 0.000000 0.000000 1.000000
0.000000
1.000000
""
""
"Material5"
0.870057 0.502825 0.322034 1.000000
0.870057 0.502825 0.322034 1.000000
0.000000 0.000000 0.000000 1.000000
0.000000 0.000000 0.000000 1.000000
0.000000
1.000000
""
""
"Material6"
0.500000 0.100000 0.000000 1.000000
0.500000 0.100000 0.000000 1.000000
0.000000 0.000000 0.000000 1.000000
0.000000 0.000000 0.000000 1.000000
0.000000
1.000000
""
""
"Material7"
1.000000 1.000000 1.000000 1.000000
1.000000 1.000000 1.000000 1.000000
0.000000 0.000000 0.000000 1.000000
0.000000 0.000000 0.000000 1.000000
0.000000
1.000000
"t7_xman_01.bmp"
""
"Material8"
1.000000 1.000000 1.000000 1.000000
1.000000 1.000000 1.000000 1.000000
0.000000 0.000000 0.000000 1.000000
0.000000 0.000000 0.000000 1.000000
0.000000
1.000000
"t4_xman_0_1.bmp"
""
"Material9"
1.000000 1.000000 1.000000 1.000000
1.000000 1.000000 1.000000 1.000000
0.000000 0.000000 0.000000 1.000000
0.000000 0.000000 0.000000 1.000000
0.000000
1.000000
"t5_xman_0_1.bmp"
""
"Material10"
1.000000 1.000000 1.000000 1.000000
1.000000 1.000000 1.000000 1.000000
0.000000 0.000000 0.000000 1.000000
0.000000 0.000000 0.000000 1.000000
0.000000
1.000000
"face.ini"
""
"Material11"
1.000000 1.000000 1.000000 1.000000
1.000000 1.000000 1.000000 1.000000
0.000000 0.000000 0.000000 1.000000
0.000000 0.000000 0.000000 1.000000
0.000000
1.000000
"t8_xman_01.bmp"
""
"Material12"
1.000000 1.000000 1.000000 1.000000
1.000000 1.000000 1.000000 1.000000
0.000000 0.000000 0.000000 1.000000
0.000000 0.000000 0.000000 1.000000
0.000000
1.000000
"t9_xman_01.bmp"
""

Bones: 16
"torso"
""
8 0 0 0 0 0 0
0
0
"head"
""
8 0 0 0 0 0 0
0
0
"pelvis"
""
8 0 0 0 0 0 0
0
0
"r lower arm"
""
8 0 0 0 0 0 0
0
0
"r foot"
""
8 0 0 0 0 0 0
0
0
"r hand"
""
8 0 0 0 0 0 0
0
0
"r leg"
""
8 0 0 0 0 0 0
0
0
"r thigh"
""
8 0 0 0 0 0 0
0
0
"r upper arm"
""
8 0 0 0 0 0 0
0
0
"neck"
""
8 0 0 0 0 0 0
0
0
"l lower arm"
""
8 0 0 0 0 0 0
0
0
"l foot"
""
8 0 0 0 0 0 0
0
0
"l hand"
""
8 0 0 0 0 0 0
0
0
"l leg"
""
8 0 0 0 0 0 0
0
0
"l thigh"
""
8 0 0 0 0 0 0
0
0
"l upper arm"
""
8 0 0 0 0 0 0
0
0
