// MilkShape 3D ASCII

Frames: 1
Frame: 1

Meshes: 17
"Pelvis" 0 0
29
0 -0.580000 -0.300000 1.460000 0.447266 0.552734 2
0 -0.970000 0.370000 0.580000 0.376953 0.505859 2
0 0.000000 0.460000 0.900000 0.494141 0.505859 2
0 0.190000 -1.380000 1.020000 0.486328 0.623047 2
0 0.590000 -0.300000 1.460000 0.447266 0.552734 2
0 1.280000 -0.630000 0.970000 0.376953 0.576172 2
0 -1.270000 -0.630000 0.970000 0.376953 0.576172 2
0 -0.180000 -1.380000 1.020000 0.486328 0.623047 2
0 0.980000 0.370000 0.580000 0.376953 0.505859 2
0 0.000000 -1.380000 1.020000 0.494141 0.623047 2
0 0.000000 -0.440000 1.400000 0.494141 0.564453 2
0 0.000000 -1.380000 -0.660000 0.255859 0.623047 2
0 0.220000 -1.380000 -0.660000 0.267578 0.623047 2
0 0.000000 -0.140000 -0.660000 0.255859 0.505859 2
0 0.000000 -1.380000 -0.660000 0.435547 0.994141 2
0 -0.210000 -1.380000 -0.660000 0.376953 0.994141 2
0 0.000000 -1.380000 1.020000 0.435547 0.876953 2
0 0.930000 -0.040000 -0.540000 0.318359 0.505859 2
0 1.170000 -0.580000 -0.560000 0.310547 0.572266 2
0 -0.920000 -0.040000 -0.540000 0.318359 0.505859 2
0 -0.210000 -1.380000 -0.660000 0.267578 0.623047 2
0 -1.450000 -0.380000 0.270000 0.357422 0.560547 2
0 -1.160000 -0.580000 -0.560000 0.310547 0.572266 2
0 1.460000 -0.380000 0.270000 0.357422 0.560547 2
0 1.180000 0.140000 0.020000 0.349609 0.505859 2
0 -1.170000 0.140000 0.020000 0.349609 0.505859 2
0 0.190000 -1.380000 1.020000 0.494141 0.876953 2
0 -0.180000 -1.380000 1.020000 0.376953 0.876953 2
0 0.220000 -1.380000 -0.660000 0.494141 0.994141 2
24
0.263522 -0.188990 -0.945959
0.701610 -0.542715 -0.461739
-0.000126 -0.613468 -0.789720
-0.118795 0.411209 -0.903767
-0.263612 -0.189354 -0.945861
-0.711555 -0.141543 -0.688227
0.711555 -0.141543 -0.688227
0.118763 0.411200 -0.903775
-0.701111 -0.543270 -0.461845
0.000000 0.374790 -0.927110
-0.000625 0.100876 -0.994899
0.000000 0.000000 1.000000
-0.059867 -0.027737 0.997821
0.000358 -0.010992 0.999940
0.000000 1.000000 0.000000
-0.539673 -0.204524 0.816653
-0.522890 -0.262432 0.810997
0.540010 -0.204273 0.816493
0.060346 -0.027480 0.997799
0.906992 -0.408106 0.103992
0.522890 -0.262432 0.810997
-0.906992 -0.408106 0.103992
-0.899658 -0.392998 0.190181
0.899658 -0.392998 0.190181
30
0 0 1 2 0 1 2 1
0 3 4 5 3 4 5 1
0 6 0 7 6 0 7 1
0 8 5 4 8 5 4 1
0 9 7 10 9 7 10 1
0 10 4 3 10 4 3 1
0 4 10 2 4 10 2 1
0 11 12 13 11 12 13 1
0 14 15 16 14 14 14 1
0 17 12 18 15 12 16 1
0 13 19 20 13 17 18 1
0 12 17 13 12 15 13 1
0 21 22 19 19 20 17 1
0 7 0 10 7 0 10 1
0 0 6 1 0 6 1 1
0 22 20 19 20 18 17 1
0 23 5 8 21 5 8 1
0 1 6 21 1 6 19 1
0 17 18 23 15 16 21 1
0 24 17 23 22 15 21 1
0 21 19 25 19 17 23 1
0 23 8 24 21 8 22 1
0 25 1 21 23 1 19 1
0 2 8 4 2 8 4 1
0 2 10 0 2 10 0 1
0 13 20 11 13 18 11 1
0 16 26 14 14 14 14 1
0 10 3 9 10 3 9 1
0 16 15 27 14 14 14 1
0 14 26 28 14 14 14 1
"R upper leg" 0 0
19
0 -0.920000 -0.080000 0.000000 0.349609 0.619141 7
0 -0.480000 -0.080000 -0.760000 0.314453 0.619141 7
0 -1.160000 -0.580000 -0.560000 0.314453 0.576172 2
0 0.590000 -1.130000 -0.870000 0.505859 0.318359 7
0 -0.210000 -1.380000 -0.660000 0.505859 0.255859 2
0 -0.480000 -0.080000 -0.760000 0.591797 0.255859 7
0 0.640000 -1.130000 0.710000 0.505859 0.318359 7
0 -0.180000 -1.380000 1.020000 0.505859 0.255859 2
0 -0.210000 -1.380000 -0.660000 0.287109 0.619141 2
0 -0.540000 -0.080000 0.680000 0.595703 0.255859 7
0 0.500000 -4.020000 -0.570000 0.505859 0.494141 7
0 -0.350000 -4.020000 0.460000 0.623047 0.494141 7
0 -0.920000 -0.080000 0.000000 0.623047 0.255859 7
0 -0.350000 -4.020000 -0.570000 0.623047 0.494141 7
0 0.570000 -4.020000 0.460000 0.505859 0.494141 7
0 -0.180000 -1.380000 1.020000 0.447266 0.619141 2
0 -0.540000 -0.080000 0.680000 0.400391 0.619141 7
0 -1.270000 -0.630000 0.970000 0.400391 0.580078 2
0 -1.450000 -0.380000 0.270000 0.349609 0.568359 2
19
-0.545268 0.838063 -0.018239
-0.491091 0.349210 -0.798049
-0.550810 0.503182 -0.665895
-0.490664 -0.566033 0.662462
0.161457 -0.888265 -0.430019
0.839396 -0.014717 0.543321
-0.532303 -0.692025 -0.487602
0.436036 -0.521152 0.733671
-0.200115 -0.116176 -0.972860
0.859326 0.313333 -0.404204
-0.874904 0.068337 0.479452
0.612215 0.113012 -0.782574
0.995292 0.096795 0.005000
0.625026 0.109530 0.772881
-0.729844 0.076443 -0.679327
0.156046 0.289947 0.944235
-0.206050 0.655735 0.726330
-0.244929 0.751451 0.612643
-0.491286 0.870983 0.005238
19
0 0 1 2 0 1 2 1
0 3 4 5 3 4 5 1
0 6 7 4 6 7 4 1
0 8 2 1 8 2 1 1
0 9 7 6 9 7 6 1
0 6 3 10 6 3 10 1
0 11 9 6 11 9 6 1
0 12 9 11 12 9 11 1
0 13 10 3 13 10 3 1
0 6 14 11 6 14 11 1
0 4 3 6 4 3 6 1
0 15 16 17 15 16 17 1
0 10 14 6 10 14 6 1
0 13 5 12 13 5 12 1
0 3 5 13 3 5 13 1
0 17 16 0 17 16 0 1
0 11 13 12 11 13 12 1
0 0 18 17 0 18 17 1
0 2 18 0 2 18 0 1
"R lower leg" 0 0
20
0 0.450000 -0.640000 -0.430000 0.744141 0.423828 6
0 -0.520000 -0.640000 -0.440000 0.626953 0.423828 6
0 0.430000 -1.790000 -0.400000 0.744141 0.494141 6
0 -0.480000 -3.840000 -0.410000 0.376953 0.744141 6
0 0.390000 -3.840000 -0.410000 0.494141 0.744141 6
0 -0.450000 -1.790000 -0.410000 0.380859 0.626953 6
0 -0.620000 -0.640000 0.720000 0.626953 0.423828 6
0 -0.350000 -4.020000 -0.570000 0.626953 0.376953 7
0 0.500000 -4.020000 -0.570000 0.744141 0.376953 7
0 -0.500000 -1.790000 0.600000 0.626953 0.494141 6
0 -0.450000 -1.790000 -0.410000 0.626953 0.494141 6
0 -0.500000 -1.790000 0.600000 0.376953 0.626953 6
0 0.400000 -0.640000 0.720000 0.744141 0.423828 6
0 0.570000 -4.020000 0.460000 0.744141 0.376953 7
0 0.390000 -3.840000 0.550000 0.494141 0.744141 6
0 -0.460000 -3.840000 0.550000 0.376953 0.744141 6
0 0.400000 -1.790000 0.610000 0.490234 0.626953 6
0 0.400000 -1.790000 0.610000 0.744141 0.494141 6
0 0.430000 -1.790000 -0.400000 0.494141 0.626953 6
0 -0.350000 -4.020000 0.460000 0.626953 0.376953 7
20
-0.016398 0.844519 -0.535275
-0.082604 0.996568 0.005379
-0.460046 0.030749 0.887363
0.889115 0.002402 0.457678
-0.451201 0.006628 0.892398
0.434006 -0.008471 0.900870
-0.003608 -0.014011 0.999895
-0.877516 -0.038751 -0.477979
0.438020 0.042421 -0.897964
0.455621 0.134910 -0.879891
0.864423 0.081648 0.496091
0.900297 0.013439 -0.435068
0.009891 0.171948 -0.985056
0.711334 -0.031699 0.702139
-0.888842 0.024233 -0.457573
0.447213 0.032684 -0.893830
-0.437816 0.026399 -0.898677
-0.879611 0.051329 -0.472917
-0.900593 0.009226 0.434565
-0.702717 -0.110217 0.702880
24
0 0 1 2 0 1 2 1
0 3 4 5 3 4 5 1
0 6 1 7 6 1 7 1
0 1 0 8 1 0 8 1
0 6 9 10 6 9 10 1
0 3 5 11 3 5 11 1
0 0 12 13 0 12 13 1
0 13 12 6 13 12 6 1
0 6 12 9 6 12 9 1
0 14 15 16 14 15 16 1
0 12 0 17 12 0 17 1
0 14 16 18 14 16 18 1
0 13 8 0 13 8 0 1
0 6 19 13 6 19 13 1
0 7 19 6 7 19 6 1
0 8 7 1 8 7 1 1
0 10 1 6 10 1 6 1
0 11 15 3 11 15 3 1
0 18 4 14 18 4 14 1
0 2 1 10 2 1 10 1
0 5 4 18 5 4 18 1
0 9 12 17 9 12 17 1
0 16 15 11 16 15 11 1
0 17 0 2 17 0 2 1
"R foot" 0 0
27
0 -0.430000 -1.720000 -0.040000 0.662109 0.123047 4
0 -0.300000 -1.720000 0.800000 0.732422 0.123047 4
0 0.240000 -1.720000 0.800000 0.732422 0.123047 4
0 -0.450000 -1.720000 -1.820000 0.505859 0.123047 4
0 0.300000 -1.720000 -1.820000 0.505859 0.123047 4
0 0.390000 -0.670000 -1.830000 0.505859 0.060547 4
0 -0.510000 -0.670000 -1.830000 0.505859 0.060547 4
0 -0.910000 -0.410000 -1.000000 0.572266 0.041016 4
0 0.680000 -1.720000 -0.630000 0.611328 0.123047 4
0 0.780000 -0.410000 -1.000000 0.572266 0.041016 4
0 -0.580000 -0.420000 0.940000 0.744141 0.041016 4
0 -0.030000 -0.300000 -1.040000 0.435547 0.806641 4
0 0.780000 -0.410000 -1.000000 0.494141 0.806641 4
0 0.390000 -3.840000 -0.410000 0.494141 0.755859 6
0 -0.460000 -3.840000 0.550000 0.744141 0.005859 6
0 0.390000 -3.840000 0.550000 0.744141 0.005859 6
0 0.480000 -0.420000 0.940000 0.744141 0.041016 4
0 -0.910000 -0.410000 -1.000000 0.376953 0.806641 4
0 -0.510000 -0.670000 -1.830000 0.376953 0.873047 4
0 0.420000 -0.870000 0.000000 0.666016 0.072266 4
0 -0.470000 -0.870000 0.000000 0.666016 0.072266 4
0 0.390000 -3.840000 -0.410000 0.630859 0.005859 6
0 -0.480000 -3.840000 -0.410000 0.630859 0.005859 6
0 0.350000 -1.720000 -0.040000 0.662109 0.123047 4
0 -0.790000 -1.720000 -0.630000 0.611328 0.123047 4
0 -0.480000 -3.840000 -0.410000 0.376953 0.755859 6
0 0.390000 -0.670000 -1.830000 0.494141 0.873047 4
27
0.412740 0.839279 0.353917
0.741559 0.517026 -0.427521
-0.514693 0.649329 -0.559878
0.468293 0.565121 0.679220
-0.659500 0.444357 0.606306
-0.354492 0.039282 0.934234
0.537757 0.038750 0.842209
0.937669 0.295221 0.183361
-0.451467 0.798484 -0.398248
-0.945116 0.255601 0.203529
0.792831 0.608400 0.035625
-0.002442 -0.874090 -0.485758
-0.092835 -0.863720 -0.495348
0.012620 -0.173736 -0.984711
-0.851773 -0.123995 0.509027
0.673600 -0.130195 0.727538
-0.856020 0.516833 -0.010640
0.085421 -0.863873 -0.496414
0.066104 -0.918442 0.389993
-0.947873 0.298660 -0.111085
0.895056 0.439882 -0.073335
0.993601 -0.112950 0.000000
-0.992453 -0.120871 0.020677
-0.422961 0.425393 0.800090
0.686373 0.637328 -0.350293
-0.011614 -0.173759 -0.984720
-0.071723 -0.917369 0.391524
36
0 0 1 2 0 1 2 1
0 3 4 5 3 4 5 1
0 3 6 7 3 6 7 1
0 4 8 9 4 8 9 1
0 2 1 10 2 1 10 1
0 11 12 13 11 12 13 1
0 7 14 10 7 14 10 1
0 10 14 15 10 14 15 1
0 16 15 9 16 15 9 1
0 11 17 18 11 17 18 1
0 2 16 19 2 16 19 1
0 20 10 1 20 10 1 1
0 15 21 9 15 21 9 1
0 7 22 14 7 22 14 1
0 20 0 23 20 0 23 1
0 19 23 2 19 23 2 1
0 1 0 20 1 0 20 1
0 8 24 20 8 24 20 1
0 8 4 3 8 4 3 1
0 15 16 10 15 16 10 1
0 5 6 3 5 6 3 1
0 3 24 8 3 24 8 1
0 2 23 0 2 23 0 1
0 23 19 20 23 19 20 1
0 20 19 8 20 19 8 1
0 10 16 2 10 16 2 1
0 9 8 19 9 8 19 1
0 20 24 7 20 24 7 1
0 10 20 7 10 20 7 1
0 9 19 16 9 19 16 1
0 7 24 3 7 24 3 1
0 9 5 4 9 5 4 1
0 25 17 11 25 17 11 1
0 11 13 25 11 13 25 1
0 26 12 11 26 12 11 1
0 18 26 11 18 26 11 1
"L upper leg" 0 0
19
0 1.170000 -0.580000 -0.560000 0.314453 0.576172 2
0 0.490000 -0.080000 -0.760000 0.314453 0.619141 14
0 0.930000 -0.080000 0.000000 0.349609 0.619141 14
0 0.490000 -0.080000 -0.760000 0.591797 0.255859 14
0 0.220000 -1.380000 -0.660000 0.505859 0.255859 2
0 -0.580000 -1.130000 -0.870000 0.505859 0.318359 14
0 0.190000 -1.380000 1.020000 0.505859 0.255859 2
0 -0.630000 -1.130000 0.710000 0.505859 0.318359 14
0 0.220000 -1.380000 -0.660000 0.287109 0.619141 2
0 0.550000 -0.080000 0.680000 0.595703 0.255859 14
0 -0.490000 -4.020000 -0.570000 0.505859 0.494141 14
0 0.360000 -4.020000 0.460000 0.623047 0.494141 14
0 0.930000 -0.080000 0.000000 0.623047 0.255859 14
0 0.360000 -4.020000 -0.570000 0.623047 0.494141 14
0 -0.560000 -4.020000 0.460000 0.505859 0.494141 14
0 1.280000 -0.630000 0.970000 0.400391 0.580078 2
0 0.550000 -0.080000 0.680000 0.400391 0.619141 14
0 0.190000 -1.380000 1.020000 0.447266 0.619141 2
0 1.460000 -0.380000 0.270000 0.349609 0.568359 2
19
0.550604 0.503265 -0.666002
0.491166 0.349206 -0.798005
0.544889 0.838308 -0.018314
-0.839395 -0.014721 0.543323
-0.161234 -0.888313 -0.430003
0.490771 -0.566021 0.662393
-0.435885 -0.521224 0.733710
0.532447 -0.691970 -0.487522
0.200282 -0.116212 -0.972822
-0.859321 0.313344 -0.404205
0.874904 0.068337 0.479451
-0.612215 0.113012 -0.782574
-0.995292 0.096795 0.005000
-0.625026 0.109530 0.772881
0.729843 0.076443 -0.679327
0.244485 0.751580 0.612662
0.205881 0.655842 0.726281
-0.156235 0.290019 0.944182
0.490560 0.871393 0.005110
19
0 0 1 2 0 1 2 1
0 3 4 5 3 4 5 1
0 4 6 7 4 6 7 1
0 1 0 8 1 0 8 1
0 7 6 9 7 6 9 1
0 10 5 7 10 5 7 1
0 7 9 11 7 9 11 1
0 11 9 12 11 9 12 1
0 5 10 13 5 10 13 1
0 11 14 7 11 14 7 1
0 7 5 4 7 5 4 1
0 15 16 17 15 16 17 1
0 7 14 10 7 14 10 1
0 12 3 13 12 3 13 1
0 13 3 5 13 3 5 1
0 2 16 15 2 16 15 1
0 12 13 11 12 13 11 1
0 15 18 2 15 18 2 1
0 2 18 0 2 18 0 1
"L lower leg" 0 0
20
0 -0.420000 -1.790000 -0.400000 0.744141 0.494141 13
0 0.460000 -1.790000 -0.410000 0.626953 0.494141 13
0 -0.440000 -0.640000 -0.430000 0.744141 0.423828 13
0 0.460000 -1.790000 -0.410000 0.380859 0.626953 13
0 -0.420000 -1.790000 -0.400000 0.494141 0.626953 13
0 0.490000 -3.840000 -0.410000 0.376953 0.744141 13
0 0.360000 -4.020000 -0.570000 0.626953 0.376953 14
0 0.530000 -0.640000 -0.440000 0.626953 0.423828 13
0 0.630000 -0.640000 0.720000 0.626953 0.423828 13
0 -0.490000 -4.020000 -0.570000 0.744141 0.376953 14
0 0.510000 -1.790000 0.600000 0.626953 0.494141 13
0 0.510000 -1.790000 0.600000 0.376953 0.626953 13
0 -0.560000 -4.020000 0.460000 0.744141 0.376953 14
0 -0.390000 -0.640000 0.720000 0.744141 0.423828 13
0 -0.390000 -1.790000 0.610000 0.744141 0.494141 13
0 -0.390000 -1.790000 0.610000 0.490234 0.626953 13
0 -0.380000 -3.840000 0.550000 0.494141 0.744141 13
0 0.360000 -4.020000 0.460000 0.626953 0.376953 14
0 0.470000 -3.840000 0.550000 0.376953 0.744141 13
0 -0.380000 -3.840000 -0.410000 0.494141 0.744141 13
20
0.907967 0.020489 0.418541
-0.675831 0.073220 0.733410
-0.720450 0.127130 0.681755
-0.685205 -0.010027 0.728281
0.714241 0.007297 0.699861
-0.699735 0.000241 0.714402
0.877518 -0.038700 -0.477979
0.000877 0.120748 -0.992683
-0.074081 0.835309 0.544766
-0.438022 0.042382 -0.897965
-0.720631 0.145922 -0.677789
-0.713802 0.020952 -0.700034
-0.711332 -0.031729 0.702139
0.996067 0.084062 -0.028008
0.437847 0.089906 -0.894543
0.692471 0.024481 -0.721030
0.699645 0.027742 -0.713952
0.702723 -0.110158 0.702884
-0.699400 0.031063 -0.714055
0.707006 0.010346 0.707132
24
0 0 1 2 0 1 2 1
0 3 4 5 3 4 5 1
0 6 7 8 6 7 8 1
0 9 2 7 9 2 7 1
0 1 10 8 1 10 8 1
0 11 3 5 11 3 5 1
0 12 13 2 12 13 2 1
0 8 13 12 8 13 12 1
0 10 14 8 10 14 8 1
0 15 11 16 15 11 16 1
0 14 0 13 14 0 13 1
0 4 15 16 4 15 16 1
0 2 9 12 2 9 12 1
0 12 17 8 12 17 8 1
0 8 17 6 8 17 6 1
0 7 6 9 7 6 9 1
0 8 7 1 8 7 1 1
0 5 18 11 5 18 11 1
0 16 19 4 16 19 4 1
0 2 1 7 2 1 7 1
0 5 4 19 5 4 19 1
0 8 14 13 8 14 13 1
0 16 11 18 16 11 18 1
0 13 0 2 13 0 2 1
"L foot" 0 0
27
0 -0.230000 -1.720000 0.800000 0.732422 0.123047 11
0 0.310000 -1.720000 0.800000 0.732422 0.123047 11
0 0.440000 -1.720000 -0.040000 0.662109 0.123047 11
0 -0.380000 -0.670000 -1.830000 0.505859 0.060547 11
0 -0.290000 -1.720000 -1.820000 0.505859 0.123047 11
0 0.460000 -1.720000 -1.820000 0.505859 0.123047 11
0 0.920000 -0.410000 -1.000000 0.572266 0.041016 11
0 0.520000 -0.670000 -1.830000 0.505859 0.060547 11
0 -0.770000 -0.410000 -1.000000 0.572266 0.041016 11
0 -0.670000 -1.720000 -0.630000 0.611328 0.123047 11
0 0.590000 -0.420000 0.940000 0.744141 0.041016 11
0 -0.380000 -3.840000 -0.410000 0.494141 0.755859 13
0 -0.770000 -0.410000 -1.000000 0.494141 0.806641 11
0 0.040000 -0.300000 -1.040000 0.435547 0.806641 11
0 0.470000 -3.840000 0.550000 0.744141 0.005859 13
0 -0.380000 -3.840000 0.550000 0.744141 0.005859 13
0 -0.470000 -0.420000 0.940000 0.744141 0.041016 11
0 0.520000 -0.670000 -1.830000 0.376953 0.873047 11
0 0.920000 -0.410000 -1.000000 0.376953 0.806641 11
0 -0.410000 -0.870000 0.000000 0.666016 0.072266 11
0 0.480000 -0.870000 0.000000 0.666016 0.072266 11
0 -0.380000 -3.840000 -0.410000 0.630859 0.005859 13
0 0.490000 -3.840000 -0.410000 0.630859 0.005859 13
0 -0.340000 -1.720000 -0.040000 0.662109 0.123047 11
0 0.800000 -1.720000 -0.630000 0.611328 0.123047 11
0 0.490000 -3.840000 -0.410000 0.376953 0.755859 13
0 -0.380000 -0.670000 -1.830000 0.494141 0.873047 11
27
0.514693 0.649329 -0.559878
-0.741559 0.517026 -0.427522
-0.412740 0.839279 0.353916
0.354492 0.039282 0.934234
0.659500 0.444357 0.606306
-0.468293 0.565121 0.679220
-0.937665 0.295234 0.183361
-0.537757 0.038750 0.842209
0.945122 0.255579 0.203529
0.451467 0.798484 -0.398248
-0.792829 0.608402 0.035623
-0.012619 -0.173746 -0.984710
0.092835 -0.863722 -0.495344
0.002442 -0.874092 -0.485754
0.851774 -0.123987 0.509027
-0.673598 -0.130214 0.727537
0.856031 0.516814 -0.010641
-0.066104 -0.918442 0.389993
-0.085421 -0.863875 -0.496410
0.947873 0.298660 -0.111085
-0.895056 0.439882 -0.073336
-0.993598 -0.112973 0.000000
0.992454 -0.120860 0.020677
0.422961 0.425393 0.800090
-0.686373 0.637328 -0.350293
0.011613 -0.173768 -0.984718
0.071723 -0.917369 0.391523
36
0 0 1 2 0 1 2 1
0 3 4 5 3 4 5 1
0 6 7 5 6 7 5 1
0 8 9 4 8 9 4 1
0 10 1 0 10 1 0 1
0 11 12 13 11 12 13 1
0 10 14 6 10 14 6 1
0 15 14 10 15 14 10 1
0 8 15 16 8 15 16 1
0 17 18 13 17 18 13 1
0 19 16 0 19 16 0 1
0 1 10 20 1 10 20 1
0 8 21 15 8 21 15 1
0 14 22 6 14 22 6 1
0 23 2 20 23 2 20 1
0 0 23 19 0 23 19 1
0 20 2 1 20 2 1 1
0 20 24 9 20 24 9 1
0 5 4 9 5 4 9 1
0 10 16 15 10 16 15 1
0 5 7 3 5 7 3 1
0 9 24 5 9 24 5 1
0 2 23 0 2 23 0 1
0 20 19 23 20 19 23 1
0 9 19 20 9 19 20 1
0 0 16 10 0 16 10 1
0 19 9 8 19 9 8 1
0 6 24 20 6 24 20 1
0 6 20 10 6 20 10 1
0 16 19 8 16 19 8 1
0 5 24 6 5 24 6 1
0 4 3 8 4 3 8 1
0 13 18 25 13 18 25 1
0 25 11 13 25 11 13 1
0 13 12 26 13 12 26 1
0 13 26 17 13 26 17 1
"Torso" 0 0
75
0 -0.780000 0.790000 0.440000 0.376953 0.427734 0
0 -0.970000 0.370000 0.580000 0.376953 0.494141 2
0 -1.170000 0.140000 0.020000 0.349609 0.494141 2
0 0.000000 0.750000 1.240000 0.685547 0.244141 0
0 0.000000 2.630000 1.950000 0.744141 0.158203 0
0 0.530000 2.550000 1.670000 0.685547 0.162109 0
0 1.180000 0.140000 0.020000 0.349609 0.494141 2
0 0.980000 0.370000 0.580000 0.376953 0.494141 2
0 0.790000 0.790000 0.440000 0.376953 0.427734 0
0 -1.260000 3.080000 -1.010000 0.259766 0.072266 0
0 -0.700000 2.790000 -0.610000 0.283203 0.095703 0
0 -0.350000 3.330000 -0.250000 0.298828 0.056641 0
0 0.000000 2.000000 -0.730000 0.255859 0.345703 0
0 0.710000 2.790000 -0.610000 0.302734 0.291016 0
0 0.360000 3.330000 -0.250000 0.287109 0.255859 0
0 0.000000 0.790000 -0.580000 0.255859 0.427734 0
0 0.000000 -0.140000 -0.660000 0.255859 0.494141 2
0 0.930000 -0.040000 -0.540000 0.318359 0.494141 2
0 0.000000 0.790000 0.700000 0.494141 0.427734 0
0 0.000000 0.460000 0.900000 0.494141 0.494141 2
0 -0.620000 3.430000 0.980000 0.681641 0.126953 0
0 0.000000 3.360000 1.550000 0.732422 0.126953 0
0 -0.600000 3.250000 1.530000 0.720703 0.126953 0
0 0.000000 2.580000 1.070000 0.494141 0.302734 0
0 -0.990000 2.960000 0.940000 0.423828 0.279297 0
0 1.270000 3.080000 -1.010000 0.369141 0.072266 0
0 1.250000 3.190000 -0.330000 0.369141 0.064453 0
0 0.360000 3.330000 -0.250000 0.330078 0.056641 0
0 -0.920000 -0.040000 -0.540000 0.318359 0.494141 2
0 0.400000 1.640000 -1.090000 0.279297 0.369141 0
0 0.000000 1.530000 -0.690000 0.255859 0.376953 0
0 0.400000 2.130000 -1.100000 0.279297 0.333984 0
0 -1.100000 2.160000 -1.020000 0.314453 0.333984 0
0 -1.060000 1.670000 -1.010000 0.314453 0.365234 0
0 -0.390000 1.640000 -1.090000 0.279297 0.369141 0
0 1.180000 2.400000 -0.340000 0.337891 0.318359 0
0 1.110000 2.160000 -1.020000 0.314453 0.333984 0
0 1.070000 1.670000 -1.010000 0.314453 0.365234 0
0 0.730000 0.790000 -0.430000 0.326172 0.427734 0
0 -0.720000 0.790000 -0.430000 0.326172 0.427734 0
0 -1.170000 2.400000 -0.340000 0.337891 0.318359 0
0 1.270000 2.420000 0.470000 0.376953 0.314453 0
0 0.840000 1.390000 -0.450000 0.326172 0.384766 0
0 -0.830000 1.390000 -0.450000 0.326172 0.384766 0
0 -1.260000 2.420000 0.470000 0.400391 0.314453 0
0 -1.240000 3.190000 -0.330000 0.259766 0.064453 0
0 -0.610000 3.760000 -0.390000 0.291016 0.021484 0
0 0.620000 3.760000 -0.390000 0.337891 0.021484 0
0 -0.390000 2.130000 -1.100000 0.279297 0.333984 0
0 1.000000 2.960000 0.940000 0.447266 0.279297 0
0 1.360000 3.190000 0.460000 0.400391 0.263672 0
0 1.270000 2.420000 0.470000 0.400391 0.314453 0
0 -1.350000 3.190000 0.460000 0.400391 0.263672 0
0 -0.700000 2.790000 -0.610000 0.302734 0.291016 0
0 -0.350000 3.330000 -0.250000 0.287109 0.255859 0
0 -0.380000 3.430000 0.540000 0.298828 0.048828 0
0 0.710000 2.790000 -0.610000 0.345703 0.095703 0
0 1.180000 2.400000 -0.340000 0.369141 0.111328 0
0 -1.170000 2.400000 -0.340000 0.259766 0.123047 0
0 -0.990000 2.960000 0.940000 0.271484 0.080078 0
0 -1.350000 3.190000 0.460000 0.255859 0.064453 0
0 -1.290000 3.840000 0.450000 0.259766 0.005859 0
0 0.000000 3.310000 -0.340000 0.259766 0.255859 0
0 0.390000 3.430000 0.540000 0.330078 0.048828 0
0 0.610000 3.250000 1.530000 0.720703 0.126953 0
0 0.630000 3.430000 0.980000 0.673828 0.126953 0
0 1.300000 3.840000 0.450000 0.369141 0.005859 0
0 1.360000 3.190000 0.460000 0.373047 0.064453 0
0 1.000000 2.960000 0.940000 0.357422 0.080078 0
0 0.000000 2.580000 1.070000 0.314453 0.111328 0
0 -0.520000 2.550000 1.670000 0.685547 0.162109 0
0 0.000000 2.580000 1.070000 0.626953 0.162109 0
0 -0.380000 3.430000 0.540000 0.626953 0.126953 0
0 0.390000 3.430000 0.540000 0.626953 0.126953 0
0 0.000000 3.310000 -0.340000 0.255859 0.255859 0
75
0.773726 -0.086134 -0.627638
0.549734 -0.500817 -0.668562
0.891056 -0.433596 0.134217
0.014755 0.890886 -0.453986
0.002939 -0.104744 -0.994495
-0.942509 0.333557 -0.020422
-0.891056 -0.433596 0.134217
-0.547905 -0.501025 -0.669906
-0.772807 -0.086015 -0.628785
0.215982 -0.194311 0.956867
-0.436375 0.318201 0.841621
-0.525883 -0.492295 0.693609
-0.002892 -0.314714 0.949182
0.043398 -0.675576 0.736012
0.037278 -0.348147 0.936698
0.001119 -0.039947 0.999201
0.000639 -0.085693 0.996321
-0.425425 -0.192391 0.884307
0.001774 -0.265013 -0.964243
0.001521 -0.518146 -0.855291
0.979149 -0.193897 0.060592
0.001293 -0.766143 -0.642669
0.580873 -0.462445 -0.669874
0.001475 0.223900 -0.974611
0.613020 0.192882 -0.766161
-0.215982 -0.194312 0.956867
-0.651961 -0.637381 0.410722
0.525884 -0.492294 0.693609
0.426683 -0.192512 0.883675
0.234754 0.415585 0.878738
-0.000703 0.382889 0.923794
0.329040 -0.343283 0.879710
0.512030 -0.277528 0.812898
0.753316 0.479092 0.450539
-0.239389 0.416439 0.877082
-0.997122 0.022486 0.072396
-0.512030 -0.277529 0.812898
-0.753317 0.479092 0.450538
-0.751526 -0.051898 0.657659
0.752321 -0.051877 0.656751
0.997122 0.022486 0.072397
-0.956530 0.258290 0.135411
-0.684874 0.606888 0.403280
0.685120 0.606884 0.402868
0.954907 0.235473 -0.180848
0.651961 -0.637381 0.410722
-0.322533 -0.805273 0.497501
0.322536 -0.805271 0.497503
-0.334984 -0.343653 0.877319
-0.612473 0.192914 -0.766591
-0.816686 0.088051 -0.570325
-0.768505 0.155872 -0.620568
0.816687 0.088050 -0.570324
-0.046586 -0.676061 0.735371
-0.035471 -0.347503 0.937008
-0.261436 -0.869733 -0.418587
0.436375 0.318201 0.841621
-0.634446 0.583487 0.506972
0.634446 0.583487 0.506972
0.198868 -0.443988 -0.873685
0.960053 -0.092682 -0.264022
0.610336 -0.699719 -0.371327
0.224284 -0.278065 0.934011
0.261198 -0.869870 -0.418453
-0.577631 -0.463634 -0.671853
-0.979041 -0.194423 0.060641
-0.610335 -0.699720 -0.371326
-0.960053 -0.092684 -0.264022
-0.199150 -0.444226 -0.873500
-0.000385 -0.563660 -0.826007
0.943600 0.330410 -0.021170
0.005203 0.483956 0.875077
0.698283 0.520254 0.491667
-0.694738 0.523220 0.493538
-0.218355 -0.278449 0.935301
98
0 0 1 2 0 1 2 1
0 3 4 5 3 4 5 1
0 6 7 8 6 7 8 1
0 9 10 11 9 10 11 1
0 12 13 14 12 13 14 1
0 15 16 17 15 16 17 1
0 18 19 1 18 19 1 1
0 20 21 22 20 21 22 1
0 7 19 18 7 19 18 1
0 8 18 23 8 18 23 1
0 24 23 0 24 23 0 1
0 25 26 27 25 26 27 1
0 28 16 15 28 16 15 1
0 29 12 30 29 12 30 1
0 31 12 29 31 12 29 1
0 32 33 34 32 33 34 1
0 35 36 37 35 36 37 1
0 17 38 15 17 38 15 1
0 15 39 28 15 39 28 1
0 33 32 40 33 32 40 1
0 2 28 39 2 28 39 1
0 39 0 2 39 0 2 1
0 1 0 18 1 0 18 1
0 18 8 7 18 8 7 1
0 41 35 42 41 35 42 1
0 38 17 6 38 17 6 1
0 6 8 38 6 8 38 1
0 43 40 44 43 40 44 1
0 45 11 46 45 11 46 1
0 40 43 33 40 43 33 1
0 47 27 26 47 27 26 1
0 37 42 35 37 42 35 1
0 30 15 38 30 15 38 1
0 30 12 34 30 12 34 1
0 34 12 48 34 12 48 1
0 29 37 36 29 37 36 1
0 36 31 29 36 31 29 1
0 34 48 32 34 48 32 1
0 49 50 51 49 50 51 1
0 44 52 24 44 52 24 1
0 13 12 31 13 12 31 1
0 36 35 13 36 35 13 1
0 31 36 13 31 36 13 1
0 48 12 53 48 12 53 1
0 53 40 32 53 40 32 1
0 53 32 48 53 32 48 1
0 54 53 12 54 53 12 1
0 55 46 11 55 46 11 1
0 25 56 57 25 56 57 1
0 9 45 58 9 45 58 1
0 27 56 25 27 56 25 1
0 57 26 25 57 26 25 1
0 58 10 9 58 10 9 1
0 11 45 9 11 45 9 1
0 59 60 61 59 60 61 1
0 45 46 55 45 46 55 1
0 62 54 12 62 54 12 1
0 27 47 63 27 47 63 1
0 64 21 65 64 21 65 1
0 61 45 55 61 45 55 1
0 45 61 60 45 61 60 1
0 63 47 26 63 47 26 1
0 63 26 66 63 26 66 1
0 66 67 68 66 67 68 1
0 63 68 69 63 68 69 1
0 63 66 68 63 66 68 1
0 67 66 26 67 66 26 1
0 59 61 55 59 61 55 1
0 70 4 3 70 4 3 1
0 70 3 71 70 3 71 1
0 22 21 4 22 21 4 1
0 4 21 64 4 21 64 1
0 71 3 5 71 3 5 1
0 69 59 55 69 59 55 1
0 70 71 72 70 71 72 1
0 73 71 5 73 71 5 1
0 64 5 4 64 5 4 1
0 4 70 22 4 70 22 1
0 12 14 74 12 14 74 1
0 30 43 39 30 43 39 1
0 43 30 34 43 30 34 1
0 42 37 29 42 37 29 1
0 38 42 30 38 42 30 1
0 39 15 30 39 15 30 1
0 29 30 42 29 30 42 1
0 34 33 43 34 33 43 1
0 38 8 41 38 8 41 1
0 42 38 41 42 38 41 1
0 44 0 39 44 0 39 1
0 39 43 44 39 43 44 1
0 8 23 49 8 23 49 1
0 23 18 0 23 18 0 1
0 49 51 8 49 51 8 1
0 0 44 24 0 44 24 1
0 70 72 20 70 72 20 1
0 22 70 20 22 70 20 1
0 65 73 5 65 73 5 1
0 5 64 65 5 64 65 1
"R upper arm" 0 0
14
0 0.470000 -0.100000 -0.110000 0.267578 0.654297 8
0 0.480000 -3.050000 -0.130000 0.267578 0.873047 8
0 0.480000 -3.030000 0.530000 0.267578 0.873047 8
0 -0.230000 -0.690000 -0.100000 0.373047 0.697266 8
0 -0.190000 -3.050000 -0.130000 0.373047 0.873047 8
0 -0.190000 -3.030000 0.530000 0.373047 0.873047 8
0 -0.230000 -0.670000 0.550000 0.373047 0.697266 8
0 0.450000 -0.140000 0.580000 0.267578 0.658203 8
0 -1.260000 2.420000 0.470000 0.255859 0.626953 0
0 -0.280000 -0.010000 0.570000 0.373047 0.642578 8
0 -1.350000 3.190000 0.460000 0.373047 0.626953 0
0 -0.280000 0.080000 -0.150000 0.373047 0.642578 8
0 -1.240000 3.190000 -0.330000 0.373047 0.626953 0
0 -1.170000 2.400000 -0.340000 0.255859 0.626953 0
14
-0.777861 -0.209057 0.592644
-0.440048 -0.010243 0.897916
-0.696472 0.004536 -0.717569
0.703254 0.047429 0.709355
0.894561 0.009480 0.446846
0.706773 0.017972 -0.707212
0.711750 0.039095 -0.701344
-0.646175 -0.191701 -0.738721
-0.774434 -0.497728 0.390536
0.892806 0.172383 -0.416151
0.941013 0.309508 0.136746
0.874417 0.212728 0.436053
0.906975 0.269904 -0.323339
-0.783069 -0.620222 -0.046114
20
0 0 1 2 0 1 2 1
0 3 4 1 3 4 1 1
0 2 5 6 2 5 6 1
0 6 5 4 6 5 4 1
0 0 7 8 0 7 8 1
0 7 9 10 7 9 10 1
0 9 11 12 9 11 12 1
0 11 0 13 11 0 13 1
0 13 12 11 13 12 11 1
0 8 13 0 8 13 0 1
0 10 8 7 10 8 7 1
0 12 10 9 12 10 9 1
0 0 11 3 0 11 3 1
0 3 11 9 3 11 9 1
0 6 9 7 6 9 7 1
0 1 0 3 1 0 3 1
0 2 7 0 2 7 0 1
0 6 7 2 6 7 2 1
0 4 3 6 4 3 6 1
0 9 6 3 9 6 3 1
"R lower arm" 0 0
30
0 -0.210000 -0.610000 0.390000 0.373047 0.919922 3
0 -0.170000 -1.600000 0.350000 0.373047 0.994141 3
0 -0.210000 -0.610000 -0.320000 0.373047 0.923828 3
0 0.440000 -1.600000 -0.320000 0.255859 0.994141 3
0 0.430000 -0.610000 -0.320000 0.255859 0.923828 3
0 -0.170000 -1.590000 -0.320000 0.373047 0.994141 3
0 0.430000 -0.610000 0.390000 0.255859 0.919922 3
0 0.420000 -1.600000 0.360000 0.255859 0.994141 3
0 0.480000 -3.050000 -0.130000 0.255859 0.876953 8
0 -0.190000 -3.050000 -0.130000 0.373047 0.876953 8
0 -0.190000 -3.030000 0.530000 0.373047 0.876953 8
0 0.480000 -3.030000 0.530000 0.255859 0.876953 8
0 -0.820000 -1.990000 -0.810000 0.255859 0.095703 3
0 0.090000 -1.050000 0.010000 0.314453 0.005859 3
0 -0.800000 -1.310000 0.000000 0.255859 0.029297 3
0 -0.820000 -2.000000 0.850000 0.255859 0.095703 3
0 1.000000 -2.000000 0.850000 0.373047 0.095703 3
0 0.090000 -1.120000 0.900000 0.314453 0.009766 3
0 0.090000 -1.120000 0.900000 0.564453 0.126953 3
0 1.000000 -2.000000 0.850000 0.623047 0.126953 3
0 0.110000 -2.280000 0.000000 0.568359 0.185547 3
0 1.000000 -1.990000 -0.810000 0.373047 0.095703 3
0 1.000000 -1.310000 0.010000 0.373047 0.029297 3
0 0.100000 -1.120000 -0.860000 0.314453 0.009766 3
0 0.100000 -1.120000 -0.860000 0.564453 0.244141 3
0 -0.820000 -1.990000 -0.810000 0.505859 0.240234 3
0 -0.800000 -1.310000 0.000000 0.505859 0.185547 3
0 -0.820000 -2.000000 0.850000 0.505859 0.126953 3
0 1.000000 -1.310000 0.010000 0.623047 0.185547 3
0 1.000000 -1.990000 -0.810000 0.623047 0.240234 3
30
0.073471 0.997259 -0.008700
0.894744 0.054255 -0.443271
-0.114107 -0.952820 0.281272
-0.717389 -0.007247 0.696635
-0.990734 -0.133833 -0.023130
0.446733 0.018234 0.894482
0.990398 0.138236 -0.001838
-0.698833 0.025147 -0.714843
0.894698 -0.016368 -0.446372
-0.447129 -0.073247 -0.891465
-0.894523 0.018507 0.446639
0.447017 0.061040 0.892440
0.483699 -0.792429 0.371606
0.000392 -0.999993 0.003671
0.280303 -0.959865 0.009465
0.495864 -0.791295 -0.357731
-0.490555 -0.791747 -0.363994
0.000000 -0.996921 -0.078410
0.004586 0.613040 -0.790038
-0.139553 0.974640 -0.174936
-0.001416 0.999991 0.003930
-0.490961 -0.791952 0.363000
-0.274719 -0.961522 0.002313
-0.005614 -0.996768 0.080135
0.006808 0.595583 0.803265
0.146907 0.972712 0.179582
0.729283 0.684172 -0.007402
0.134487 0.975485 -0.174190
-0.736812 0.676085 -0.003987
-0.146074 0.971385 0.187278
32
0 0 1 2 0 1 2 1
0 3 4 5 3 4 5 1
0 6 7 0 6 7 0 1
0 4 8 9 4 8 9 1
0 8 4 6 8 4 6 1
0 0 10 11 0 10 11 1
0 2 9 10 2 9 10 1
0 11 6 0 11 6 0 1
0 10 0 2 10 0 2 1
0 6 4 7 6 4 7 1
0 6 11 8 6 11 8 1
0 9 2 4 9 2 4 1
0 2 1 5 2 1 5 1
0 5 4 2 5 4 2 1
0 0 7 1 0 7 1 1
0 7 4 3 7 4 3 1
0 12 13 14 12 13 14 1
0 13 15 14 13 15 14 1
0 13 16 17 13 16 17 1
0 15 13 17 15 13 17 1
0 18 19 20 18 19 20 1
0 13 21 22 13 21 22 1
0 13 12 23 13 12 23 1
0 21 13 23 21 13 23 1
0 16 13 22 16 13 22 1
0 24 25 20 24 25 20 1
0 26 27 20 26 27 20 1
0 28 29 20 28 29 20 1
0 20 29 24 20 29 24 1
0 20 25 26 20 25 26 1
0 20 27 18 20 27 18 1
0 20 19 28 20 19 28 1
"L upper arm" 0 0
14
0 -0.470000 -3.030000 0.530000 0.267578 0.873047 15
0 -0.470000 -3.050000 -0.130000 0.267578 0.873047 15
0 -0.460000 -0.100000 -0.110000 0.267578 0.654297 15
0 0.200000 -3.050000 -0.130000 0.373047 0.873047 15
0 0.240000 -0.690000 -0.100000 0.373047 0.697266 15
0 0.240000 -0.670000 0.550000 0.373047 0.697266 15
0 0.200000 -3.030000 0.530000 0.373047 0.873047 15
0 1.270000 2.420000 0.470000 0.255859 0.626953 0
0 -0.440000 -0.140000 0.580000 0.267578 0.658203 15
0 1.360000 3.190000 0.460000 0.373047 0.626953 0
0 0.290000 -0.010000 0.570000 0.373047 0.642578 15
0 1.250000 3.190000 -0.330000 0.373047 0.626953 0
0 0.290000 0.080000 -0.150000 0.373047 0.642578 15
0 1.180000 2.400000 -0.340000 0.255859 0.626953 0
14
0.696472 0.004536 -0.717569
0.440048 -0.010243 0.897916
0.777916 -0.209069 0.592568
-0.894561 0.009481 0.446846
-0.703254 0.047430 0.709355
-0.711750 0.039095 -0.701344
-0.706773 0.017973 -0.707212
0.774550 -0.497795 0.390220
0.646242 -0.191785 -0.738640
-0.941032 0.309456 0.136730
-0.892797 0.172404 -0.416162
-0.907034 0.269981 -0.323110
-0.874426 0.212803 0.435999
0.782805 -0.620521 -0.046579
20
0 0 1 2 0 1 2 1
0 1 3 4 1 3 4 1
0 5 6 0 5 6 0 1
0 3 6 5 3 6 5 1
0 7 8 2 7 8 2 1
0 9 10 8 9 10 8 1
0 11 12 10 11 12 10 1
0 13 2 12 13 2 12 1
0 12 11 13 12 11 13 1
0 2 13 7 2 13 7 1
0 8 7 9 8 7 9 1
0 10 9 11 10 9 11 1
0 4 12 2 4 12 2 1
0 10 12 4 10 12 4 1
0 8 10 5 8 10 5 1
0 4 2 1 4 2 1 1
0 2 8 0 2 8 0 1
0 0 8 5 0 8 5 1
0 5 4 3 5 4 3 1
0 4 5 10 4 5 10 1
"L lower arm" 0 0
30
0 0.220000 -0.610000 -0.320000 0.373047 0.923828 10
0 0.180000 -1.590000 -0.320000 0.373047 0.994141 10
0 0.220000 -0.610000 0.390000 0.373047 0.919922 10
0 -0.430000 -1.600000 -0.320000 0.255859 0.994141 10
0 0.180000 -1.600000 0.350000 0.373047 0.994141 10
0 -0.420000 -0.610000 0.390000 0.255859 0.919922 10
0 0.200000 -3.050000 -0.130000 0.373047 0.876953 15
0 -0.470000 -3.050000 -0.130000 0.255859 0.876953 15
0 -0.420000 -0.610000 -0.320000 0.255859 0.923828 10
0 -0.470000 -3.030000 0.530000 0.255859 0.876953 15
0 0.200000 -3.030000 0.530000 0.373047 0.876953 15
0 -0.410000 -1.600000 0.360000 0.255859 0.994141 10
0 0.810000 -1.310000 0.000000 0.373047 0.029297 10
0 -0.080000 -1.050000 0.010000 0.314453 0.005859 10
0 0.830000 -1.990000 -0.810000 0.373047 0.095703 10
0 0.830000 -2.000000 0.850000 0.373047 0.095703 10
0 -0.080000 -1.120000 0.900000 0.314453 0.009766 10
0 -0.990000 -2.000000 0.850000 0.255859 0.095703 10
0 -0.100000 -2.280000 0.000000 0.560547 0.185547 10
0 -0.990000 -2.000000 0.850000 0.505859 0.126953 10
0 -0.080000 -1.120000 0.900000 0.564453 0.126953 10
0 -0.990000 -1.310000 0.010000 0.255859 0.029297 10
0 -0.990000 -1.990000 -0.810000 0.255859 0.095703 10
0 -0.090000 -1.120000 -0.860000 0.314453 0.009766 10
0 0.830000 -1.990000 -0.810000 0.623047 0.240234 10
0 -0.090000 -1.120000 -0.860000 0.564453 0.244141 10
0 0.830000 -2.000000 0.850000 0.623047 0.126953 10
0 0.810000 -1.310000 0.000000 0.623047 0.185547 10
0 -0.990000 -1.990000 -0.810000 0.505859 0.240234 10
0 -0.990000 -1.310000 0.010000 0.505859 0.185547 10
30
0.705716 -0.037703 0.707490
-0.893583 0.036278 0.447429
-0.698088 0.160221 0.697856
0.712227 0.000316 0.701949
-0.452764 0.049384 -0.890262
-0.016335 0.163159 -0.986465
0.447129 -0.073252 -0.891465
-0.894700 -0.016439 -0.446366
0.000158 -0.144629 -0.989486
-0.447016 0.061034 0.892441
0.894523 0.018575 0.446635
0.690383 0.028879 -0.722867
-0.280303 -0.959865 0.009465
-0.000392 -0.999993 0.003671
-0.483699 -0.792429 0.371606
-0.495864 -0.791295 -0.357731
0.000000 -0.996921 -0.078410
0.490555 -0.791747 -0.363994
0.001416 0.999991 0.003930
0.139553 0.974640 -0.174936
-0.004586 0.613040 -0.790038
0.274719 -0.961522 0.002313
0.490961 -0.791952 0.363000
0.005614 -0.996768 0.080135
-0.146907 0.972712 0.179582
-0.006808 0.595583 0.803265
-0.134487 0.975485 -0.174190
-0.729283 0.684172 -0.007402
0.146074 0.971385 0.187278
0.736812 0.676085 -0.003987
32
0 0 1 2 0 1 2 1
0 1 0 3 1 0 3 1
0 2 4 5 2 4 5 1
0 6 7 8 6 7 8 1
0 5 8 7 5 8 7 1
0 9 10 2 9 10 2 1
0 10 6 0 10 6 0 1
0 2 5 9 2 5 9 1
0 0 2 10 0 2 10 1
0 11 3 5 11 3 5 1
0 7 9 5 7 9 5 1
0 8 0 6 8 0 6 1
0 2 1 4 2 1 4 1
0 3 0 8 3 0 8 1
0 5 4 11 5 4 11 1
0 5 3 8 5 3 8 1
0 12 13 14 12 13 14 1
0 12 15 13 12 15 13 1
0 16 17 13 16 17 13 1
0 16 13 15 16 13 15 1
0 18 19 20 18 19 20 1
0 21 22 13 21 22 13 1
0 23 14 13 23 14 13 1
0 23 13 22 23 13 22 1
0 21 13 17 21 13 17 1
0 18 24 25 18 24 25 1
0 18 26 27 18 26 27 1
0 18 28 29 18 28 29 1
0 25 28 18 25 28 18 1
0 27 24 18 27 24 18 1
0 20 26 18 20 26 18 1
0 29 19 18 29 19 18 1
"Neck" 0 0
17
0 0.000000 3.310000 -0.340000 0.435547 0.123047 0
0 0.360000 3.330000 -0.250000 0.458984 0.123047 0
0 0.250000 1.240000 -0.320000 0.458984 0.005859 9
0 -0.620000 3.430000 0.980000 0.685547 0.244141 0
0 -0.380000 3.430000 0.540000 0.626953 0.244141 0
0 -0.350000 1.350000 0.350000 0.626953 0.126953 9
0 -0.350000 3.330000 -0.250000 0.412109 0.123047 0
0 -0.240000 1.240000 -0.320000 0.412109 0.005859 9
0 -0.350000 1.350000 0.350000 0.380859 0.005859 9
0 0.360000 1.350000 0.350000 0.494141 0.005859 9
0 0.360000 1.350000 0.350000 0.626953 0.126953 9
0 0.390000 3.430000 0.540000 0.626953 0.244141 0
0 0.630000 3.430000 0.980000 0.685547 0.244141 0
0 0.000000 1.560000 0.810000 0.744141 0.126953 9
0 -0.380000 3.430000 0.540000 0.376953 0.123047 0
0 0.390000 3.430000 0.540000 0.494141 0.123047 0
0 0.000000 3.360000 1.550000 0.744141 0.244141 0
17
-0.002212 0.010087 -0.999947
0.886669 -0.015127 -0.462157
0.500485 -0.014892 -0.865617
-0.909025 -0.220334 0.353731
-0.877335 0.031124 -0.478868
-0.767543 -0.570949 0.291368
-0.887483 -0.015255 -0.460587
-0.502754 -0.015042 -0.864299
-0.994995 -0.028973 -0.095631
0.994995 -0.028973 -0.095631
0.764453 -0.572645 0.296124
0.877335 0.031124 -0.478868
0.905879 -0.222462 0.360409
-0.003991 -0.550026 0.835138
-0.999271 -0.011071 -0.036543
0.999271 -0.011071 -0.036543
-0.003971 -0.380320 0.924846
14
0 0 1 2 0 1 2 1
0 3 4 5 3 4 5 1
0 6 7 8 6 7 8 1
0 9 2 1 9 2 1 1
0 10 11 12 10 11 12 1
0 13 5 10 13 5 10 1
0 7 6 0 7 6 0 1
0 0 2 7 0 2 7 1
0 8 14 6 8 14 6 1
0 1 15 9 1 15 9 1
0 13 16 3 13 16 3 1
0 5 13 3 5 13 3 1
0 12 16 13 12 16 13 1
0 12 13 10 12 13 10 1
"Head" 0 0
66
0 0.840000 -0.700000 0.570000 0.744141 0.744141 1
0 0.920000 0.610000 0.720000 0.720703 0.505859 1
0 0.660000 0.210000 0.400000 0.744141 0.658203 1
0 0.000000 1.870000 -0.040000 0.685547 0.255859 1
0 0.000000 1.330000 -0.900000 0.685547 0.373047 1
0 0.570000 1.250000 -0.770000 0.724609 0.373047 1
0 0.830000 1.200000 0.430000 0.744141 0.255859 1
0 0.530000 1.690000 0.180000 0.724609 0.255859 1
0 -0.820000 1.200000 0.430000 0.626953 0.255859 1
0 -0.720000 1.010000 -0.440000 0.634766 0.373047 1
0 -0.560000 1.250000 -0.770000 0.646484 0.373047 1
0 0.850000 0.630000 0.090000 0.744141 0.373047 1
0 0.730000 1.010000 -0.440000 0.736328 0.373047 1
0 0.690000 1.750000 1.230000 0.708984 0.572266 1
0 0.530000 1.690000 0.180000 0.708984 0.505859 1
0 0.830000 1.200000 0.430000 0.728516 0.505859 1
0 -0.680000 1.750000 1.230000 0.541016 0.572266 1
0 0.000000 2.000000 1.240000 0.626953 0.552734 1
0 0.000000 1.520000 1.600000 0.626953 0.583984 1
0 0.000000 2.020000 0.630000 0.626953 0.552734 1
0 -0.520000 1.690000 0.180000 0.541016 0.505859 1
0 0.000000 1.870000 -0.040000 0.623047 0.505859 1
0 -0.650000 0.210000 0.400000 0.638672 0.373047 1
0 -0.840000 0.630000 0.090000 0.626953 0.373047 1
0 0.660000 0.210000 0.400000 0.732422 0.373047 1
0 -0.820000 1.200000 0.430000 0.521484 0.505859 1
0 -0.650000 0.210000 0.400000 0.505859 0.658203 1
0 -0.910000 0.610000 0.720000 0.529297 0.634766 1
0 -0.830000 -0.700000 0.570000 0.505859 0.744141 1
0 -0.520000 1.690000 0.180000 0.646484 0.255859 1
0 -0.600000 -1.310000 1.280000 0.541016 0.744141 1
0 -0.910000 0.610000 0.720000 0.529297 0.505859 1
0 -0.830000 -0.700000 0.570000 0.630859 0.201172 1
0 -0.600000 -1.310000 1.280000 0.634766 0.232422 1
0 0.000000 -1.390000 1.530000 0.650391 0.236328 1
0 0.610000 -1.310000 1.280000 0.708984 0.744141 1
0 0.840000 -0.700000 0.570000 0.666016 0.201172 1
0 0.000000 0.000000 0.590000 0.650391 0.154297 1
0 0.000000 -1.390000 1.530000 0.626953 0.744141 1
0 0.610000 -1.310000 1.280000 0.662109 0.232422 1
0 -0.650000 0.210000 0.400000 0.634766 0.138672 1
0 0.660000 0.210000 0.400000 0.662109 0.138672 1
0 -0.880000 0.210000 0.100000 0.341797 0.126953 1
0 -0.820000 0.230000 0.140000 0.349609 0.244141 1
0 -0.880000 -0.020000 0.140000 0.279297 0.244141 1
0 -0.930000 0.000000 0.100000 0.287109 0.126953 1
0 -0.850000 0.300000 -0.060000 0.365234 0.126953 1
0 -0.860000 0.210000 -0.250000 0.341797 0.126953 1
0 -0.800000 0.220000 -0.280000 0.349609 0.244141 1
0 -0.780000 0.330000 -0.060000 0.373047 0.244141 1
0 -0.940000 -0.080000 -0.060000 0.263672 0.126953 1
0 -0.890000 -0.130000 -0.060000 0.255859 0.244141 1
0 -0.910000 0.000000 -0.250000 0.287109 0.126953 1
0 -0.860000 -0.030000 -0.280000 0.279297 0.244141 1
0 0.890000 -0.020000 0.140000 0.279297 0.244141 1
0 0.830000 0.230000 0.140000 0.349609 0.244141 1
0 0.890000 0.210000 0.100000 0.341797 0.126953 1
0 0.940000 0.000000 0.100000 0.287109 0.126953 1
0 0.810000 0.220000 -0.280000 0.349609 0.244141 1
0 0.870000 0.210000 -0.250000 0.341797 0.126953 1
0 0.860000 0.300000 -0.060000 0.365234 0.126953 1
0 0.790000 0.330000 -0.060000 0.373047 0.244141 1
0 0.950000 -0.080000 -0.060000 0.263672 0.126953 1
0 0.900000 -0.130000 -0.060000 0.255859 0.244141 1
0 0.870000 -0.030000 -0.280000 0.279297 0.244141 1
0 0.920000 0.000000 -0.250000 0.287109 0.126953 1
65
-0.972086 0.032762 0.232326
-0.995054 0.006236 0.099144
-0.805112 0.050551 0.590965
0.002835 -0.881969 0.471300
0.002025 -0.846888 0.531767
-0.666327 -0.666105 0.335130
-0.978972 -0.199822 0.041038
-0.687283 -0.669731 0.281253
0.978972 -0.199822 0.041038
0.957204 -0.239592 0.162348
0.668481 -0.664410 0.334205
-0.994219 0.027091 -0.103900
-0.957204 -0.239592 0.162348
-0.764623 -0.545291 -0.343524
-0.599424 -0.782657 0.167748
-0.958230 -0.177891 0.223943
0.766644 -0.543328 -0.342130
0.002183 -0.882878 -0.469597
0.002638 -0.213508 -0.976938
0.003060 -0.994371 0.105910
0.603120 -0.779838 0.167629
0.003435 -0.975837 0.218471
0.925758 0.169215 -0.338141
0.994219 0.027091 -0.103900
-0.925758 0.169215 -0.338141
0.958230 -0.177891 0.223943
0.805112 0.050551 0.590965
0.972086 0.032762 0.232326
0.689960 -0.667462 0.280089
0.739582 0.033331 -0.672240
0.968252 -0.024690 -0.248754
-0.107433 0.468935 0.876675
-0.185632 0.714791 0.674251
-0.001098 0.757632 0.652681
-0.737550 0.033335 -0.674469
0.105776 0.469084 0.876796
-0.000958 0.139466 0.990226
0.002932 0.024048 -0.999707
0.182381 0.715802 0.674066
-0.207836 0.219197 0.953287
0.205025 0.218773 0.953993
0.553158 -0.534040 -0.639388
0.585834 -0.528214 -0.614644
0.677796 0.302966 -0.669929
0.666595 0.320145 -0.673171
0.381108 -0.914727 0.134282
0.446351 -0.542018 0.712030
0.453276 -0.538147 0.710590
0.430291 -0.895052 -0.117180
0.679590 0.719409 -0.143554
0.694650 0.706483 0.135436
0.624947 0.311635 0.715769
0.620090 0.314943 0.718540
-0.677796 0.302966 -0.669929
-0.585834 -0.528214 -0.614645
-0.553158 -0.534040 -0.639388
-0.666595 0.320145 -0.673171
-0.453276 -0.538147 0.710590
-0.446351 -0.542018 0.712030
-0.381108 -0.914727 0.134282
-0.430291 -0.895052 -0.117180
-0.679590 0.719409 -0.143554
-0.694650 0.706483 0.135436
-0.620090 0.314943 0.718540
-0.624947 0.311635 0.715769
66
0 0 1 2 0 1 2 1
0 3 4 5 3 4 5 1
0 6 7 5 6 7 5 1
0 8 9 10 8 9 10 1
0 11 6 12 11 6 12 1
0 13 14 15 13 14 15 1
0 16 17 18 16 17 18 1
0 13 18 17 13 18 17 1
0 14 13 19 14 13 19 1
0 20 21 19 20 21 19 1
0 22 23 8 22 23 8 1
0 9 8 23 9 8 23 1
0 10 4 3 10 4 3 1
0 6 11 24 6 11 24 1
0 19 21 14 19 21 14 1
0 19 16 20 19 16 20 1
0 17 19 13 17 19 13 1
0 16 19 17 16 19 17 1
0 25 20 16 25 20 16 1
0 26 27 28 26 26 27 1
0 3 29 10 3 28 10 1
0 5 7 3 5 7 3 1
0 13 15 1 13 15 1 1
0 30 28 31 29 27 30 1
0 32 33 34 31 32 33 1
0 10 29 8 10 28 8 1
0 5 12 6 5 12 6 1
0 2 1 15 2 1 15 1
0 25 27 26 25 26 26 1
0 1 0 35 1 0 34 1
0 31 25 16 30 25 16 1
0 36 37 32 35 36 31 1
0 18 38 30 18 37 29 1
0 30 16 18 29 16 18 1
0 35 38 18 34 37 18 1
0 35 18 13 34 18 13 1
0 34 39 36 33 38 35 1
0 36 32 34 35 31 33 1
0 35 13 1 34 13 1 1
0 31 16 30 30 16 29 1
0 32 37 40 31 36 39 1
0 41 37 36 40 36 35 1
0 42 43 44 41 42 43 1
0 42 44 45 41 43 44 1
0 46 47 48 45 46 47 1
0 46 48 49 45 47 48 1
0 42 46 49 41 45 48 1
0 42 49 43 41 48 42 1
0 50 45 44 49 44 43 1
0 50 44 51 49 43 50 1
0 52 53 48 51 52 47 1
0 52 48 47 51 47 46 1
0 52 50 51 51 49 50 1
0 52 51 53 51 50 52 1
0 54 55 56 53 54 55 1
0 57 54 56 56 53 55 1
0 58 59 60 57 58 59 1
0 61 58 60 60 57 59 1
0 61 60 56 60 59 55 1
0 55 61 56 54 60 55 1
0 54 57 62 53 56 61 1
0 63 54 62 62 53 61 1
0 58 64 65 57 63 64 1
0 59 58 65 58 57 64 1
0 63 62 65 62 61 64 1
0 64 63 65 63 62 64 1
"Face" 0 1
39
0 -0.590000 -0.110000 -0.380000 0.460936 0.773436 1
0 -0.400000 -0.310000 0.000000 0.695312 0.882812 1
0 -0.230000 -0.460000 -0.670000 0.195312 0.960936 1
0 -0.740000 0.170000 -0.130000 0.570312 0.617188 1
0 0.410000 -0.310000 0.000000 0.695312 0.882812 1
0 0.660000 0.210000 0.400000 0.757812 0.601564 1
0 0.750000 0.170000 -0.130000 0.570312 0.617188 1
0 0.000000 0.000000 0.590000 0.976564 0.710936 1
0 0.850000 0.630000 0.090000 0.632812 0.382812 1
0 0.960000 0.470000 0.150000 0.632812 0.460936 1
0 -0.950000 0.470000 0.150000 0.632812 0.460936 1
0 -0.840000 0.630000 0.090000 0.632812 0.382812 1
0 -0.770000 0.410000 -0.120000 0.570312 0.492188 1
0 -0.650000 0.210000 0.400000 0.757812 0.601564 1
0 0.000000 0.770000 -1.090000 0.023436 0.304688 1
0 0.000000 0.430000 -1.030000 0.023436 0.492188 1
0 0.600000 0.440000 -0.710000 0.320312 0.476564 1
0 -0.590000 0.440000 -0.710000 0.320312 0.476564 1
0 0.780000 0.410000 -0.120000 0.570312 0.492188 1
0 -0.620000 0.760000 -0.810000 0.289064 0.320312 1
0 -0.590000 0.180000 -0.840000 0.273436 0.617188 1
0 0.600000 0.180000 -0.840000 0.273436 0.617188 1
0 0.630000 0.760000 -0.810000 0.289064 0.320312 1
0 -0.170000 0.170000 -1.030000 0.085936 0.617188 1
0 -0.220000 -0.380000 -0.800000 0.148436 0.914064 1
0 0.000000 0.270000 -1.200000 0.023436 0.570312 1
0 0.180000 0.170000 -1.030000 0.085936 0.617188 1
0 0.000000 0.180000 -1.200000 0.023436 0.617188 1
0 0.000000 0.100000 -1.090000 0.023436 0.648436 1
0 0.000000 -0.440000 -0.850000 0.023436 0.945312 1
0 0.240000 -0.460000 -0.670000 0.195312 0.960936 1
0 0.000000 -0.520000 -0.700000 0.023436 0.976564 1
0 0.600000 -0.110000 -0.380000 0.460936 0.773436 1
0 0.230000 -0.380000 -0.800000 0.148436 0.914064 1
0 0.570000 1.250000 -0.770000 0.289064 0.054688 1
0 0.000000 1.330000 -0.900000 0.023436 0.023436 1
0 -0.560000 1.250000 -0.770000 0.289064 0.054688 1
0 0.730000 1.010000 -0.440000 0.445312 0.195312 1
0 -0.720000 1.010000 -0.440000 0.445312 0.195312 1
39
0.826479 0.538080 0.165538
0.524928 0.808344 -0.266516
0.504281 0.823838 0.258826
0.911421 0.408534 -0.049106
-0.523131 0.809089 -0.267783
-0.768842 0.533670 -0.352248
-0.911421 0.408534 -0.049106
0.000320 0.847414 -0.530932
-0.992474 0.118647 -0.030309
-0.917015 -0.029161 0.397786
0.917015 -0.029161 0.397786
0.992474 0.118647 -0.030309
0.936529 0.004310 0.350564
0.769898 0.533133 -0.350750
0.002942 0.007562 0.999967
0.005207 -0.316520 0.948571
-0.710543 0.021590 0.703322
0.713336 0.021663 0.700487
-0.936529 0.004310 0.350564
0.806869 0.059001 0.587777
0.801765 0.080731 0.592162
-0.801534 0.078334 0.592796
-0.805543 0.059224 0.589571
0.550790 0.159718 0.819220
0.554279 0.535732 0.636997
0.015535 -0.385617 0.922528
-0.536889 0.157801 0.828764
0.014446 0.500620 0.865547
0.011828 0.626773 0.779112
0.007769 0.659729 0.751463
-0.498091 0.827412 0.259412
0.003004 0.999623 -0.027295
-0.826479 0.538080 0.165538
-0.549838 0.537969 0.638959
-0.576811 -0.209756 0.789488
0.002180 -0.321296 0.946976
0.579726 -0.209580 0.787397
-0.959476 -0.013408 0.281470
0.959476 -0.013408 0.281470
66
0 0 1 2 0 1 2 1
0 1 0 3 1 0 3 1
0 4 5 6 4 5 6 1
0 5 4 7 5 4 7 1
0 6 8 9 6 8 9 1
0 3 10 11 3 10 11 1
0 10 3 12 10 3 12 1
0 13 7 1 13 7 1 1
0 14 15 16 14 15 16 1
0 17 15 14 17 15 14 1
0 9 18 6 9 18 6 1
0 17 14 19 17 14 19 1
0 17 12 20 17 12 20 1
0 20 12 3 20 12 3 1
0 18 21 6 18 21 6 1
0 16 22 14 16 22 14 1
0 23 20 24 23 20 24 1
0 12 11 10 12 11 10 1
0 15 25 26 15 25 26 1
0 26 27 28 26 27 28 1
0 27 23 28 27 23 28 1
0 26 28 29 26 28 29 1
0 30 29 31 30 29 31 1
0 1 7 31 1 7 31 1
0 24 20 0 24 20 0 1
0 32 30 4 32 30 4 1
0 33 30 32 33 30 32 1
0 34 35 14 34 35 14 1
0 14 35 36 14 35 36 1
0 16 18 22 16 18 22 1
0 21 18 16 21 18 16 1
0 19 12 17 19 12 17 1
0 25 27 26 25 27 26 1
0 23 27 25 23 27 25 1
0 31 4 30 31 4 30 1
0 2 1 31 2 1 31 1
0 31 29 2 31 29 2 1
0 29 33 26 29 33 26 1
0 23 24 29 23 24 29 1
0 24 2 29 24 2 29 1
0 29 30 33 29 30 33 1
0 31 7 4 31 7 4 1
0 29 28 23 29 28 23 1
0 33 21 26 33 21 26 1
0 0 2 24 0 2 24 1
0 32 21 33 32 21 33 1
0 3 0 20 3 0 20 1
0 21 32 6 21 32 6 1
0 20 23 15 20 23 15 1
0 15 26 21 15 26 21 1
0 23 25 15 23 25 15 1
0 9 8 18 9 8 18 1
0 37 18 8 37 18 8 1
0 11 12 38 11 12 38 1
0 12 19 38 12 19 38 1
0 11 13 3 11 13 3 1
0 6 5 8 6 5 8 1
0 34 22 37 34 22 37 1
0 21 16 15 21 16 15 1
0 15 17 20 15 17 20 1
0 37 22 18 37 22 18 1
0 38 19 36 38 19 36 1
0 3 13 1 3 13 1 1
0 6 32 4 6 32 4 1
0 36 19 14 36 19 14 1
0 14 22 34 14 22 34 1
"R hand" 0 0
25
0 0.490000 -0.680000 -0.710000 0.470703 0.181641 5
0 0.490000 -0.680000 -0.410000 0.470703 0.181641 5
0 0.370000 0.000000 0.320000 0.458984 0.150391 5
0 0.370000 0.000000 -0.240000 0.458984 0.150391 5
0 0.140000 -0.790000 -0.710000 0.439453 0.189453 5
0 -0.160000 0.000000 -0.240000 0.408203 0.150391 5
0 0.030000 -1.360000 0.460000 0.427734 0.216797 5
0 0.260000 -1.650000 0.400000 0.451172 0.228516 5
0 -0.180000 -1.470000 0.460000 0.404297 0.220703 5
0 -0.160000 0.000000 0.320000 0.408203 0.150391 5
0 -0.350000 -1.020000 0.520000 0.388672 0.201172 5
0 0.090000 -1.760000 -0.410000 0.431641 0.232422 5
0 0.090000 -1.760000 0.400000 0.431641 0.232422 5
0 0.260000 -1.650000 -0.410000 0.451172 0.228516 5
0 0.080000 0.220000 0.000000 0.431641 0.142578 5
0 0.320000 -1.360000 -0.710000 0.455078 0.216797 5
0 0.320000 -1.360000 -0.410000 0.455078 0.216797 5
0 0.490000 -1.360000 -0.710000 0.470703 0.216797 5
0 -0.120000 -0.900000 -0.530000 0.408203 0.193359 5
0 -0.350000 -1.020000 -0.530000 0.388672 0.201172 5
0 0.140000 -0.790000 -0.410000 0.439453 0.189453 5
0 0.490000 -1.360000 -0.410000 0.470703 0.216797 5
0 -0.180000 -1.470000 -0.470000 0.404297 0.220703 5
0 0.030000 -1.360000 -0.470000 0.427734 0.216797 5
0 -0.120000 -0.900000 0.520000 0.408203 0.193359 5
25
-0.783846 -0.282993 0.552720
-0.627460 0.148655 -0.764327
-0.811854 -0.233053 -0.535332
-0.503759 -0.721547 0.474970
0.232621 0.363284 0.902171
0.557725 -0.530801 0.638117
-0.646148 -0.283272 -0.708696
-0.589450 0.194520 -0.784034
0.568362 0.421590 -0.706559
0.469948 -0.577102 -0.667909
0.699880 -0.000667 -0.714260
0.011003 0.672215 0.740274
0.088418 0.950922 -0.296528
-0.923267 0.192448 0.332478
0.023029 -0.999113 0.035250
0.710535 0.596941 0.372561
0.298512 0.720352 -0.626085
-0.333333 0.666667 0.666667
-0.182172 0.084711 0.979611
0.832537 0.095190 0.545730
0.128038 0.809579 -0.572877
-0.816497 0.408248 -0.408248
0.520870 0.488591 0.699981
-0.684744 -0.202572 0.700065
-0.717159 0.273995 -0.640789
46
0 0 1 2 0 1 2 1
0 3 0 2 3 0 2 1
0 4 0 5 4 0 5 1
0 6 7 8 6 7 8 1
0 9 10 5 9 10 5 1
0 11 12 13 11 12 13 1
0 8 10 6 8 10 6 1
0 5 14 9 5 14 9 1
0 15 16 17 15 16 17 1
0 18 5 19 18 5 19 1
0 3 2 14 3 2 14 1
0 2 9 14 2 9 14 1
0 5 3 14 5 3 14 1
0 2 1 20 2 1 20 1
0 21 16 1 21 16 1 1
0 22 19 8 22 19 8 1
0 16 15 20 16 15 20 1
0 22 11 23 22 11 23 1
0 15 17 4 15 17 4 1
0 23 18 22 23 18 22 1
0 18 4 5 18 4 5 1
0 8 12 22 8 12 22 1
0 18 19 22 18 19 22 1
0 1 0 21 1 0 21 1
0 10 9 24 10 9 24 1
0 0 3 5 0 3 5 1
0 24 2 20 24 2 20 1
0 23 13 6 23 13 6 1
0 9 2 24 9 2 24 1
0 20 4 24 20 4 24 1
0 18 23 24 18 23 24 1
0 8 7 12 8 7 12 1
0 5 10 19 5 10 19 1
0 13 12 7 13 12 7 1
0 6 10 24 6 10 24 1
0 17 16 21 17 16 21 1
0 1 16 20 1 16 20 1
0 8 19 10 8 19 10 1
0 20 15 4 20 15 4 1
0 23 11 13 23 11 13 1
0 4 17 0 4 17 0 1
0 22 12 11 22 12 11 1
0 21 0 17 21 0 17 1
0 6 13 7 6 13 7 1
0 24 4 18 24 4 18 1
0 24 23 6 24 23 6 1
"L hand" 0 0
25
0 -0.360000 0.000000 0.320000 0.458984 0.150391 12
0 -0.480000 -0.680000 -0.410000 0.470703 0.181641 12
0 -0.480000 -0.680000 -0.710000 0.470703 0.181641 12
0 -0.360000 0.000000 -0.240000 0.458984 0.150391 12
0 0.170000 0.000000 -0.240000 0.408203 0.150391 12
0 -0.130000 -0.790000 -0.710000 0.439453 0.189453 12
0 0.190000 -1.470000 0.460000 0.404297 0.220703 12
0 -0.080000 -1.760000 0.400000 0.431641 0.232422 12
0 -0.020000 -1.360000 0.460000 0.427734 0.216797 12
0 0.360000 -1.020000 -0.530000 0.388672 0.201172 12
0 0.170000 0.000000 0.320000 0.408203 0.150391 12
0 -0.250000 -1.650000 -0.410000 0.451172 0.228516 12
0 -0.250000 -1.650000 0.400000 0.451172 0.228516 12
0 -0.080000 -1.760000 -0.410000 0.431641 0.232422 12
0 0.130000 -0.900000 0.520000 0.408203 0.193359 12
0 -0.070000 0.220000 0.000000 0.431641 0.142578 12
0 -0.480000 -1.360000 -0.710000 0.470703 0.216797 12
0 -0.480000 -1.360000 -0.410000 0.470703 0.216797 12
0 -0.310000 -1.360000 -0.710000 0.455078 0.216797 12
0 0.130000 -0.900000 -0.530000 0.408203 0.193359 12
0 -0.130000 -0.790000 -0.410000 0.439453 0.189453 12
0 0.360000 -1.020000 0.520000 0.388672 0.201172 12
0 0.190000 -1.470000 -0.470000 0.404297 0.220703 12
0 -0.310000 -1.360000 -0.410000 0.455078 0.216797 12
0 -0.020000 -1.360000 -0.470000 0.427734 0.216797 12
25
0.811854 -0.233053 -0.535332
0.876071 0.142764 -0.460563
0.581972 -0.284521 0.761811
0.503759 -0.721547 0.474970
-0.445153 -0.553724 0.703725
-0.636451 0.235170 0.734592
-0.520870 0.488591 -0.699981
-0.011003 0.672215 -0.740274
0.684744 -0.202572 -0.700065
-0.839018 -0.055702 0.541245
-0.624141 -0.534184 -0.570171
0.589450 0.194520 0.784034
0.923267 0.192448 -0.332478
-0.088418 0.950922 0.296528
0.467187 0.176286 -0.866406
-0.023029 -0.999113 0.035250
0.816497 0.408248 0.408248
0.333333 0.666667 -0.666667
-0.298512 0.720352 0.626085
0.470418 0.215882 0.855629
0.207214 0.734756 -0.645907
-0.822665 0.119798 -0.555762
-0.469218 0.378954 0.797639
-0.710535 0.596941 -0.372561
0.746011 -0.365258 0.556825
46
0 0 1 2 0 1 2 1
0 0 2 3 0 2 3 1
0 4 2 5 4 2 5 1
0 6 7 8 6 7 8 1
0 4 9 10 4 9 10 1
0 11 12 13 11 12 13 1
0 8 14 6 8 14 6 1
0 10 15 4 10 15 4 1
0 16 17 18 16 17 18 1
0 9 4 19 9 4 19 1
0 15 0 3 15 0 3 1
0 15 10 0 15 10 0 1
0 15 3 4 15 3 4 1
0 20 1 0 20 1 0 1
0 1 20 17 1 20 17 1
0 6 21 22 6 21 22 1
0 20 5 23 20 5 23 1
0 24 11 22 24 11 22 1
0 5 2 18 5 2 18 1
0 22 19 24 22 19 24 1
0 4 5 19 4 5 19 1
0 22 13 6 22 13 6 1
0 22 9 19 22 9 19 1
0 17 16 1 17 16 1 1
0 14 10 21 14 10 21 1
0 4 3 2 4 3 2 1
0 20 0 14 20 0 14 1
0 8 12 24 8 12 24 1
0 14 0 10 14 0 10 1
0 14 19 20 14 19 20 1
0 14 8 19 14 8 19 1
0 8 7 12 8 7 12 1
0 10 9 21 10 9 21 1
0 13 12 7 13 12 7 1
0 6 14 21 6 14 21 1
0 18 17 23 18 17 23 1
0 17 20 23 17 20 23 1
0 22 21 9 22 21 9 1
0 23 5 18 23 5 18 1
0 22 11 13 22 11 13 1
0 18 2 16 18 2 16 1
0 6 13 7 6 13 7 1
0 1 16 2 1 16 2 1
0 24 12 11 24 12 11 1
0 20 19 5 20 19 5 1
0 19 8 24 19 8 24 1

Materials: 2
"Vram"
0.200000 0.200000 0.200000 1.000000
0.800000 0.800000 0.800000 1.000000
0.000000 0.000000 0.000000 1.000000
1.000000 1.000000 1.000000 1.000000
0.000000
1.000000
".\janet.bmp"
""
"Face"
0.200000 0.200000 0.200000 1.000000
0.800000 0.800000 0.800000 1.000000
0.000000 0.000000 0.000000 1.000000
1.000000 1.000000 1.000000 1.000000
0.000000
1.000000
".\face.ini"
""

Bones: 16
"torso"
""
8 0.000000 0.000000 0.000000 0.000000 0.000000 0.000000
0
0
"head"
""
8 0.000000 0.000000 0.000000 0.000000 0.000000 0.000000
0
0
"pelvis"
""
8 0.000000 0.000000 0.000000 0.000000 0.000000 0.000000
0
0
"r lower arm"
""
8 0.000000 0.000000 0.000000 0.000000 0.000000 0.000000
0
0
"r foot"
""
8 0.000000 0.000000 0.000000 0.000000 0.000000 0.000000
0
0
"r hand"
""
8 0.000000 0.000000 0.000000 0.000000 0.000000 0.000000
0
0
"r leg"
""
8 0.000000 0.000000 0.000000 0.000000 0.000000 0.000000
0
0
"r thigh"
""
8 0.000000 0.000000 0.000000 0.000000 0.000000 0.000000
0
0
"r upper arm"
""
8 0.000000 0.000000 0.000000 0.000000 0.000000 0.000000
0
0
"neck"
""
8 0.000000 0.000000 0.000000 0.000000 0.000000 0.000000
0
0
"l lower arm"
""
8 0.000000 0.000000 0.000000 0.000000 0.000000 0.000000
0
0
"l foot"
""
8 0.000000 0.000000 0.000000 0.000000 0.000000 0.000000
0
0
"l hand"
""
8 0.000000 0.000000 0.000000 0.000000 0.000000 0.000000
0
0
"l leg"
""
8 0.000000 0.000000 0.000000 0.000000 0.000000 0.000000
0
0
"l thigh"
""
8 0.000000 0.000000 0.000000 0.000000 0.000000 0.000000
0
0
"l upper arm"
""
8 0.000000 0.000000 0.000000 0.000000 0.000000 0.000000
0
0
