// MilkShape 3D ASCII

Frames: 1
Frame: 1

Meshes: 10
"Mesh0" 0 0
28
0 0.603540 -1.180953 0.471138 0.000000 0.000000 1
0 0.547886 -0.037581 -0.014841 0.000000 0.000000 1
0 0.772730 -0.297098 0.099683 0.000000 0.000000 1
0 -0.547887 -0.037581 -0.014841 0.000000 0.000000 1
0 -0.603540 -1.180953 0.471138 0.000000 0.000000 1
0 0.822375 0.231455 0.082625 0.000000 0.000000 1
0 0.655826 0.057054 0.648633 0.000000 0.000000 1
0 0.672004 -0.959228 0.940353 0.000000 0.000000 1
0 0.889358 -1.035181 -0.071561 0.000000 0.000000 1
0 -0.672004 -0.959227 0.940353 0.000000 0.000000 1
0 -0.000001 -0.969521 0.534554 0.000000 0.000000 1
0 -0.000001 -0.832553 1.269737 0.000000 0.000000 1
0 -0.889358 -1.035181 -0.071561 0.000000 0.000000 1
0 -0.000001 -0.419382 0.256508 0.000000 0.000000 1
0 -0.000001 0.011952 0.956728 0.000000 0.000000 1
0 -0.688711 0.267983 -0.192966 0.000000 0.000000 1
0 -0.642000 0.278708 -0.316289 0.000000 0.000000 1
0 -0.630569 -0.067673 -0.270608 0.000000 0.000000 1
0 0.630567 -0.067674 -0.270608 0.000000 0.000000 1
0 -0.545086 0.529595 -0.782269 0.000000 0.000000 1
0 0.822375 0.231455 0.082625 0.000000 0.000000 1
0 -0.822376 0.231456 0.082625 0.000000 0.000000 1
0 -0.822376 0.231456 0.082625 0.000000 0.000000 1
0 -0.772731 -0.297097 0.099683 0.000000 0.000000 1
0 -0.655826 0.057054 0.648632 0.000000 0.000000 1
0 0.688711 0.267983 -0.192965 0.000000 0.000000 1
0 0.642000 0.278708 -0.316289 0.000000 0.000000 1
0 0.545086 0.529595 -0.782269 0.000000 0.000000 1
28
-0.231605 -0.858504 -0.457527
0.573455 -0.816283 -0.069502
0.789032 -0.135303 -0.599268
-0.573492 -0.816258 -0.069504
0.231605 -0.858503 -0.457527
0.666347 -0.693422 -0.274130
0.699149 -0.579217 0.419163
0.732368 -0.440370 0.519338
0.849781 -0.513095 -0.120856
-0.732368 -0.440370 0.519338
0.000000 -0.997503 0.070627
-0.000001 -0.011323 0.999936
-0.849781 -0.513094 -0.120856
0.000015 -0.991116 -0.132999
-0.000001 -0.459570 0.888142
-0.883576 -0.224160 -0.411152
-0.949377 -0.144526 -0.278920
-0.916330 -0.369382 -0.154582
0.916329 -0.369386 -0.154581
-0.531816 -0.664727 -0.524699
0.666347 -0.693422 -0.274130
-0.666348 -0.693421 -0.274130
-0.666348 -0.693421 -0.274130
-0.789031 -0.135303 -0.599268
-0.699150 -0.579217 0.419162
0.883574 -0.224163 -0.411153
0.949377 -0.144530 -0.278918
0.531663 -0.664630 -0.524977
32
0 22 24 23 22 24 23 1
0 25 27 26 25 27 26 1
0 0 2 1 0 2 1 1
0 23 4 3 23 4 3 1
0 5 1 2 5 1 2 1
0 3 22 23 3 22 23 1
0 6 5 2 6 5 2 1
0 7 2 8 7 2 8 1
0 9 23 24 9 23 24 1
0 10 7 0 10 7 0 1
0 9 10 4 9 10 4 1
0 10 9 11 10 9 11 1
0 2 7 6 2 7 6 1
0 23 9 12 23 9 12 1
0 0 1 13 0 1 13 1
0 3 4 13 3 4 13 1
0 0 7 8 0 7 8 1
0 0 13 10 0 13 10 1
0 6 7 11 6 7 11 1
0 24 14 11 24 14 11 1
0 9 24 11 9 24 11 1
0 7 10 11 7 10 11 1
0 9 4 12 9 4 12 1
0 13 4 10 13 4 10 1
0 2 0 8 2 0 8 1
0 4 23 12 4 23 12 1
0 14 6 11 14 6 11 1
0 15 17 16 15 17 16 1
0 18 25 26 18 25 26 1
0 19 15 16 19 15 16 1
0 27 25 20 27 25 20 1
0 15 19 21 15 19 21 1
"Mesh1" 0 1
0
0
0
"Mesh2" 0 2
60
0 0.000000 -1.606001 -0.530308 0.000000 0.000000 2
0 -0.308694 -1.483333 -0.666151 0.000000 0.000000 2
0 -0.733841 -0.804899 1.268170 0.000000 0.000000 2
0 -1.117407 -0.883333 0.983813 0.000000 0.000000 2
0 -0.261734 -1.633333 0.983813 0.000000 0.000000 2
0 0.000001 -1.159999 0.959847 0.000000 0.000000 2
0 0.000000 -1.683330 0.187990 0.000000 0.000000 2
0 0.000000 -0.318669 1.254512 0.000000 0.000000 2
0 0.308694 -1.483333 -0.666151 0.000000 0.000000 2
0 0.261734 -1.633333 0.983813 0.000000 0.000000 2
0 1.117407 -0.883333 0.983814 0.000000 0.000000 2
0 0.733841 -0.804899 1.268170 0.000000 0.000000 2
0 -0.150000 -1.733330 0.187990 0.000000 0.000000 2
0 0.150000 -1.733330 0.187990 0.000000 0.000000 2
0 0.000000 -0.495799 -0.771094 0.000000 0.000000 2
0 0.632461 -0.744716 -0.702734 0.000000 0.000000 2
0 -0.730356 -0.767766 -0.692154 0.000000 0.000000 2
0 0.000000 -1.457104 -0.738803 0.000000 0.000000 2
0 -0.428473 -1.091765 0.661721 0.000000 0.000000 6
0 -0.264712 -3.508864 -0.476050 0.000000 0.000000 6
0 -0.727923 -0.991765 0.020661 0.000000 0.000000 6
0 -0.328473 -0.391766 -0.470398 0.000000 0.000000 6
0 -0.480752 -3.508864 -0.075479 0.000000 0.000000 6
0 -0.247448 -3.508864 0.325092 0.000000 0.000000 6
0 0.147448 -3.508864 0.325092 0.000000 0.000000 6
0 0.145420 -2.467980 0.432182 0.000000 0.000000 6
0 0.410641 -0.534297 0.020662 0.000000 0.000000 6
0 0.524526 -1.441765 0.020662 0.000000 0.000000 6
0 0.225076 -0.641766 -0.470398 0.000000 0.000000 6
0 0.225076 -1.291765 0.661721 0.000000 0.000000 6
0 0.333589 -2.437584 -0.055920 0.000000 0.000000 6
0 0.380752 -3.508864 -0.075479 0.000000 0.000000 6
0 0.147448 -3.508864 -0.476050 0.000000 0.000000 6
0 -0.466180 -4.028666 -0.044769 0.000000 0.000000 7
0 0.612784 -4.028666 -0.044768 0.000000 0.000000 7
0 0.344205 -4.028666 0.485357 0.000000 0.000000 7
0 -0.197601 -4.028666 -0.674894 0.000000 0.000000 7
0 0.344205 -4.028666 -0.674894 0.000000 0.000000 7
0 -0.197601 -4.028666 0.485357 0.000000 0.000000 7
0 0.264712 -3.508864 -0.476050 0.000000 0.000000 13
0 0.727923 -0.991765 0.020662 0.000000 0.000000 13
0 0.328473 -0.391766 -0.470398 0.000000 0.000000 13
0 0.247448 -3.508864 0.325092 0.000000 0.000000 13
0 0.480752 -3.508864 -0.075479 0.000000 0.000000 13
0 -0.145420 -2.467980 0.432182 0.000000 0.000000 13
0 -0.147448 -3.508864 0.325092 0.000000 0.000000 13
0 -0.225076 -0.641766 -0.470398 0.000000 0.000000 13
0 -0.524526 -1.441765 0.020661 0.000000 0.000000 13
0 -0.410641 -0.534297 0.020661 0.000000 0.000000 13
0 -0.225076 -1.291765 0.661721 0.000000 0.000000 13
0 -0.147448 -3.508864 -0.476050 0.000000 0.000000 13
0 -0.380752 -3.508864 -0.075479 0.000000 0.000000 13
0 -0.333589 -2.437584 -0.055920 0.000000 0.000000 13
0 0.428473 -1.091765 0.661721 0.000000 0.000000 13
0 0.197601 -4.028666 -0.674894 0.000000 0.000000 14
0 -0.344205 -4.028666 -0.674894 0.000000 0.000000 14
0 0.466180 -4.028666 -0.044768 0.000000 0.000000 14
0 0.197601 -4.028666 0.485357 0.000000 0.000000 14
0 -0.344205 -4.028666 0.485357 0.000000 0.000000 14
0 -0.612784 -4.028666 -0.044769 0.000000 0.000000 14
60
0.000000 -0.932004 -0.362448
0.044420 -0.417559 -0.841348
-0.158868 -0.069191 0.984873
-0.599622 0.145203 0.752585
0.575414 -0.303898 0.628570
-0.000001 -0.386656 0.922224
0.000000 -0.999898 0.014264
0.000000 0.216179 0.976354
-0.047056 -0.415377 -0.843334
-0.575414 -0.303898 0.628570
0.570199 0.105966 0.791730
0.158867 -0.069191 0.984873
0.762665 -0.299559 -0.135470
-0.762665 -0.299559 -0.135470
0.000360 0.028644 -0.999590
0.169759 0.079131 -0.982303
-0.178250 0.078825 -0.980823
0.000000 -0.477700 -0.878523
-0.518665 0.032521 0.854359
-0.342607 0.353566 -0.766130
-0.998676 0.023183 -0.045930
-0.516742 -0.068511 -0.853396
-0.945072 0.165843 0.066667
-0.466096 0.176823 0.805968
0.486021 0.226636 0.770565
0.451901 -0.140985 0.880857
0.992906 -0.118896 0.000916
0.998826 -0.020354 -0.043956
0.595555 -0.084074 -0.798903
0.641680 -0.037750 0.766043
0.997326 -0.067178 0.028774
0.947451 0.241320 0.035430
0.515653 0.369841 -0.656592
-0.975533 -0.011605 0.125658
0.981066 -0.073374 0.034071
0.737822 -0.062158 0.671813
-0.548725 -0.139867 -0.823076
0.615803 -0.180181 -0.736047
-0.335429 0.037316 0.929197
0.342607 0.353566 -0.766130
0.998676 0.023183 -0.045930
0.516742 -0.068511 -0.853396
0.466095 0.176823 0.805968
0.945072 0.165843 0.066668
-0.451901 -0.140985 0.880857
-0.486021 0.226636 0.770565
-0.595554 -0.084074 -0.798903
-0.998826 -0.020354 -0.043956
-0.992906 -0.118896 0.000915
-0.641680 -0.037750 0.766043
-0.515653 0.369841 -0.656592
-0.947451 0.241320 0.035430
-0.997326 -0.067178 0.028774
0.518665 0.032521 0.854359
0.548725 -0.139867 -0.823076
-0.615803 -0.180181 -0.736047
0.975533 -0.011605 0.125658
0.335429 0.037316 0.929197
-0.737822 -0.062158 0.671813
-0.981066 -0.073374 0.034070
80
0 17 1 0 17 1 0 1
0 2 4 3 2 4 3 1
0 4 2 5 4 2 5 1
0 0 1 6 0 1 6 1
0 5 6 4 5 6 4 1
0 2 7 5 2 7 5 1
0 8 17 0 8 17 0 1
0 9 11 10 9 11 10 1
0 11 9 5 11 9 5 1
0 8 0 6 8 0 6 1
0 6 5 9 6 5 9 1
0 7 11 5 7 11 5 1
0 6 12 4 6 12 4 1
0 13 6 9 13 6 9 1
0 6 13 8 6 13 8 1
0 12 6 1 12 6 1 1
0 8 14 17 8 14 17 1
0 14 1 17 14 1 17 1
0 8 15 14 8 15 14 1
0 16 1 14 16 1 14 1
0 26 28 27 26 28 27 1
0 29 26 27 29 26 27 1
0 30 32 31 30 32 31 1
0 38 29 18 38 29 18 1
0 28 19 32 28 19 32 1
0 33 18 20 33 18 20 1
0 20 19 21 20 19 21 1
0 33 21 36 33 21 36 1
0 37 21 28 37 21 28 1
0 20 23 22 20 23 22 1
0 26 35 34 26 35 34 1
0 23 25 24 23 25 24 1
0 29 38 35 29 38 35 1
0 24 30 31 24 30 31 1
0 21 37 36 21 37 36 1
0 18 33 38 18 33 38 1
0 21 33 20 21 33 20 1
0 18 25 23 18 25 23 1
0 25 18 29 25 18 29 1
0 30 25 29 30 25 29 1
0 30 28 32 30 28 32 1
0 25 30 24 25 30 24 1
0 30 29 27 30 29 27 1
0 28 30 27 28 30 27 1
0 26 29 35 26 29 35 1
0 26 37 28 26 37 28 1
0 37 26 34 37 26 34 1
0 19 20 22 19 20 22 1
0 19 28 21 19 28 21 1
0 23 20 18 23 20 18 1
0 46 48 47 46 48 47 1
0 48 49 47 48 49 47 1
0 50 52 51 50 52 51 1
0 49 57 53 49 57 53 1
0 39 46 50 39 46 50 1
0 53 56 40 53 56 40 1
0 39 40 41 39 40 41 1
0 41 56 54 41 56 54 1
0 41 55 46 41 55 46 1
0 42 40 43 42 40 43 1
0 58 48 59 58 48 59 1
0 44 42 45 44 42 45 1
0 57 49 58 57 49 58 1
0 52 45 51 52 45 51 1
0 55 41 54 55 41 54 1
0 56 53 57 56 53 57 1
0 56 41 40 56 41 40 1
0 44 53 42 44 53 42 1
0 53 44 49 53 44 49 1
0 44 52 49 44 52 49 1
0 46 52 50 46 52 50 1
0 52 44 45 52 44 45 1
0 49 52 47 49 52 47 1
0 52 46 47 52 46 47 1
0 49 48 58 49 48 58 1
0 55 48 46 55 48 46 1
0 48 55 59 48 55 59 1
0 40 39 43 40 39 43 1
0 46 39 41 46 39 41 1
0 40 42 53 40 42 53 1
"Mesh3" 0 3
161
0 -0.571187 0.900000 -0.432500 0.000000 0.000000 0
0 -0.800385 1.479107 -0.562623 0.000000 0.000000 0
0 -0.300000 1.500000 -0.750000 0.000000 0.000000 0
0 -1.000000 1.900000 0.550000 0.000000 0.000000 0
0 -1.171704 2.580000 0.550000 0.000000 0.000000 0
0 -1.119495 2.250000 0.000000 0.000000 0.000000 0
0 0.000000 0.900000 0.547500 0.000000 0.000000 0
0 0.571187 0.900000 0.337500 0.000000 0.000000 0
0 1.000000 1.900000 0.550000 0.000000 0.000000 0
0 1.018932 2.392402 -0.949573 0.000000 0.000000 0
0 0.643441 2.190000 -1.339999 0.000000 0.000000 0
0 0.891109 2.808148 -0.616852 0.000000 0.000000 0
0 0.713041 0.900000 0.000000 0.000000 0.000000 0
0 0.000000 2.550000 0.850000 0.000000 0.000000 0
0 1.171704 2.580000 0.550000 0.000000 0.000000 0
0 1.164584 3.100000 0.540000 0.000000 0.000000 0
0 0.000000 1.900000 0.850000 0.000000 0.000000 0
0 -1.164584 3.100000 0.540000 0.000000 0.000000 0
0 -0.891109 2.808148 -0.616852 0.000000 0.000000 0
0 -0.643442 2.190000 -1.339999 0.000000 0.000000 0
0 -1.018932 2.392402 -0.949573 0.000000 0.000000 0
0 0.000000 0.900000 -0.590000 0.000000 0.000000 0
0 0.000000 1.850564 -0.753247 0.000000 0.000000 0
0 0.300000 1.500000 -0.750000 0.000000 0.000000 0
0 1.119495 2.250000 0.000000 0.000000 0.000000 0
0 -0.713041 0.900000 0.000000 0.000000 0.000000 0
0 -1.056975 2.610000 -0.420000 0.000000 0.000000 0
0 -1.040912 1.966669 -1.029897 0.000000 0.000000 0
0 1.040912 1.966669 -1.029897 0.000000 0.000000 0
0 0.715061 1.832429 -1.223050 0.000000 0.000000 0
0 0.799945 1.477320 -0.561980 0.000000 0.000000 0
0 -0.715062 1.832429 -1.223050 0.000000 0.000000 0
0 1.000000 2.050000 -0.350000 0.000000 0.000000 0
0 1.056974 2.610000 -0.420000 0.000000 0.000000 0
0 -1.050000 2.050000 -0.350000 0.000000 0.000000 0
0 0.997598 3.100000 -0.382443 0.000000 0.000000 0
0 -0.997598 3.100000 -0.382443 0.000000 0.000000 0
0 0.571187 0.900000 -0.432500 0.000000 0.000000 0
0 -0.571187 0.900000 0.337500 0.000000 0.000000 0
0 -1.056975 2.610000 -0.420000 0.000000 0.000000 0
0 -1.119495 2.250000 0.000000 0.000000 0.000000 0
0 -1.171704 2.580000 0.550000 0.000000 0.000000 0
0 -1.164584 3.100000 0.540000 0.000000 0.000000 0
0 -1.067773 3.260000 0.110000 0.000000 0.000000 0
0 -0.997598 3.100000 -0.382443 0.000000 0.000000 0
0 1.119495 2.250000 0.000000 0.000000 0.000000 0
0 1.056974 2.610000 -0.420000 0.000000 0.000000 0
0 1.171704 2.580000 0.550000 0.000000 0.000000 0
0 1.067772 3.260000 0.110000 0.000000 0.000000 0
0 1.164584 3.100000 0.540000 0.000000 0.000000 0
0 0.997598 3.100000 -0.382443 0.000000 0.000000 0
0 -0.972897 -0.537845 -0.586054 0.000000 0.000000 2
0 -0.763000 -0.147431 -0.546288 0.000000 0.000000 2
0 0.000000 -0.245367 -0.719494 0.000000 0.000000 2
0 -1.090000 0.096377 -0.026673 0.000000 0.000000 2
0 -1.350063 -0.387781 0.098587 0.000000 0.000000 2
0 1.031963 -0.501559 0.880287 0.000000 0.000000 2
0 0.763000 0.288121 0.666148 0.000000 0.000000 2
0 0.630794 -0.327393 1.125321 0.000000 0.000000 2
0 1.090000 0.096377 -0.026673 0.000000 0.000000 2
0 0.000000 -0.245367 -0.719494 0.000000 0.000000 2
0 0.763000 -0.147431 -0.546288 0.000000 0.000000 2
0 0.974745 -0.541702 -0.586447 0.000000 0.000000 2
0 1.383403 -0.458777 0.116955 0.000000 0.000000 2
0 0.000000 0.320078 0.781617 0.000000 0.000000 2
0 0.763000 0.288121 0.666148 0.000000 0.000000 2
0 1.090000 0.096377 -0.026673 0.000000 0.000000 2
0 0.763000 -0.147431 -0.546288 0.000000 0.000000 2
0 -0.763000 -0.147431 -0.546288 0.000000 0.000000 2
0 -1.090000 0.096377 -0.026673 0.000000 0.000000 2
0 0.000000 -0.245367 -0.719494 0.000000 0.000000 2
0 -0.763000 0.288121 0.666148 0.000000 0.000000 2
0 -0.630794 -0.327393 1.125321 0.000000 0.000000 2
0 -0.763000 0.288121 0.666148 0.000000 0.000000 2
0 -1.026698 -0.484663 0.875705 0.000000 0.000000 2
0 0.000000 -0.036546 1.045643 0.000000 0.000000 2
0 0.000000 0.320078 0.781617 0.000000 0.000000 2
0 -0.146192 -2.099071 -0.334278 0.000000 0.000000 3
0 0.315578 -2.099072 -0.334329 0.000000 0.000000 3
0 -0.307029 -0.793392 -0.002446 0.000000 0.000000 3
0 -0.130988 -0.834374 0.352282 0.000000 0.000000 3
0 0.270959 -1.252448 -0.307250 0.000000 0.000000 3
0 -0.131055 -0.852434 -0.307212 0.000000 0.000000 3
0 -0.146103 -2.086430 0.478233 0.000000 0.000000 3
0 -0.377033 -2.092744 0.072001 0.000000 0.000000 3
0 0.050742 -1.943056 0.047012 0.000000 0.000000 3
0 0.315687 -2.086612 0.478235 0.000000 0.000000 3
0 0.546508 -2.092745 0.071899 0.000000 0.000000 3
0 0.271027 -1.234385 0.352244 0.000000 0.000000 3
0 0.446999 -1.293425 -0.002522 0.000000 0.000000 3
0 0.263086 -3.054332 -0.128720 0.000000 0.000000 8
0 0.426223 -3.046989 0.153674 0.000000 0.000000 8
0 -0.063063 -3.039644 0.436140 0.000000 0.000000 8
0 0.263149 -3.039644 0.436104 0.000000 0.000000 8
0 0.426223 -3.046989 0.153674 0.000000 0.000000 8
0 0.236138 -0.952225 -0.197051 0.000000 0.000000 8
0 0.263086 -3.054332 -0.128720 0.000000 0.000000 8
0 0.263149 -3.039644 0.436104 0.000000 0.000000 8
0 -0.063063 -3.039644 0.436140 0.000000 0.000000 8
0 -0.345328 -0.943406 0.146365 0.000000 0.000000 8
0 -0.118201 -0.952238 -0.197000 0.000000 0.000000 8
0 -0.063125 -3.054332 -0.128684 0.000000 0.000000 8
0 -0.226199 -3.046987 0.153746 0.000000 0.000000 8
0 -0.407743 -0.278227 0.143897 0.000000 0.000000 8
0 -0.138889 -0.285728 -0.263542 0.000000 0.000000 8
0 -0.138793 -0.271801 0.548816 0.000000 0.000000 8
0 -0.118115 -0.934553 0.489679 0.000000 0.000000 8
0 0.057122 0.127134 -0.336991 0.000000 0.000000 8
0 0.243155 -0.042511 -0.332565 0.000000 0.000000 8
0 0.158062 -0.347891 -0.213605 0.000000 0.000000 8
0 -0.226199 -3.046987 0.153746 0.000000 0.000000 8
0 -0.063125 -3.054332 -0.128684 0.000000 0.000000 8
0 0.057224 0.149655 0.558980 0.000000 0.000000 8
0 -0.230137 0.288970 0.111010 0.000000 0.000000 8
0 0.238385 -0.011646 0.558947 0.000000 0.000000 8
0 0.158158 -0.333969 0.498764 0.000000 0.000000 8
0 0.409727 -0.341435 0.143764 0.000000 0.000000 8
0 0.236225 -0.934543 0.489628 0.000000 0.000000 8
0 0.463350 -0.943375 0.146263 0.000000 0.000000 8
0 0.130988 -0.834374 0.352282 0.000000 0.000000 10
0 0.307029 -0.793392 -0.002446 0.000000 0.000000 10
0 -0.270959 -1.252449 -0.307250 0.000000 0.000000 10
0 0.131055 -0.852434 -0.307212 0.000000 0.000000 10
0 -0.050742 -1.943057 0.047012 0.000000 0.000000 10
0 0.377033 -2.092744 0.072001 0.000000 0.000000 10
0 0.146103 -2.086430 0.478233 0.000000 0.000000 10
0 -0.315687 -2.086612 0.478235 0.000000 0.000000 10
0 -0.546509 -2.092745 0.071899 0.000000 0.000000 10
0 -0.446999 -1.293426 -0.002522 0.000000 0.000000 10
0 -0.271027 -1.234385 0.352244 0.000000 0.000000 10
0 -0.315578 -2.099072 -0.334329 0.000000 0.000000 10
0 0.146192 -2.099072 -0.334278 0.000000 0.000000 10
0 0.226199 -3.046987 0.153746 0.000000 0.000000 15
0 0.063125 -3.054332 -0.128683 0.000000 0.000000 15
0 0.118202 -0.952238 -0.197000 0.000000 0.000000 15
0 0.345328 -0.943406 0.146365 0.000000 0.000000 15
0 0.138889 -0.285728 -0.263542 0.000000 0.000000 15
0 0.407743 -0.278227 0.143897 0.000000 0.000000 15
0 0.118115 -0.934553 0.489679 0.000000 0.000000 15
0 0.138793 -0.271801 0.548816 0.000000 0.000000 15
0 -0.158062 -0.347891 -0.213605 0.000000 0.000000 15
0 -0.243155 -0.042511 -0.332565 0.000000 0.000000 15
0 -0.057122 0.127134 -0.336991 0.000000 0.000000 15
0 0.226199 -3.046987 0.153746 0.000000 0.000000 15
0 -0.426223 -3.046989 0.153674 0.000000 0.000000 15
0 0.230137 0.288970 0.111010 0.000000 0.000000 15
0 -0.057224 0.149655 0.558980 0.000000 0.000000 15
0 -0.158158 -0.333969 0.498764 0.000000 0.000000 15
0 -0.238385 -0.011646 0.558947 0.000000 0.000000 15
0 -0.463350 -0.943375 0.146263 0.000000 0.000000 15
0 -0.236225 -0.934543 0.489628 0.000000 0.000000 15
0 -0.409727 -0.341435 0.143764 0.000000 0.000000 15
0 -0.263086 -3.054332 -0.128720 0.000000 0.000000 15
0 0.063125 -3.054332 -0.128683 0.000000 0.000000 15
0 0.063062 -3.039644 0.436140 0.000000 0.000000 15
0 -0.426223 -3.046989 0.153674 0.000000 0.000000 15
0 -0.263149 -3.039644 0.436104 0.000000 0.000000 15
0 -0.263086 -3.054332 -0.128720 0.000000 0.000000 15
0 -0.236138 -0.952225 -0.197051 0.000000 0.000000 15
0 -0.263149 -3.039644 0.436104 0.000000 0.000000 15
0 0.063062 -3.039644 0.436140 0.000000 0.000000 15
161
-0.649805 -0.062863 -0.757497
-0.700290 -0.573008 -0.425742
-0.005638 -0.476057 -0.879396
-0.712653 -0.321067 0.623732
0.029696 -0.262904 0.776038
-0.044356 -0.293834 -0.151904
0.000000 0.080793 0.996731
0.755311 0.137104 0.640865
0.712653 -0.321067 0.623732
0.790574 0.373969 -0.484913
0.039544 0.224625 -0.973643
0.340654 0.606852 -0.718113
0.989846 -0.140482 -0.021679
0.000000 -0.181414 0.983407
0.036389 -0.265855 0.819185
0.415382 -0.063201 0.722743
0.000000 -0.122370 0.992485
-0.415382 -0.063201 0.722743
-0.335578 0.612306 -0.715869
-0.037299 0.225333 -0.973567
-0.790574 0.373969 -0.484913
0.000000 -0.070539 -0.997509
-0.000748 -0.253400 -0.967361
0.005287 -0.475845 -0.879513
0.040044 -0.305459 -0.178742
-0.988764 -0.149193 -0.009295
-0.343033 0.084348 -0.592777
-0.895907 -0.200251 -0.396549
0.904930 -0.206888 -0.371886
0.054816 -0.608747 -0.791468
0.718627 -0.561770 -0.409865
-0.055225 -0.609139 -0.791138
0.969402 -0.232835 -0.077768
0.344905 0.066869 -0.593467
-0.972608 -0.219808 -0.075619
0.514015 0.401509 -0.654828
-0.506855 0.405196 -0.655562
0.649828 -0.062882 -0.757476
-0.755311 0.137104 0.640865
-0.343033 0.084348 -0.592777
-0.044356 -0.293834 -0.151904
0.029696 -0.262904 0.776038
-0.415382 -0.063201 0.722743
-0.556770 0.200236 -0.080618
-0.506855 0.405196 -0.655562
0.040044 -0.305459 -0.178742
0.344905 0.066869 -0.593467
0.036389 -0.265855 0.819185
0.558520 0.199760 -0.080397
0.415382 -0.063201 0.722743
0.514015 0.401509 -0.654828
-0.552730 0.285738 -0.782843
-0.519850 0.242670 -0.807853
0.000118 0.186624 -0.981470
-0.909857 0.411328 -0.013731
-0.915570 0.395142 -0.074802
0.770528 0.389198 0.504789
0.479279 0.501853 0.719602
0.399101 0.437956 0.805551
0.900219 0.423025 -0.092111
0.000118 0.186624 -0.981470
0.445521 0.245872 -0.856570
0.514691 0.296286 -0.804555
0.915851 0.373338 -0.147769
0.000000 0.484687 0.865498
0.479279 0.501853 0.719602
0.900219 0.423025 -0.092111
0.445521 0.245872 -0.856570
-0.519850 0.242670 -0.807853
-0.909857 0.411328 -0.013731
0.000118 0.186624 -0.981470
-0.479188 0.501943 0.719597
-0.399307 0.438355 0.805232
-0.479188 0.501943 0.719597
-0.759143 0.395171 0.517245
0.000000 0.588509 0.808491
0.000000 0.484687 0.865498
-0.162832 -0.456596 -0.285701
0.179119 -0.448277 -0.288127
-0.990518 0.039783 -0.131496
-0.585931 0.097276 0.804502
0.504110 0.037380 -0.862830
-0.394412 0.016422 -0.918787
-0.163125 -0.423102 0.310945
-0.333723 -0.447020 0.002612
0.014010 -0.999600 0.024550
0.197116 -0.408787 0.299299
0.565837 -0.245332 -0.007167
0.444705 0.115605 0.888185
0.992541 0.081853 0.090345
0.406671 -0.004137 -0.909265
0.999235 0.021315 0.000088
-0.387644 0.029366 0.912969
0.579003 0.028778 0.805019
0.999235 0.021315 0.000088
0.491134 -0.006443 -0.871060
0.406671 -0.004137 -0.909265
0.579003 0.028778 0.805019
-0.387644 0.029366 0.912969
-0.997425 -0.071692 0.001731
-0.463457 -0.062485 -0.883914
-0.569288 -0.013431 -0.815053
-0.991605 0.001449 0.084165
-0.992770 0.120025 -0.001530
-0.453642 -0.044396 -0.890078
-0.431953 0.020112 0.901672
-0.461799 -0.054659 0.885299
-0.381907 -0.024012 -0.923889
0.524672 -0.254155 -0.812480
0.463435 -0.183255 -0.866975
-0.991605 0.001449 0.084165
-0.569288 -0.013431 -0.815053
-0.714664 -0.511910 0.476658
-0.985291 -0.126329 -0.115075
0.250083 -0.524392 0.813923
0.482179 -0.103918 0.869888
0.963004 -0.269293 0.010228
0.491721 0.001553 0.870751
0.999015 0.044366 -0.000470
0.647854 0.089436 0.756496
0.977938 0.037830 -0.205441
-0.659783 0.045000 -0.750108
0.320364 0.019412 -0.947096
-0.014010 -0.999600 0.024550
0.326446 -0.443151 0.093773
0.067259 -0.419669 0.351854
-0.264284 -0.403083 0.246165
-0.554447 -0.249720 -0.119383
-0.982833 0.091770 0.160053
-0.380086 0.115361 0.917729
-0.095436 -0.451537 -0.327643
0.242643 -0.458206 -0.229152
0.991605 0.001449 0.084165
0.569288 -0.013431 -0.815053
0.463457 -0.062485 -0.883914
0.997425 -0.071692 0.001731
0.453642 -0.044396 -0.890077
0.992770 0.120025 -0.001530
0.461799 -0.054659 0.885299
0.431953 0.020112 0.901672
-0.463435 -0.183255 -0.866975
-0.524672 -0.254155 -0.812481
0.381908 -0.024012 -0.923889
0.991605 0.001449 0.084165
-0.990391 0.019485 -0.094017
0.985291 -0.126329 -0.115075
0.714664 -0.511910 0.476658
-0.482179 -0.103918 0.869888
-0.258313 -0.539927 0.801095
-0.999015 0.044366 -0.000470
-0.491722 0.001553 0.870751
-0.961281 -0.275535 -0.004359
-0.406279 -0.004014 -0.909398
0.569288 -0.013431 -0.815053
0.387644 0.029366 0.912969
-0.990391 0.019485 -0.094017
-0.579003 0.028778 0.805019
-0.406279 -0.004014 -0.909398
-0.491134 -0.006443 -0.871060
-0.579003 0.028778 0.805019
0.387644 0.029366 0.912969
214
0 0 2 1 0 2 1 1
0 3 5 4 3 5 4 1
0 6 8 7 6 8 7 1
0 9 11 10 9 11 10 1
0 8 12 7 8 12 7 1
0 13 15 14 13 15 14 1
0 16 4 13 16 4 13 1
0 17 13 4 17 13 4 1
0 18 20 19 18 20 19 1
0 21 23 22 21 23 22 1
0 8 6 16 8 6 16 1
0 6 3 16 6 3 16 1
0 16 14 8 16 14 8 1
0 4 16 3 4 16 3 1
0 8 24 12 8 24 12 1
0 5 3 25 5 3 25 1
0 24 8 14 24 8 14 1
0 14 16 13 14 16 13 1
0 26 27 20 26 27 20 1
0 10 28 9 10 28 9 1
0 29 23 30 29 23 30 1
0 2 31 1 2 31 1 1
0 22 29 10 22 29 10 1
0 31 22 19 31 22 19 1
0 32 24 33 32 24 33 1
0 5 34 26 5 34 26 1
0 11 33 35 11 33 35 1
0 32 28 30 32 28 30 1
0 28 29 30 28 29 30 1
0 28 10 29 28 10 29 1
0 31 27 1 31 27 1 1
0 27 19 20 27 19 20 1
0 27 31 19 27 31 19 1
0 27 34 1 27 34 1 1
0 28 33 9 28 33 9 1
0 33 11 9 33 11 9 1
0 26 18 36 26 18 36 1
0 18 26 20 18 26 20 1
0 23 29 22 23 29 22 1
0 31 2 22 31 2 22 1
0 23 37 30 23 37 30 1
0 23 21 37 23 21 37 1
0 2 21 22 2 21 22 1
0 2 0 21 2 0 21 1
0 28 32 33 28 32 33 1
0 34 27 26 34 27 26 1
0 12 30 37 12 30 37 1
0 1 25 0 1 25 0 1
0 25 3 38 25 3 38 1
0 25 34 5 25 34 5 1
0 34 25 1 34 25 1 1
0 32 12 24 32 12 24 1
0 30 12 32 30 12 32 1
0 3 6 38 3 6 38 1
0 71 6 64 71 6 64 1
0 65 6 7 65 6 7 1
0 37 66 12 37 66 12 1
0 66 7 12 66 7 12 1
0 7 66 65 7 66 65 1
0 21 67 37 21 67 37 1
0 0 69 68 0 69 68 1
0 6 71 38 6 71 38 1
0 38 69 25 38 69 25 1
0 69 0 25 69 0 25 1
0 21 68 70 21 68 70 1
0 67 21 70 67 21 70 1
0 68 21 0 68 21 0 1
0 6 65 64 6 65 64 1
0 66 37 67 66 37 67 1
0 69 38 71 69 38 71 1
0 72 74 73 72 74 73 1
0 75 73 76 75 73 76 1
0 51 53 52 51 53 52 1
0 74 54 73 74 54 73 1
0 55 52 54 55 52 54 1
0 55 51 52 55 51 52 1
0 56 58 57 56 58 57 1
0 57 75 76 57 75 76 1
0 59 56 57 59 56 57 1
0 60 62 61 60 62 61 1
0 62 59 61 62 59 61 1
0 62 63 59 62 63 59 1
0 63 56 59 63 56 59 1
0 58 75 57 58 75 57 1
0 75 72 73 75 72 73 1
0 74 55 54 74 55 54 1
0 83 85 84 83 85 84 1
0 86 85 83 86 85 83 1
0 87 85 86 87 85 86 1
0 97 89 88 97 89 88 1
0 77 85 78 77 85 78 1
0 84 85 77 84 85 77 1
0 78 85 87 78 85 87 1
0 110 80 79 110 80 79 1
0 79 111 110 79 111 110 1
0 81 91 90 81 91 90 1
0 81 89 91 81 89 91 1
0 92 88 80 92 88 80 1
0 90 82 81 90 82 81 1
0 82 90 111 82 90 111 1
0 80 110 92 80 110 92 1
0 88 92 97 88 92 97 1
0 89 97 91 89 97 91 1
0 111 79 82 111 79 82 1
0 99 101 100 99 101 100 1
0 99 102 101 99 102 101 1
0 103 100 104 103 100 104 1
0 103 99 100 103 99 100 1
0 105 99 103 105 99 103 1
0 105 106 99 105 106 99 1
0 107 109 108 107 109 108 1
0 107 104 109 107 104 109 1
0 108 40 39 108 40 39 1
0 112 103 113 112 103 113 1
0 112 105 103 112 105 103 1
0 114 105 112 114 105 112 1
0 114 115 105 114 115 105 1
0 116 117 115 116 117 115 1
0 116 118 117 116 118 117 1
0 116 41 40 116 41 40 1
0 116 114 41 116 114 41 1
0 113 104 107 113 104 107 1
0 113 103 104 113 103 104 1
0 112 43 42 112 43 42 1
0 118 93 117 118 93 117 1
0 118 94 93 118 94 93 1
0 95 94 118 95 94 118 1
0 95 96 94 95 96 94 1
0 114 116 115 114 116 115 1
0 107 39 44 107 39 44 1
0 104 95 109 104 95 109 1
0 104 100 95 104 100 95 1
0 114 42 41 114 42 41 1
0 116 108 109 116 108 109 1
0 106 102 99 106 102 99 1
0 106 98 102 106 98 102 1
0 117 98 106 117 98 106 1
0 117 93 98 117 93 98 1
0 115 106 105 115 106 105 1
0 115 117 106 115 117 106 1
0 100 96 95 100 96 95 1
0 100 101 96 100 101 96 1
0 113 44 43 113 44 43 1
0 109 118 116 109 118 116 1
0 109 95 118 109 95 118 1
0 39 107 108 39 107 108 1
0 44 113 107 44 113 107 1
0 43 112 113 43 112 113 1
0 42 114 112 42 114 112 1
0 108 116 40 108 116 40 1
0 123 125 124 123 125 124 1
0 123 126 125 123 126 125 1
0 123 127 126 123 127 126 1
0 128 159 129 128 159 129 1
0 123 131 130 123 131 130 1
0 123 124 131 123 124 131 1
0 123 130 127 123 130 127 1
0 119 143 120 119 143 120 1
0 153 120 143 153 120 143 1
0 144 121 152 144 121 152 1
0 128 121 144 128 121 144 1
0 129 154 119 129 154 119 1
0 122 152 121 122 152 121 1
0 152 122 153 152 122 153 1
0 143 119 154 143 119 154 1
0 154 129 159 154 129 159 1
0 159 128 144 159 128 144 1
0 120 153 122 120 153 122 1
0 132 134 133 132 134 133 1
0 132 135 134 132 135 134 1
0 135 136 134 135 136 134 1
0 135 137 136 135 137 136 1
0 138 137 135 138 137 135 1
0 138 139 137 138 139 137 1
0 136 141 140 136 141 140 1
0 136 142 141 136 142 141 1
0 45 141 46 45 141 46 1
0 139 145 137 139 145 137 1
0 139 146 145 139 146 145 1
0 147 146 139 147 146 139 1
0 147 148 146 147 148 146 1
0 149 147 150 149 147 150 1
0 149 151 147 149 151 147 1
0 148 45 47 148 45 47 1
0 148 151 45 148 151 45 1
0 137 142 136 137 142 136 1
0 137 145 142 137 145 142 1
0 48 146 49 48 146 49 1
0 155 150 156 155 150 156 1
0 155 149 150 155 149 150 1
0 157 149 155 157 149 155 1
0 157 158 149 157 158 149 1
0 151 148 147 151 148 147 1
0 46 142 50 46 142 50 1
0 134 140 158 134 140 158 1
0 134 136 140 134 136 140 1
0 49 148 47 49 148 47 1
0 141 151 140 141 151 140 1
0 160 135 132 160 135 132 1
0 160 138 135 160 138 135 1
0 156 138 160 156 138 160 1
0 156 150 138 156 150 138 1
0 150 139 138 150 139 138 1
0 150 147 139 150 147 139 1
0 133 158 157 133 158 157 1
0 133 134 158 133 134 158 1
0 50 145 48 50 145 48 1
0 158 151 149 158 151 149 1
0 158 140 151 158 140 151 1
0 142 46 141 142 46 141 1
0 145 50 142 145 50 142 1
0 146 48 145 146 48 145 1
0 148 49 146 148 49 146 1
0 151 141 45 151 141 45 1
"Mesh4" 0 4
83
0 0.387059 2.785163 -0.712356 0.000000 0.000000 0
0 0.000000 2.639999 -0.740000 0.000000 0.000000 0
0 0.301000 3.199218 -0.303596 0.000000 0.000000 0
0 -0.387060 2.785163 -0.712356 0.000000 0.000000 0
0 -0.246346 2.317714 -1.012285 0.000000 0.000000 0
0 -0.301000 3.199218 -0.303596 0.000000 0.000000 0
0 0.497308 3.204771 -0.341976 0.000000 0.000000 0
0 0.473000 3.499218 0.143900 0.000000 0.000000 0
0 0.000000 1.850564 -0.753247 0.000000 0.000000 0
0 0.233003 2.327046 -1.002954 0.000000 0.000000 0
0 -0.473000 3.499218 0.143900 0.000000 0.000000 0
0 -0.531664 3.197246 -0.331058 0.000000 0.000000 0
0 0.000000 1.850564 -0.753247 0.000000 0.000000 0
0 -0.301000 3.199218 -0.303596 0.000000 0.000000 0
0 -0.473000 3.499218 0.143900 0.000000 0.000000 0
0 0.301000 3.349218 0.554105 0.000000 0.000000 0
0 -0.301000 3.349218 0.554105 0.000000 0.000000 0
0 0.473000 3.499218 0.143900 0.000000 0.000000 0
0 0.301000 3.199218 -0.303596 0.000000 0.000000 0
0 -0.308694 -1.483333 -0.666151 0.000000 0.000000 2
0 -1.081976 -0.833333 -0.616151 0.000000 0.000000 2
0 -0.730356 -0.767766 -0.692154 0.000000 0.000000 2
0 0.632461 -0.744716 -0.702734 0.000000 0.000000 2
0 1.081976 -0.833333 -0.616151 0.000000 0.000000 2
0 0.308694 -1.483333 -0.666151 0.000000 0.000000 2
0 0.224457 -1.375136 0.343814 0.000000 0.000000 5
0 0.027553 -1.137536 0.393213 0.000000 0.000000 5
0 -0.307865 -0.852416 0.442610 0.000000 0.000000 5
0 -0.144351 0.002944 0.282361 0.000000 0.000000 5
0 -0.230215 0.002944 0.048378 0.000000 0.000000 5
0 0.224457 -1.375136 -0.347769 0.000000 0.000000 5
0 0.075470 -1.470175 -0.347769 0.000000 0.000000 5
0 -0.116198 -0.757376 0.442611 0.000000 0.000000 5
0 0.023345 0.194535 0.000003 0.000000 0.000000 5
0 0.410888 -1.137536 -0.594763 0.000000 0.000000 5
0 0.410887 -1.137536 -0.347769 0.000000 0.000000 5
0 0.267137 -1.137535 -0.347769 0.000000 0.000000 5
0 0.267137 -1.137535 -0.594762 0.000000 0.000000 5
0 -0.307865 -0.852416 -0.446567 0.000000 0.000000 5
0 -0.116197 -0.757376 -0.446567 0.000000 0.000000 5
0 0.123387 -0.662336 -0.347769 0.000000 0.000000 5
0 -0.164114 -1.232576 -0.397168 0.000000 0.000000 5
0 0.027553 -1.137536 -0.397168 0.000000 0.000000 5
0 0.310958 0.002944 0.282361 0.000000 0.000000 5
0 0.410887 -0.567296 -0.347769 0.000000 0.000000 5
0 0.410887 -0.567296 -0.594763 0.000000 0.000000 5
0 0.310958 0.002944 -0.207219 0.000000 0.000000 5
0 -0.144351 0.002944 -0.207220 0.000000 0.000000 5
0 0.123386 -0.662336 -0.594763 0.000000 0.000000 5
0 -0.164115 -1.232577 0.393213 0.000000 0.000000 5
0 0.075470 -1.470175 0.343814 0.000000 0.000000 5
0 -0.368135 1.165808 0.065325 0.000000 0.000000 9
0 0.368135 1.165808 0.065325 0.000000 0.000000 9
0 0.220881 1.165808 0.416513 0.000000 0.000000 9
0 0.220881 1.165808 -0.317789 0.000000 0.000000 9
0 -0.220881 1.165808 0.416513 0.000000 0.000000 9
0 -0.220881 1.165808 -0.317789 0.000000 0.000000 9
0 -0.224457 -1.375136 -0.347769 0.000000 0.000000 12
0 0.116198 -0.757376 0.442611 0.000000 0.000000 12
0 -0.023345 0.194535 0.000003 0.000000 0.000000 12
0 -0.267137 -1.137535 -0.594762 0.000000 0.000000 12
0 -0.267137 -1.137535 -0.347769 0.000000 0.000000 12
0 -0.410887 -1.137536 -0.347769 0.000000 0.000000 12
0 -0.410887 -1.137536 -0.594763 0.000000 0.000000 12
0 0.116197 -0.757376 -0.446567 0.000000 0.000000 12
0 0.307865 -0.852416 -0.446567 0.000000 0.000000 12
0 -0.123387 -0.662336 -0.347769 0.000000 0.000000 12
0 0.164114 -1.232576 -0.397168 0.000000 0.000000 12
0 -0.027553 -1.137536 -0.397168 0.000000 0.000000 12
0 -0.410887 -0.567296 -0.594763 0.000000 0.000000 12
0 -0.410887 -0.567296 -0.347769 0.000000 0.000000 12
0 -0.310958 0.002944 0.282361 0.000000 0.000000 12
0 -0.310958 0.002944 -0.207219 0.000000 0.000000 12
0 -0.123386 -0.662336 -0.594763 0.000000 0.000000 12
0 0.144351 0.002944 -0.207220 0.000000 0.000000 12
0 -0.027553 -1.137536 0.393213 0.000000 0.000000 12
0 -0.224457 -1.375136 0.343814 0.000000 0.000000 12
0 -0.075470 -1.470175 0.343814 0.000000 0.000000 12
0 0.164115 -1.232577 0.393213 0.000000 0.000000 12
0 0.230215 0.002944 0.048378 0.000000 0.000000 12
0 0.144351 0.002944 0.282361 0.000000 0.000000 12
0 0.307865 -0.852416 0.442610 0.000000 0.000000 12
0 -0.075470 -1.470175 -0.347769 0.000000 0.000000 12
83
-0.052488 0.618355 -0.784144
-0.001125 0.513107 -0.858324
0.213182 0.401353 -0.762393
0.036999 0.625131 -0.779643
0.370728 0.404740 -0.835910
-0.231998 0.402007 -0.764526
0.063042 0.781367 -0.620879
0.452000 0.673465 -0.158839
-0.000748 -0.253400 -0.967361
-0.370115 0.402645 -0.837193
-0.468250 0.668824 -0.163975
-0.082109 0.781553 -0.618411
-0.000748 -0.253400 -0.967361
-0.231998 0.402007 -0.764526
-0.468250 0.668824 -0.163975
0.353229 0.400274 0.765983
-0.353229 0.400274 0.765983
0.452000 0.673465 -0.158839
0.213182 0.401353 -0.762393
0.044420 -0.417559 -0.841348
-0.535974 0.124716 -0.824969
-0.178250 0.078825 -0.980823
0.169759 0.079131 -0.982303
0.610654 0.131845 -0.777555
-0.047056 -0.415377 -0.843334
0.797970 -0.196545 0.569749
0.655012 0.266786 0.706954
-0.782047 0.018081 0.622957
-0.382495 0.551187 0.741546
-0.881010 0.473058 0.006138
0.797970 -0.196544 -0.569749
-0.046253 -0.862266 -0.504339
0.549394 -0.186180 0.814557
-0.155941 0.987336 -0.029157
0.577348 -0.577352 -0.577350
0.577348 -0.577351 0.577352
-0.505942 -0.681632 0.528583
-0.505943 -0.681633 -0.528582
-0.793522 0.048969 -0.606568
0.182373 -0.072511 -0.980552
0.167688 -0.771412 0.613844
-0.404354 -0.393444 -0.825651
0.655013 0.266786 -0.706953
0.807853 0.236942 0.539659
0.784170 -0.187435 0.591562
0.681515 0.328470 -0.653945
0.488433 0.730151 -0.477821
-0.389217 0.533430 -0.750974
-0.434951 -0.179111 -0.882461
-0.536749 -0.465024 0.704027
-0.046253 -0.862266 0.504339
-0.993439 0.114096 0.007811
0.993439 0.114096 0.007812
0.541412 0.103309 0.834386
0.548794 0.093263 -0.830739
-0.541412 0.103309 0.834386
-0.548794 0.093263 -0.830739
-0.797970 -0.196544 -0.569749
-0.549394 -0.186180 0.814557
0.155941 0.987336 -0.029157
0.505943 -0.681633 -0.528582
0.505942 -0.681632 0.528583
-0.577348 -0.577351 0.577352
-0.577348 -0.577352 -0.577350
-0.182373 -0.072511 -0.980552
0.793522 0.048969 -0.606568
-0.167689 -0.771412 0.613844
0.404354 -0.393444 -0.825651
-0.655013 0.266786 -0.706954
-0.681515 0.328470 -0.653945
-0.784170 -0.187435 0.591562
-0.807853 0.236942 0.539659
-0.488433 0.730151 -0.477821
0.434951 -0.179111 -0.882461
0.389218 0.533430 -0.750974
-0.655012 0.266786 0.706954
-0.797970 -0.196545 0.569749
0.046253 -0.862266 0.504339
0.536749 -0.465024 0.704027
0.881010 0.473058 0.006138
0.382494 0.551187 0.741546
0.782047 0.018081 0.622958
0.046253 -0.862266 -0.504339
121
0 0 2 1 0 2 1 1
0 3 4 1 3 4 1 1
0 1 5 3 1 5 3 1
0 6 7 2 6 7 2 1
0 8 9 1 8 9 1 1
0 10 11 5 10 11 5 1
0 5 1 2 5 1 2 1
0 11 3 5 11 3 5 1
0 0 6 2 0 6 2 1
0 9 0 1 9 0 1 1
0 4 12 1 4 12 1 1
0 19 21 20 19 21 20 1
0 22 24 23 22 24 23 1
0 43 45 44 43 45 44 1
0 43 46 45 43 46 45 1
0 47 48 45 47 48 45 1
0 49 25 50 49 25 50 1
0 49 26 25 49 26 25 1
0 27 29 28 27 29 28 1
0 30 50 25 30 50 25 1
0 30 31 50 30 31 50 1
0 26 27 32 26 27 32 1
0 26 49 27 26 49 27 1
0 33 29 47 33 29 47 1
0 34 36 35 34 36 35 1
0 34 37 36 34 37 36 1
0 38 39 47 38 39 47 1
0 33 46 43 33 46 43 1
0 33 43 28 33 43 28 1
0 33 47 46 33 47 46 1
0 40 43 44 40 43 44 1
0 44 36 40 44 36 40 1
0 44 35 36 44 35 36 1
0 49 38 27 49 38 27 1
0 49 41 38 49 41 38 1
0 40 37 48 40 37 48 1
0 40 36 37 40 36 37 1
0 42 31 30 42 31 30 1
0 42 41 31 42 41 31 1
0 48 34 45 48 34 45 1
0 48 37 34 48 37 34 1
0 41 42 39 41 42 39 1
0 29 33 28 29 33 28 1
0 47 39 48 47 39 48 1
0 41 50 31 41 50 31 1
0 41 49 50 41 49 50 1
0 41 39 38 41 39 38 1
0 35 45 34 35 45 34 1
0 35 44 45 35 44 45 1
0 32 27 28 32 27 28 1
0 29 27 38 29 27 38 1
0 47 45 46 47 45 46 1
0 40 32 43 40 32 43 1
0 26 30 25 26 30 25 1
0 26 42 30 26 42 30 1
0 32 28 43 32 28 43 1
0 32 48 39 32 48 39 1
0 32 40 48 32 40 48 1
0 29 38 47 29 38 47 1
0 32 42 26 32 42 26 1
0 32 39 42 32 39 42 1
0 13 51 14 13 51 14 1
0 13 56 51 13 56 51 1
0 15 55 53 15 55 53 1
0 15 16 55 15 16 55 1
0 15 52 17 15 52 17 1
0 15 53 52 15 53 52 1
0 14 55 16 14 55 16 1
0 14 51 55 14 51 55 1
0 17 54 18 17 54 18 1
0 17 52 54 17 52 54 1
0 13 54 56 13 54 56 1
0 13 18 54 13 18 54 1
0 69 71 70 69 71 70 1
0 72 71 69 72 71 69 1
0 73 74 69 73 74 69 1
0 75 77 76 75 77 76 1
0 75 78 77 75 78 77 1
0 79 81 80 79 81 80 1
0 82 76 77 82 76 77 1
0 82 57 76 82 57 76 1
0 78 58 81 78 58 81 1
0 78 75 58 78 75 58 1
0 79 59 74 79 59 74 1
0 60 62 61 60 62 61 1
0 60 63 62 60 63 62 1
0 64 65 74 64 65 74 1
0 72 59 71 72 59 71 1
0 71 59 80 71 59 80 1
0 74 59 72 74 59 72 1
0 71 66 70 71 66 70 1
0 62 66 61 62 66 61 1
0 62 70 66 62 70 66 1
0 67 81 65 67 81 65 1
0 67 78 81 67 78 81 1
0 61 73 60 61 73 60 1
0 61 66 73 61 66 73 1
0 67 57 82 67 57 82 1
0 67 68 57 67 68 57 1
0 60 69 63 60 69 63 1
0 60 73 69 60 73 69 1
0 68 67 64 68 67 64 1
0 59 79 80 59 79 80 1
0 64 74 73 64 74 73 1
0 78 82 77 78 82 77 1
0 78 67 82 78 67 82 1
0 64 67 65 64 67 65 1
0 70 63 69 70 63 69 1
0 70 62 63 70 62 63 1
0 81 58 80 81 58 80 1
0 81 79 65 81 79 65 1
0 69 74 72 69 74 72 1
0 58 66 71 58 66 71 1
0 68 76 57 68 76 57 1
0 68 75 76 68 75 76 1
0 80 58 71 80 58 71 1
0 66 64 73 66 64 73 1
0 66 58 64 66 58 64 1
0 65 79 74 65 79 74 1
0 64 75 68 64 75 68 1
0 64 58 75 64 58 75 1
"Mesh5" 0 5
0
0
0
"Mesh6" 0 6
40
0 -0.476960 -0.375283 -0.422567 0.128560 0.851049 1
0 -0.355893 -0.376429 -0.111022 0.222845 0.851681 1
0 -0.547887 -0.037581 -0.014841 0.113318 0.636265 1
0 0.547886 -0.037581 -0.014841 0.886691 0.636265 1
0 0.355823 -0.376429 -0.111022 0.777124 0.851681 1
0 0.476957 -0.375283 -0.422567 0.871461 0.851049 1
0 -0.000001 -0.419382 0.256508 0.500011 0.875397 1
0 0.630567 -0.067674 -0.270608 0.945045 0.653139 1
0 0.752171 0.041798 -0.027564 0.939629 0.807085 1
0 -0.141796 -0.651178 -0.621038 0.399928 0.939961 1
0 -0.000001 -0.675447 -0.621038 0.500004 0.953569 1
0 -0.000001 -0.552572 -0.062911 0.500004 0.951960 1
0 -0.000032 0.249210 -0.947807 0.499987 0.506255 1
0 -0.000001 0.510761 -0.973541 0.500011 0.361848 1
0 0.545086 0.529595 -0.782269 0.924520 0.351449 1
0 -0.545086 0.529595 -0.782269 0.075504 0.351449 1
0 0.492033 0.051571 -0.799426 0.883202 0.615375 1
0 0.642000 0.278708 -0.316289 0.953115 0.458907 1
0 -0.630569 -0.067673 -0.270608 0.054963 0.653138 1
0 -0.642000 0.278708 -0.316289 0.046895 0.458907 1
0 -0.492032 0.051571 -0.799426 0.116822 0.615375 1
0 -0.310355 -0.335258 -0.771613 0.258310 0.828950 1
0 -0.191203 -0.048287 -0.929533 0.351105 0.670509 1
0 0.191202 -0.048287 -0.929533 0.648918 0.670509 1
0 -0.000037 0.015366 -1.142624 0.499983 0.635365 1
0 0.310048 -0.335258 -0.771613 0.741474 0.828950 1
0 -0.000001 -0.115579 -0.986896 0.500011 0.707661 1
0 -0.000038 -0.050074 -1.137608 0.499982 0.671495 1
0 -0.000001 -0.235401 -0.966051 0.500011 0.773818 1
0 0.135127 -0.571488 -0.748876 0.595375 0.935650 1
0 -0.000001 -0.585829 -0.809548 0.500004 0.943692 1
0 -0.135263 -0.571488 -0.748876 0.404539 0.935650 1
0 0.141654 -0.651178 -0.621038 0.599982 0.939961 1
0 0.553823 0.250298 -0.730903 0.931324 0.505655 1
0 -0.553822 0.250298 -0.730903 0.068701 0.505655 1
0 0.822375 0.231455 0.082625 0.980661 0.700736 1
0 -0.822376 0.231456 0.082625 0.019349 0.700735 1
0 -0.752172 0.041798 -0.027565 0.060381 0.807085 1
0 -0.688711 0.267983 -0.192966 0.097472 0.680252 1
0 0.688711 0.267983 -0.192965 0.902538 0.680252 1
40
-0.808845 -0.577729 -0.109538
-0.592835 -0.727327 0.345747
-0.573492 -0.816258 -0.069504
0.573455 -0.816283 -0.069502
0.592793 -0.727371 0.345728
0.808756 -0.577825 -0.109695
0.000015 -0.991116 -0.132999
0.916329 -0.369386 -0.154581
0.835309 -0.547560 0.049370
-0.429147 -0.895409 -0.118644
0.057913 -0.977374 -0.203436
0.000054 -0.954736 0.297454
-0.000026 0.130538 -0.991443
0.000068 -0.676805 -0.736162
0.531663 -0.664630 -0.524977
-0.531816 -0.664727 -0.524699
0.768773 -0.147371 -0.622310
0.949377 -0.144530 -0.278918
-0.916330 -0.369382 -0.154582
-0.949377 -0.144526 -0.278920
-0.768847 -0.147248 -0.622248
-0.588299 -0.399826 -0.702882
-0.551886 -0.161666 -0.818099
0.551876 -0.161737 -0.818092
-0.000103 0.305742 -0.952115
0.588236 -0.399886 -0.702900
0.000005 -0.611938 -0.790906
-0.000042 -0.650392 -0.759598
0.000121 -0.327894 -0.944714
0.472808 -0.639670 -0.606032
-0.042493 -0.737855 -0.673620
-0.536404 -0.565744 -0.626263
0.446758 -0.893087 -0.052934
0.764505 -0.056020 -0.642179
-0.764516 -0.056022 -0.642165
0.666347 -0.693422 -0.274130
-0.666348 -0.693421 -0.274130
-0.835310 -0.547557 0.049371
-0.883576 -0.224160 -0.411152
0.883574 -0.224163 -0.411153
64
0 0 2 1 0 2 1 1
0 3 5 4 3 5 4 1
0 4 6 3 4 6 3 1
0 3 8 7 3 8 7 1
0 9 11 10 9 11 10 1
0 1 6 11 1 6 11 1
0 12 14 13 12 14 13 1
0 15 12 13 15 12 13 1
0 16 7 17 16 7 17 1
0 18 20 19 18 20 19 1
0 20 0 21 20 0 21 1
0 22 20 21 22 20 21 1
0 5 3 7 5 3 7 1
0 2 0 18 2 0 18 1
0 23 12 24 23 12 24 1
0 24 12 22 24 12 22 1
0 5 16 25 5 16 25 1
0 26 23 27 26 23 27 1
0 26 27 22 26 27 22 1
0 28 23 26 28 23 26 1
0 28 22 21 28 22 21 1
0 28 29 25 28 29 25 1
0 28 31 30 28 31 30 1
0 0 31 21 0 31 21 1
0 29 5 25 29 5 25 1
0 32 5 29 32 5 29 1
0 11 32 10 11 32 10 1
0 11 9 1 11 9 1 1
0 10 29 30 10 29 30 1
0 30 9 10 30 9 10 1
0 14 33 17 14 33 17 1
0 15 19 34 15 19 34 1
0 16 23 25 16 23 25 1
0 20 34 19 20 34 19 1
0 33 16 17 33 16 17 1
0 23 24 27 23 24 27 1
0 24 22 27 24 22 27 1
0 9 0 1 9 0 1 1
0 32 11 4 32 11 4 1
0 9 30 31 9 30 31 1
0 29 10 32 29 10 32 1
0 31 28 21 31 28 21 1
0 29 28 30 29 28 30 1
0 23 28 25 23 28 25 1
0 22 28 26 22 28 26 1
0 12 15 34 12 15 34 1
0 14 12 33 14 12 33 1
0 12 20 22 12 20 22 1
0 16 12 23 16 12 23 1
0 3 35 8 3 35 8 1
0 36 2 37 36 2 37 1
0 37 2 18 37 2 18 1
0 38 37 18 38 37 18 1
0 39 8 35 39 8 35 1
0 39 7 8 39 7 8 1
0 6 1 2 6 1 2 1
0 11 6 4 11 6 4 1
0 37 38 36 37 38 36 1
0 0 20 18 0 20 18 1
0 16 5 7 16 5 7 1
0 20 12 34 20 12 34 1
0 12 16 33 12 16 33 1
0 0 9 31 0 9 31 1
0 5 32 4 5 32 4 1
"Mesh7" 0 7
127
0 -0.473000 3.499218 0.143900 0.300944 0.639126 0
0 -1.067773 3.260000 0.110000 0.050641 0.625168 0
0 -1.164584 3.100000 0.540000 0.009900 0.802230 0
0 -0.301000 3.349218 0.554105 0.373328 0.808038 0
0 0.891109 2.808148 -0.616852 0.875012 0.325870 0
0 0.643441 2.190000 -1.339999 0.770784 0.028097 0
0 0.233003 2.327046 -1.002954 0.598056 0.166883 0
0 0.000000 2.750000 0.990000 0.500000 0.987528 0
0 1.164584 3.100000 0.540000 0.990100 0.802230 0
0 0.301000 3.349218 0.554105 0.626672 0.808038 0
0 0.000000 2.550000 0.850000 0.500000 0.929879 0
0 1.067772 3.260000 0.110000 0.949359 0.625168 0
0 0.473000 3.499218 0.143900 0.699056 0.639126 0
0 0.997598 3.100000 -0.382443 0.919827 0.422393 0
0 0.497308 3.204771 -0.341976 0.709286 0.439056 0
0 -0.891109 2.808148 -0.616852 0.124988 0.325870 0
0 -0.997598 3.100000 -0.382443 0.080173 0.422393 0
0 -0.531664 3.197246 -0.331058 0.276256 0.443552 0
0 0.387059 2.785163 -0.712356 0.662889 0.286544 0
0 -0.387060 2.785163 -0.712356 0.337111 0.286544 0
0 0.000000 1.850564 -0.753247 0.499000 0.025469 0
0 -0.643442 2.190000 -1.339999 0.229216 0.028098 0
0 -0.246346 2.317714 -1.012285 0.396329 0.163041 0
0 0.000000 1.850564 -0.753247 0.501000 0.025469 0
0 0.860011 0.412991 0.488603 0.802448 0.420339 1
0 -0.000001 1.164401 0.308079 0.499999 0.464689 1
0 0.619019 1.405301 0.551481 0.649721 0.411436 1
0 0.612444 1.525867 -0.174685 0.648130 0.570310 1
0 -0.008957 1.416145 -0.572750 0.497833 0.657401 1
0 -0.612447 1.525867 -0.174684 0.351868 0.570310 1
0 1.579206 0.252777 0.818830 0.881960 0.352945 1
0 2.067242 0.789211 1.170015 1.000000 0.276110 1
0 1.109034 0.303093 1.765316 0.768240 0.145868 1
0 -0.000001 0.388477 1.046882 0.249999 0.429253 1
0 -0.000001 1.116534 0.995624 0.249999 0.164485 1
0 -0.619019 1.405301 0.551481 0.795304 0.059471 1
0 -0.860010 0.412991 0.488603 0.697552 0.420339 1
0 -0.619019 1.405301 0.551481 0.350279 0.411436 1
0 -0.000001 1.116534 0.995624 0.499999 0.314265 1
0 -1.281894 0.800510 -1.154651 0.189950 0.784711 1
0 -1.659603 1.325470 -1.591149 0.098594 0.880210 1
0 -0.986745 0.891821 -1.864909 0.261337 0.940106 1
0 -0.000001 0.011952 0.956728 0.499999 0.322775 1
0 -0.000003 0.130167 2.360616 0.499999 0.015625 1
0 1.284199 0.884371 -1.086717 0.810607 0.769849 1
0 0.598611 0.733390 -0.667996 0.644785 0.678239 1
0 0.860011 0.412991 0.488603 0.708009 0.425193 1
0 1.539041 0.359586 0.829309 0.872245 0.350651 1
0 -0.000001 0.388477 1.046882 0.499999 0.303050 1
0 -1.539038 0.359586 0.829309 0.127755 0.350651 1
0 -2.067239 0.789211 1.170015 0.000000 0.276110 1
0 -1.109035 0.303093 1.765315 0.231759 0.145868 1
0 -0.860010 0.412991 0.488603 0.291990 0.425193 1
0 -0.598612 0.733390 -0.667996 0.355214 0.678239 1
0 -1.284200 0.884371 -1.086717 0.189392 0.769849 1
0 -0.002240 0.657430 -0.916642 0.499458 0.732639 1
0 -0.003538 0.771364 -2.138669 0.499144 1.000000 1
0 1.659601 1.325470 -1.591149 0.901405 0.880210 1
0 0.983043 0.891821 -1.864909 0.737767 0.940106 1
0 0.655826 0.057054 0.648633 0.658623 0.390181 1
0 1.281893 0.800510 -1.154651 0.810049 0.784711 1
0 0.545086 0.529595 -0.782269 0.631839 0.703241 1
0 -0.000001 0.510761 -0.973541 0.499999 0.745087 1
0 -0.545086 0.529595 -0.782269 0.368161 0.703241 1
0 0.822375 0.231455 0.082625 0.698906 0.514015 1
0 -0.598612 0.733390 -0.667996 0.090082 0.233666 1
0 -0.612447 1.525867 -0.174684 0.291623 0.015625 1
0 -0.008957 1.416145 -0.572750 0.756256 0.055528 1
0 -0.002240 0.657430 -0.916642 0.751136 0.261290 1
0 0.612444 1.525867 -0.174685 0.208379 0.015625 1
0 0.598611 0.733390 -0.667996 0.409919 0.233666 1
0 -0.822376 0.231456 0.082625 0.301093 0.514015 1
0 -0.655826 0.057054 0.648632 0.341376 0.390181 1
0 -1.579204 0.252777 0.818829 0.118040 0.352945 1
0 0.598611 0.733390 -0.667996 0.409919 0.233666 1
0 0.612444 1.525867 -0.174685 0.208379 0.015625 1
0 0.619019 1.405301 0.551481 0.704695 0.059471 1
0 -1.117407 -0.883333 0.983813 0.149329 0.592524 2
0 0.630794 -0.327393 1.125321 0.697862 0.326013 2
0 0.733841 -0.804899 1.268170 0.730195 0.554924 2
0 0.974745 -0.541702 -0.586447 0.805784 0.428750 2
0 1.081976 -0.833333 -0.616151 0.839429 0.568554 2
0 0.632461 -0.744716 -0.702734 0.698385 0.526073 2
0 1.117407 -0.883333 0.983814 0.850546 0.592524 2
0 1.383403 -0.458777 0.116955 0.934008 0.388997 2
0 1.468287 -0.733333 0.187988 0.960642 0.520615 2
0 0.000000 -0.245367 -0.719494 0.499938 0.286691 2
0 0.000000 -0.495799 -0.771094 0.499938 0.406745 2
0 -0.730356 -0.767766 -0.692154 0.270774 0.537122 2
0 1.031963 -0.501559 0.880287 0.823737 0.409506 2
0 -1.026698 -0.484663 0.875705 0.177790 0.401406 2
0 -1.350063 -0.387781 0.098587 0.076328 0.354963 2
0 -1.468287 -0.733333 0.187988 0.039233 0.520615 2
0 -0.972897 -0.537845 -0.586054 0.194672 0.426901 2
0 -1.081976 -0.833333 -0.616151 0.160446 0.568554 2
0 -0.630794 -0.327393 1.125321 0.302013 0.326013 2
0 0.000000 -0.318669 1.254512 0.499938 0.321832 2
0 0.000000 -0.036546 1.045643 0.499938 0.186585 2
0 -0.733841 -0.804899 1.268170 0.269680 0.554924 2
0 0.271027 -1.234385 0.352244 0.834075 0.359177 3
0 -0.130988 -0.834374 0.352282 0.648688 0.075851 3
0 -0.146103 -2.086430 0.478233 0.669457 0.962675 3
0 0.315687 -2.086612 0.478235 0.823677 0.962805 3
0 0.270959 -1.252448 -0.307250 0.209690 0.371971 3
0 0.446999 -1.293425 -0.002522 0.032448 0.401011 3
0 0.546508 -2.092745 0.071899 0.032448 0.967132 3
0 0.315578 -2.099072 -0.334329 0.200708 0.971630 3
0 -0.307029 -0.793392 -0.002446 0.499792 0.046822 3
0 -0.377033 -2.092744 0.072001 0.500355 0.967132 3
0 -0.131055 -0.852434 -0.307212 0.355003 0.088643 3
0 -0.146192 -2.099071 -0.334278 0.354930 0.971629 3
0 0.446999 -1.293425 -0.002522 0.968073 0.401011 3
0 0.546508 -2.092745 0.071899 0.968073 0.967132 3
0 -0.446999 -1.293426 -0.002522 0.032448 0.407286 10
0 -0.270959 -1.252449 -0.307250 0.209690 0.379184 10
0 -0.315578 -2.099072 -0.334329 0.200708 0.959498 10
0 0.377033 -2.092744 0.072001 0.499792 0.955145 10
0 0.307029 -0.793392 -0.002446 0.500355 0.064523 10
0 0.131055 -0.852434 -0.307212 0.355003 0.104995 10
0 0.146192 -2.099072 -0.334278 0.354930 0.959498 10
0 -0.446999 -1.293426 -0.002522 0.968073 0.407286 10
0 -0.546509 -2.092745 0.071899 0.968073 0.955145 10
0 0.146103 -2.086430 0.478233 0.669457 0.950833 10
0 0.130988 -0.834374 0.352282 0.648688 0.092616 10
0 -0.271027 -1.234385 0.352244 0.834075 0.366801 10
0 -0.315687 -2.086612 0.478235 0.823677 0.950957 10
0 -0.546509 -2.092745 0.071899 0.032448 0.955145 10
127
-0.468250 0.668824 -0.163975
-0.556770 0.200236 -0.080618
-0.415382 -0.063201 0.722743
-0.353229 0.400274 0.765983
0.340654 0.606852 -0.718113
0.039544 0.224625 -0.973643
-0.370115 0.402645 -0.837193
0.000000 0.151890 0.988397
0.415382 -0.063201 0.722743
0.353229 0.400274 0.765983
0.000000 -0.181414 0.983407
0.558520 0.199760 -0.080397
0.452000 0.673465 -0.158839
0.514015 0.401509 -0.654828
0.063042 0.781367 -0.620879
-0.335578 0.612306 -0.715869
-0.506855 0.405196 -0.655562
-0.082109 0.781553 -0.618411
-0.052488 0.618355 -0.784144
0.036999 0.625131 -0.779643
-0.000748 -0.253400 -0.967361
-0.037299 0.225333 -0.973567
0.370728 0.404740 -0.835910
-0.000748 -0.253400 -0.967361
0.525733 0.760378 0.381355
0.000958 0.985087 0.172055
0.310652 0.862848 0.398733
0.241083 0.949634 -0.200187
-0.000537 0.923362 -0.383930
-0.241904 0.948912 -0.202603
0.455963 -0.887330 -0.068868
0.604650 0.710984 0.359026
0.530954 0.139180 0.835893
0.000000 0.931177 0.364567
0.000000 0.741995 0.670405
-0.310653 0.862848 0.398734
-0.525733 0.760377 0.381355
-0.310653 0.862848 0.398734
0.000000 0.741995 0.670405
-0.484932 -0.820988 -0.301362
-0.529935 0.663469 -0.528183
0.037030 0.958052 -0.284191
-0.000001 -0.459570 0.888142
0.000000 -0.925354 0.379104
-0.441933 0.867278 0.229181
0.262414 0.955608 -0.133988
0.525733 0.760378 0.381355
-0.267696 0.957063 0.111218
0.000000 0.931177 0.364567
0.267696 0.957063 0.111218
-0.604650 0.710984 0.359026
-0.530956 0.139180 0.835892
-0.525733 0.760377 0.381355
-0.264097 0.955118 -0.134172
0.442441 0.867168 0.228619
-0.001125 0.965672 -0.259763
0.000095 -0.930517 -0.366249
0.528677 0.663927 -0.528869
-0.036517 0.958043 -0.284289
0.699149 -0.579217 0.419163
0.484479 -0.821043 -0.301940
0.531663 -0.664630 -0.524977
0.000068 -0.676805 -0.736162
-0.531816 -0.664727 -0.524699
0.666347 -0.693422 -0.274130
-0.264097 0.955118 -0.134172
-0.241904 0.948912 -0.202603
-0.000537 0.923362 -0.383930
-0.001125 0.965672 -0.259763
0.241083 0.949634 -0.200187
0.262414 0.955608 -0.133988
-0.666348 -0.693421 -0.274130
-0.699150 -0.579217 0.419162
-0.455964 -0.887330 -0.068868
0.262414 0.955608 -0.133988
0.241083 0.949634 -0.200187
0.310652 0.862848 0.398733
-0.599622 0.145203 0.752585
0.399101 0.437956 0.805551
0.158867 -0.069191 0.984873
0.514691 0.296286 -0.804555
0.610654 0.131845 -0.777555
0.169759 0.079131 -0.982303
0.570199 0.105966 0.791730
0.915851 0.373338 -0.147769
0.966553 0.182279 0.157333
0.000118 0.186624 -0.981470
0.000360 0.028644 -0.999590
-0.178250 0.078825 -0.980823
0.770528 0.389198 0.504789
-0.759143 0.395171 0.517245
-0.915570 0.395142 -0.074802
-0.960432 0.192287 0.045856
-0.552730 0.285738 -0.782843
-0.535974 0.124716 -0.824969
-0.399307 0.438355 0.805232
0.000000 0.216179 0.976354
0.000000 0.588509 0.808491
-0.158868 -0.069191 0.984873
0.444705 0.115605 0.888185
-0.585931 0.097276 0.804502
-0.163125 -0.423102 0.310945
0.197116 -0.408787 0.299299
0.504110 0.037380 -0.862830
0.992541 0.081853 0.090345
0.565837 -0.245332 -0.007167
0.179119 -0.448277 -0.288127
-0.990518 0.039783 -0.131496
-0.333723 -0.447020 0.002612
-0.394412 0.016422 -0.918787
-0.162832 -0.456596 -0.285701
0.992541 0.081853 0.090345
0.565837 -0.245332 -0.007167
-0.982833 0.091770 0.160053
-0.659783 0.045000 -0.750108
-0.095436 -0.451537 -0.327643
0.326446 -0.443151 0.093773
0.977938 0.037830 -0.205441
0.320364 0.019412 -0.947096
0.242643 -0.458206 -0.229152
-0.982833 0.091770 0.160053
-0.554447 -0.249720 -0.119383
0.067259 -0.419669 0.351854
0.647854 0.089436 0.756496
-0.380086 0.115361 0.917729
-0.264284 -0.403083 0.246165
-0.554447 -0.249720 -0.119383
137
0 0 2 1 0 2 1 1
0 0 3 2 0 3 2 1
0 4 6 5 4 6 5 1
0 7 9 8 7 9 8 1
0 10 2 7 10 2 7 1
0 8 10 7 8 10 7 1
0 3 9 7 3 9 7 1
0 9 11 8 9 11 8 1
0 9 12 11 9 12 11 1
0 3 7 2 3 7 2 1
0 11 14 13 11 14 13 1
0 15 17 16 15 17 16 1
0 14 4 13 14 4 13 1
0 12 14 11 12 14 11 1
0 17 1 16 17 1 16 1
0 17 0 1 17 0 1 1
0 14 18 4 14 18 4 1
0 19 17 15 19 17 15 1
0 20 22 21 20 22 21 1
0 6 23 5 6 23 5 1
0 15 22 19 15 22 19 1
0 6 4 18 6 4 18 1
0 22 15 21 22 15 21 1
0 65 67 66 65 67 66 1
0 65 68 67 65 68 67 1
0 68 69 67 68 69 67 1
0 68 70 69 68 70 69 1
0 71 73 72 71 73 72 1
0 74 76 75 74 76 75 1
0 74 24 76 74 24 76 1
0 25 27 26 25 27 26 1
0 25 29 28 25 29 28 1
0 30 32 31 30 32 31 1
0 33 35 34 33 35 34 1
0 33 36 35 33 36 35 1
0 27 25 28 27 25 28 1
0 29 25 37 29 25 37 1
0 26 38 25 26 38 25 1
0 38 37 25 38 37 25 1
0 39 41 40 39 41 40 1
0 72 43 42 72 43 42 1
0 35 65 66 35 65 66 1
0 35 36 65 35 36 65 1
0 76 33 34 76 33 34 1
0 76 24 33 76 24 33 1
0 44 46 45 44 46 45 1
0 44 47 46 44 47 46 1
0 48 32 43 48 32 43 1
0 49 51 50 49 51 50 1
0 49 53 52 49 53 52 1
0 49 54 53 49 54 53 1
0 55 41 56 55 41 56 1
0 44 58 57 44 58 57 1
0 58 55 56 58 55 56 1
0 31 44 57 31 44 57 1
0 32 47 31 32 47 31 1
0 43 59 42 43 59 42 1
0 60 31 57 60 31 57 1
0 58 60 57 58 60 57 1
0 51 48 43 51 48 43 1
0 54 50 40 54 50 40 1
0 41 54 40 41 54 40 1
0 50 39 40 50 39 40 1
0 51 73 50 51 73 50 1
0 41 53 54 41 53 54 1
0 45 58 44 45 58 44 1
0 61 56 62 61 56 62 1
0 56 63 62 56 63 62 1
0 47 48 46 47 48 46 1
0 48 49 52 48 49 52 1
0 51 72 73 51 72 73 1
0 71 39 73 71 39 73 1
0 30 64 59 30 64 59 1
0 60 64 30 60 64 30 1
0 58 45 55 58 45 55 1
0 53 41 55 53 41 55 1
0 44 31 47 44 31 47 1
0 31 60 30 31 60 30 1
0 50 54 49 50 54 49 1
0 39 50 73 39 50 73 1
0 49 48 51 49 48 51 1
0 48 47 32 48 47 32 1
0 59 32 30 59 32 30 1
0 72 51 43 72 51 43 1
0 32 59 43 32 59 43 1
0 61 64 60 61 64 60 1
0 71 63 39 71 63 39 1
0 58 61 60 58 61 60 1
0 56 61 58 56 61 58 1
0 63 41 39 63 41 39 1
0 41 63 56 41 63 56 1
0 95 97 96 95 97 96 1
0 95 96 98 95 96 98 1
0 77 95 98 77 95 98 1
0 97 78 96 97 78 96 1
0 96 78 79 96 78 79 1
0 80 82 81 80 82 81 1
0 78 83 79 78 83 79 1
0 84 81 85 84 81 85 1
0 84 80 81 84 80 81 1
0 86 88 87 86 88 87 1
0 89 85 83 89 85 83 1
0 89 84 85 89 84 85 1
0 78 89 83 78 89 83 1
0 90 95 77 90 95 77 1
0 91 77 92 91 77 92 1
0 91 90 77 91 90 77 1
0 93 92 94 93 92 94 1
0 93 91 92 93 91 92 1
0 88 93 94 88 93 94 1
0 82 86 87 82 86 87 1
0 82 80 86 82 80 86 1
0 93 88 86 93 88 86 1
0 99 101 100 99 101 100 1
0 99 102 101 99 102 101 1
0 103 105 104 103 105 104 1
0 103 106 105 103 106 105 1
0 100 108 107 100 108 107 1
0 100 101 108 100 101 108 1
0 109 106 103 109 106 103 1
0 109 110 106 109 110 106 1
0 111 102 99 111 102 99 1
0 111 112 102 111 112 102 1
0 107 110 109 107 110 109 1
0 107 108 110 107 108 110 1
0 122 124 123 122 124 123 1
0 125 124 122 125 124 122 1
0 126 114 113 126 114 113 1
0 115 114 126 115 114 126 1
0 116 123 117 116 123 117 1
0 122 123 116 122 123 116 1
0 115 118 114 115 118 114 1
0 119 118 115 119 118 115 1
0 125 120 124 125 120 124 1
0 121 120 125 121 120 125 1
0 119 117 118 119 117 118 1
0 116 117 119 116 117 119 1
"Mesh8" 0 8
56
0 -0.308694 -1.483333 -0.666151 0.313200 0.173814 2
0 -0.150000 -1.733330 0.187990 0.004800 0.226577 2
0 -0.150000 -1.733330 0.187990 0.995218 0.226584 2
0 -0.261734 -1.633333 0.983813 0.705608 0.205487 2
0 -1.081976 -0.833333 -0.616151 0.583190 0.036707 2
0 -1.468287 -0.733333 0.187988 0.999000 0.016609 2
0 -1.117407 -0.883333 0.983813 0.405194 0.047256 2
0 -1.468287 -0.733333 0.187988 0.005800 0.016609 2
0 0.150000 -1.733330 0.187990 0.004800 0.226577 2
0 0.308694 -1.483333 -0.666151 0.313126 0.173841 2
0 0.261734 -1.633333 0.983813 0.705608 0.205487 2
0 0.150000 -1.733330 0.187990 0.995218 0.226584 2
0 1.081976 -0.833333 -0.616151 0.583190 0.036707 2
0 1.468287 -0.733333 0.187988 0.999000 0.016609 2
0 1.468287 -0.733333 0.187988 0.005800 0.016609 2
0 1.117407 -0.883333 0.983814 0.405194 0.047256 2
0 0.562620 -3.020198 -0.051177 0.006200 0.769853 7
0 0.612784 -4.028666 -0.044768 0.008800 0.982577 7
0 0.344205 -4.028666 -0.674894 0.301584 0.982580 7
0 0.691471 -1.037001 -0.056687 0.997030 0.351412 7
0 0.344205 -4.028666 0.485357 0.714666 0.982580 7
0 0.612784 -4.028666 -0.044768 0.991342 0.982580 7
0 0.562620 -3.020198 -0.051177 0.993780 0.769818 7
0 -0.440288 -0.887001 -0.862755 0.629886 0.319765 7
0 0.265804 -2.987213 -0.750185 0.345912 0.762858 7
0 -0.197601 -4.028666 -0.674894 0.552976 0.982580 7
0 -0.881447 -0.787000 -0.055358 0.999000 0.298633 7
0 -0.459767 -0.887001 0.748702 0.365710 0.319765 7
0 0.351760 -0.987001 -0.875523 0.339800 0.340862 7
0 -0.881447 -0.787000 -0.055358 0.003508 0.298668 7
0 -0.466180 -4.028666 -0.044769 0.016500 0.982580 7
0 0.459865 -0.987001 0.779298 0.685236 0.340863 7
0 -0.197601 -4.028666 0.485357 0.441224 0.982580 7
0 0.691471 -1.037001 -0.056687 0.003000 0.351395 7
0 -0.881447 -0.787000 -0.055358 0.000200 0.298633 7
0 -0.466180 -4.028666 -0.044769 0.999000 0.982577 7
0 -0.691471 -1.037001 -0.056687 0.997030 0.351412 14
0 -0.562620 -3.020198 -0.051177 0.993780 0.769818 14
0 -0.612784 -4.028666 -0.044769 0.991342 0.982580 14
0 -0.344205 -4.028666 0.485357 0.714666 0.982580 14
0 0.440288 -0.887001 -0.862755 0.629886 0.319765 14
0 0.197601 -4.028666 -0.674894 0.552976 0.982580 14
0 -0.265804 -2.987213 -0.750185 0.345912 0.762858 14
0 0.881447 -0.787000 -0.055357 0.999000 0.298633 14
0 0.459767 -0.887001 0.748702 0.365710 0.319765 14
0 0.466180 -4.028666 -0.044768 0.016500 0.982580 14
0 0.881447 -0.787000 -0.055357 0.003508 0.298668 14
0 -0.459865 -0.987001 0.779298 0.685236 0.340863 14
0 0.197601 -4.028666 0.485357 0.441224 0.982580 14
0 -0.691471 -1.037001 -0.056687 0.003000 0.351395 14
0 0.881447 -0.787000 -0.055357 0.000200 0.298633 14
0 0.466180 -4.028666 -0.044768 0.999000 0.982577 14
0 -0.351760 -0.987001 -0.875523 0.339800 0.340862 14
0 -0.344205 -4.028666 -0.674894 0.301600 0.982577 14
0 -0.612784 -4.028666 -0.044769 0.008800 0.982577 14
0 -0.562620 -3.020198 -0.051177 0.006200 0.769853 14
56
0.044420 -0.417559 -0.841348
0.762665 -0.299559 -0.135470
0.762665 -0.299559 -0.135470
0.575414 -0.303898 0.628570
-0.535974 0.124716 -0.824969
-0.960432 0.192287 0.045856
-0.599622 0.145203 0.752585
-0.960432 0.192287 0.045856
-0.762665 -0.299559 -0.135470
-0.047056 -0.415377 -0.843334
-0.575414 -0.303898 0.628570
-0.762665 -0.299559 -0.135470
0.610654 0.131845 -0.777555
0.966553 0.182279 0.157333
0.966553 0.182279 0.157333
0.570199 0.105966 0.791730
0.996070 -0.018090 -0.086698
0.981066 -0.073374 0.034071
0.615803 -0.180181 -0.736047
0.999773 0.006222 -0.020357
0.737822 -0.062158 0.671813
0.981066 -0.073374 0.034071
0.996070 -0.018090 -0.086698
-0.353901 -0.029889 -0.934805
0.427933 -0.052107 -0.902307
-0.548725 -0.139867 -0.823076
-0.987058 0.001624 -0.160354
-0.691871 -0.018569 0.721782
0.735938 -0.053176 -0.674958
-0.987058 0.001624 -0.160354
-0.975533 -0.011605 0.125658
0.510167 -0.055627 0.858275
-0.335429 0.037316 0.929197
0.999773 0.006222 -0.020357
-0.987058 0.001624 -0.160354
-0.975533 -0.011605 0.125658
-0.999773 0.006222 -0.020357
-0.996070 -0.018090 -0.086698
-0.981066 -0.073374 0.034070
-0.737822 -0.062158 0.671813
0.353902 -0.029889 -0.934805
0.548725 -0.139867 -0.823076
-0.427932 -0.052107 -0.902307
0.987058 0.001624 -0.160354
0.691871 -0.018569 0.721782
0.975533 -0.011605 0.125658
0.987058 0.001624 -0.160354
-0.510167 -0.055627 0.858274
0.335429 0.037316 0.929197
-0.999773 0.006222 -0.020357
0.987058 0.001624 -0.160354
0.975533 -0.011605 0.125658
-0.735938 -0.053176 -0.674958
-0.615803 -0.180181 -0.736047
-0.981066 -0.073374 0.034070
-0.996070 -0.018090 -0.086698
56
0 28 1 0 28 1 0 1
0 16 18 17 16 18 17 1
0 19 3 2 19 3 2 1
0 20 22 21 20 22 21 1
0 23 0 4 23 0 4 1
0 24 25 18 24 25 18 1
0 26 4 5 26 4 5 1
0 26 25 23 26 25 23 1
0 27 7 6 27 7 6 1
0 27 30 29 27 30 29 1
0 31 6 3 31 6 3 1
0 31 32 27 31 32 27 1
0 28 16 33 28 16 33 1
0 22 31 19 22 31 19 1
0 31 22 20 31 22 20 1
0 16 24 18 16 24 18 1
0 24 16 28 24 16 28 1
0 23 24 28 23 24 28 1
0 24 23 25 24 23 25 1
0 0 23 28 0 23 28 1
0 1 28 33 1 28 33 1
0 3 19 31 3 19 31 1
0 6 31 27 6 31 27 1
0 7 27 34 7 27 34 1
0 4 26 23 4 26 23 1
0 25 26 35 25 26 35 1
0 30 27 32 30 27 32 1
0 32 31 20 32 31 20 1
0 8 52 9 8 52 9 1
0 53 55 54 53 55 54 1
0 10 36 11 10 36 11 1
0 37 39 38 37 39 38 1
0 9 40 12 9 40 12 1
0 41 42 53 41 42 53 1
0 12 43 13 12 43 13 1
0 41 43 40 41 43 40 1
0 14 44 15 14 44 15 1
0 45 44 46 45 44 46 1
0 15 47 10 15 47 10 1
0 48 47 44 48 47 44 1
0 55 52 49 55 52 49 1
0 47 37 36 47 37 36 1
0 37 47 39 37 47 39 1
0 42 55 53 42 55 53 1
0 55 42 52 55 42 52 1
0 42 40 52 42 40 52 1
0 40 42 41 40 42 41 1
0 40 9 52 40 9 52 1
0 52 8 49 52 8 49 1
0 36 10 47 36 10 47 1
0 47 15 44 47 15 44 1
0 44 14 50 44 14 50 1
0 43 12 40 43 12 40 1
0 43 41 51 43 41 51 1
0 44 45 48 44 45 48 1
0 47 48 39 47 48 39 1
"Mesh9" 0 9
50
0 0.222263 -0.332902 -1.679362 0.004950 0.527185 4
0 0.181536 -1.132902 -1.667992 0.009847 0.995127 4
0 0.601768 -0.432899 -0.079749 0.693834 0.585676 4
0 0.601768 -0.432899 -0.079749 0.693834 0.585676 4
0 -0.696217 -0.432899 -0.079749 0.693834 0.585676 4
0 -0.430855 -0.082902 0.619684 0.995050 0.380953 4
0 0.373492 -0.082902 0.619684 0.995050 0.380953 4
0 0.601768 -0.432899 -0.079749 0.693834 0.585676 4
0 -0.248311 -1.132902 0.575930 0.976206 0.995127 4
0 -0.674685 -0.066667 -1.013169 0.291851 0.371457 4
0 0.500515 -0.066667 -1.013169 0.291851 0.371457 4
0 0.190948 -1.132902 0.575930 0.976206 0.995127 4
0 0.521833 -1.132902 -0.079749 0.693834 0.995127 4
0 -0.616281 -1.132902 -0.079749 0.693834 0.995127 4
0 -0.696217 -0.432899 -0.079749 0.693834 0.585676 4
0 -0.582079 -1.132902 -1.094326 0.256900 0.995127 4
0 0.487630 -1.132902 -1.094326 0.256900 0.995127 4
0 -0.260086 -1.132902 -1.667992 0.009847 0.995127 4
0 -0.279626 -0.332902 -1.679362 0.004950 0.527185 4
0 0.380752 -3.508864 -0.075479 0.695673 0.020498 6
0 0.147448 -3.508864 0.325092 0.868181 0.020498 6
0 -0.480752 -3.508864 -0.075479 0.695673 0.020498 6
0 -0.247448 -3.508864 0.325092 0.868182 0.020498 6
0 0.147448 -3.508864 -0.476050 0.523165 0.020498 6
0 -0.264712 -3.508864 -0.476050 0.523165 0.020498 6
0 0.279626 -0.332902 -1.679362 0.004950 0.527185 11
0 0.260086 -1.132902 -1.667992 0.009847 0.995127 11
0 -0.181536 -1.132902 -1.667992 0.009847 0.995127 11
0 -0.222263 -0.332902 -1.679362 0.004950 0.527185 11
0 -0.601768 -0.432899 -0.079749 0.693834 0.585676 11
0 0.430855 -0.082902 0.619684 0.995050 0.380953 11
0 0.696217 -0.432899 -0.079749 0.693834 0.585676 11
0 -0.601768 -0.432899 -0.079749 0.693834 0.585676 11
0 -0.373492 -0.082902 0.619684 0.995050 0.380953 11
0 0.248311 -1.132902 0.575930 0.976206 0.995127 11
0 0.674685 -0.066667 -1.013169 0.291851 0.371457 11
0 -0.500515 -0.066667 -1.013169 0.291851 0.371457 11
0 -0.190948 -1.132902 0.575930 0.976206 0.995127 11
0 0.696217 -0.432899 -0.079749 0.693834 0.585676 11
0 0.616281 -1.132902 -0.079749 0.693834 0.995127 11
0 -0.521833 -1.132902 -0.079749 0.693834 0.995127 11
0 -0.601768 -0.432899 -0.079749 0.693834 0.585676 11
0 -0.487630 -1.132902 -1.094326 0.256900 0.995127 11
0 0.582079 -1.132902 -1.094326 0.256900 0.995127 11
0 0.264712 -3.508864 -0.476050 0.523165 0.020498 13
0 -0.147448 -3.508864 0.325092 0.868181 0.020498 13
0 0.480752 -3.508864 -0.075479 0.695673 0.020498 13
0 0.247448 -3.508864 0.325092 0.868182 0.020498 13
0 -0.147448 -3.508864 -0.476050 0.523165 0.020498 13
0 -0.380752 -3.508864 -0.075479 0.695673 0.020498 13
50
0.473843 0.228195 -0.850529
0.328258 -0.769612 -0.547671
0.327163 -0.263155 -0.081186
0.327163 -0.263155 -0.081186
-0.429141 -0.144558 -0.288007
-0.532743 0.266403 0.803253
0.545253 0.183119 0.818026
0.327163 -0.263155 -0.081186
-0.424994 -0.569523 0.703579
-0.744592 0.520061 -0.418473
0.562240 0.659748 -0.498617
0.622916 -0.456841 0.635037
0.321897 -0.761621 -0.562419
-0.581856 -0.736966 -0.343982
-0.429141 -0.144558 -0.288007
-0.672359 -0.730932 -0.116926
0.720797 -0.691844 0.042472
-0.306811 -0.371923 -0.876094
-0.470642 0.481420 -0.739413
0.947451 0.241320 0.035430
0.486021 0.226636 0.770565
-0.945072 0.165843 0.066667
-0.466096 0.176823 0.805968
0.515653 0.369841 -0.656592
-0.342607 0.353566 -0.766130
0.388160 0.393874 -0.833184
0.326011 -0.763886 -0.556952
-0.310676 -0.380797 -0.870904
-0.600126 0.293746 -0.744018
-0.327163 -0.263155 -0.081186
0.455954 0.220723 0.862199
0.463343 -0.074426 -0.327448
-0.327163 -0.263155 -0.081186
-0.648932 0.228264 0.725798
0.604157 -0.451459 0.656642
0.744592 0.520061 -0.418473
-0.562240 0.659748 -0.498617
-0.438149 -0.575532 0.690499
0.463343 -0.074426 -0.327448
0.372655 -0.901439 -0.220306
-0.422932 -0.524485 -0.738948
-0.327163 -0.263155 -0.081186
-0.695452 -0.711534 -0.100325
0.699041 -0.714688 0.023702
0.342607 0.353566 -0.766130
-0.486021 0.226636 0.770565
0.945072 0.165843 0.066668
0.466095 0.176823 0.805968
-0.515653 0.369841 -0.656592
-0.947451 0.241320 0.035430
72
0 21 5 4 21 5 4 1
0 6 19 7 6 19 7 1
0 19 6 20 19 6 20 1
0 4 5 8 4 5 8 1
0 5 20 6 5 20 6 1
0 21 9 24 21 9 24 1
0 10 24 9 10 24 9 1
0 8 6 11 8 6 11 1
0 6 7 11 6 7 11 1
0 5 21 22 5 21 22 1
0 19 10 7 19 10 7 1
0 20 5 22 20 5 22 1
0 9 21 4 9 21 4 1
0 24 10 23 24 10 23 1
0 10 19 23 10 19 23 1
0 12 14 13 12 14 13 1
0 4 16 15 4 16 15 1
0 9 4 15 9 4 15 1
0 17 0 18 17 0 18 1
0 16 7 10 16 7 10 1
0 4 8 13 4 8 13 1
0 12 8 11 12 8 11 1
0 18 15 17 18 15 17 1
0 15 18 9 15 18 9 1
0 10 18 0 10 18 0 1
0 16 0 1 16 0 1 1
0 11 7 12 11 7 12 1
0 15 1 17 15 1 17 1
0 0 16 10 0 16 10 1
0 18 10 9 18 10 9 1
0 0 17 1 0 17 1 1
0 1 15 16 1 15 16 1
0 16 4 2 16 4 2 1
0 8 12 13 8 12 13 1
0 14 12 3 14 12 3 1
0 6 8 5 6 8 5 1
0 30 46 31 30 46 31 1
0 49 33 32 49 33 32 1
0 33 49 45 33 49 45 1
0 30 31 34 30 31 34 1
0 45 30 33 45 30 33 1
0 35 46 44 35 46 44 1
0 44 36 35 44 36 35 1
0 30 37 33 30 37 33 1
0 32 33 37 32 33 37 1
0 46 30 47 46 30 47 1
0 36 49 32 36 49 32 1
0 30 45 47 30 45 47 1
0 46 35 31 46 35 31 1
0 36 44 48 36 44 48 1
0 49 36 48 49 36 48 1
0 38 40 39 38 40 39 1
0 41 43 42 41 43 42 1
0 31 35 43 31 35 43 1
0 25 27 26 25 27 26 1
0 32 42 36 32 42 36 1
0 34 31 39 34 31 39 1
0 39 37 34 39 37 34 1
0 43 25 26 43 25 26 1
0 25 43 35 25 43 35 1
0 25 36 28 25 36 28 1
0 28 42 27 28 42 27 1
0 32 37 40 32 37 40 1
0 26 42 43 26 42 43 1
0 42 28 36 42 28 36 1
0 36 25 35 36 25 35 1
0 27 25 28 27 25 28 1
0 42 26 27 42 26 27 1
0 37 30 34 37 30 34 1
0 37 39 40 37 39 40 1
0 40 38 29 40 38 29 1
0 43 41 31 43 41 31 1

Materials: 10
"Material0"
1.000000 0.028000 0.282000 1.000000
0.971000 0.288000 0.553000 1.000000
0.000000 0.000000 0.000000 1.000000
0.000000 0.000000 0.000000 1.000000
0.000000
1.000000
""
""
"Material1"
0.943503 0.949153 0.932203 1.000000
0.943503 0.949153 0.932203 1.000000
0.000000 0.000000 0.000000 1.000000
0.000000 0.000000 0.000000 1.000000
0.000000
1.000000
""
""
"Material2"
0.118644 0.101695 0.084746 1.000000
0.118644 0.101695 0.084746 1.000000
0.000000 0.000000 0.000000 1.000000
0.000000 0.000000 0.000000 1.000000
0.000000
1.000000
""
""
"Material3"
0.197740 0.084746 0.101695 1.000000
0.197740 0.084746 0.101695 1.000000
0.000000 0.000000 0.000000 1.000000
0.000000 0.000000 0.000000 1.000000
0.000000
1.000000
""
""
"Material4"
0.909605 0.531073 0.350282 1.000000
1.000000 0.881356 0.768362 1.000000
0.000000 0.000000 0.000000 1.000000
0.000000 0.000000 0.000000 1.000000
0.000000
1.000000
""
""
"Material5"
1.000000 0.000000 0.000000 1.000000
1.000000 0.000000 0.000000 1.000000
0.000000 0.000000 0.000000 1.000000
0.000000 0.000000 0.000000 1.000000
0.000000
1.000000
""
""
"Material6"
1.000000 1.000000 1.000000 1.000000
1.000000 1.000000 1.000000 1.000000
0.000000 0.000000 0.000000 1.000000
0.000000 0.000000 0.000000 1.000000
0.000000
1.000000
"face.ini"
""
"Material7"
1.000000 1.000000 1.000000 1.000000
1.000000 1.000000 1.000000 1.000000
0.000000 0.000000 0.000000 1.000000
0.000000 0.000000 0.000000 1.000000
0.000000
1.000000
"t2_lad2_00.bmp"
""
"Material8"
1.000000 1.000000 1.000000 1.000000
1.000000 1.000000 1.000000 1.000000
0.000000 0.000000 0.000000 1.000000
0.000000 0.000000 0.000000 1.000000
0.000000
1.000000
"t3_lad2_00.bmp"
""
"Material9"
1.000000 1.000000 1.000000 1.000000
1.000000 1.000000 1.000000 1.000000
0.000000 0.000000 0.000000 1.000000
0.000000 0.000000 0.000000 1.000000
0.000000
1.000000
"t4_lad2_00.bmp"
""

Bones: 16
"torso"
""
8 0 0 0 0 0 0
0
0
"head"
""
8 0 0 0 0 0 0
0
0
"pelvis"
""
8 0 0 0 0 0 0
0
0
"r lower arm"
""
8 0 0 0 0 0 0
0
0
"r foot"
""
8 0 0 0 0 0 0
0
0
"r hand"
""
8 0 0 0 0 0 0
0
0
"r leg"
""
8 0 0 0 0 0 0
0
0
"r thigh"
""
8 0 0 0 0 0 0
0
0
"r upper arm"
""
8 0 0 0 0 0 0
0
0
"neck"
""
8 0 0 0 0 0 0
0
0
"l lower arm"
""
8 0 0 0 0 0 0
0
0
"l foot"
""
8 0 0 0 0 0 0
0
0
"l hand"
""
8 0 0 0 0 0 0
0
0
"l leg"
""
8 0 0 0 0 0 0
0
0
"l thigh"
""
8 0 0 0 0 0 0
0
0
"l upper arm"
""
8 0 0 0 0 0 0
0
0
