// MilkShape 3D ASCII

Frames: 1
Frame: 1

Meshes: 16
"Mesh0" 0 0
142
0 -1.213878 1.146203 0.137505 0.482694 0.904956 1
0 -1.212125 1.687468 -0.174990 0.481194 0.463985 1
0 -1.755135 1.687469 0.134468 0.945712 0.463985 1
0 -1.682855 1.374969 0.176742 0.883880 0.718580 1
0 -1.485383 1.146203 0.292234 0.714953 0.904956 1
0 -1.215631 1.062468 0.450000 0.484194 0.973174 1
0 0.924462 1.113636 0.590995 0.316169 0.895992 1
0 0.653891 1.654902 0.747354 0.113486 0.471478 1
0 1.195282 1.654902 1.059637 0.519040 0.471478 1
0 -0.944126 1.146203 0.295271 0.251935 0.904956 1
0 -0.834990 2.033048 0.678724 0.158575 0.182441 1
0 -1.215631 2.202773 0.450000 0.484194 0.044166 1
0 -0.837767 2.033047 0.234658 0.160950 0.182441 1
0 -1.487136 1.146203 0.604729 0.716453 0.904956 1
0 -0.676127 1.687469 0.765532 0.022676 0.463985 1
0 -0.672620 1.687469 0.140542 0.019676 0.463985 1
0 -1.218408 2.033048 0.005934 0.486570 0.182441 1
0 -1.685892 1.374969 0.717999 0.886477 0.718580 1
0 1.195157 1.113637 0.747137 0.518946 0.895992 1
0 -1.596273 2.033048 0.221276 0.809813 0.182441 1
0 -1.593495 2.033048 0.665343 0.807437 0.182441 1
0 -0.945879 1.146203 0.607766 0.253435 0.904956 1
0 -1.212854 2.033048 0.894066 0.481818 0.182441 1
0 -1.758642 1.687469 0.759458 0.948711 0.463985 1
0 -1.219137 1.687468 1.074990 0.487193 0.463985 1
0 -1.217384 1.146203 0.762495 0.485694 0.904956 1
0 1.663890 1.342403 0.705082 0.870072 0.716571 1
0 1.468919 1.113636 0.590778 0.724020 0.895992 1
0 1.198224 1.029902 0.434637 0.521243 0.961666 1
0 0.806997 2.022270 0.658876 0.228176 0.183352 1
0 1.195032 2.201520 0.434637 0.518852 0.042766 1
0 1.179149 2.022270 0.855010 0.506955 0.183352 1
0 1.567185 2.022270 0.630770 0.797631 0.183352 1
0 0.806735 0.012696 -0.055761 0.662579 0.919018 1
0 0.730628 0.209004 -0.290420 0.659113 0.841107 1
0 0.516417 -0.252682 -0.269000 0.522016 0.973462 1
0 1.048198 0.416888 -0.299496 0.802525 0.810125 1
0 0.814056 0.630124 -0.774521 0.742807 0.705892 1
0 1.213018 0.911913 -0.332411 0.925563 0.659820 1
0 0.584271 0.910489 -0.952007 0.693126 0.578951 1
0 1.104362 1.356026 -0.299496 0.941187 0.491777 1
0 0.334223 1.065040 -0.984557 0.620164 0.493007 1
0 0.623909 1.742595 -0.769843 0.812246 0.295573 1
0 0.955737 1.742595 -0.205761 0.934822 0.338514 1
0 0.337657 2.046077 -0.208759 0.744610 0.153308 1
0 -0.000222 1.356116 1.147136 0.533169 0.348805 1
0 0.546193 2.046077 0.265639 0.821642 0.180293 1
0 0.814818 1.356116 0.900233 0.834242 0.454277 1
0 -0.000092 1.966761 0.612609 0.609888 0.137101 1
0 0.000000 1.967875 0.100000 0.610062 0.136727 1
0 1.104226 1.356026 0.499889 0.941137 0.491759 1
0 1.048061 0.416888 0.499889 0.802474 0.810107 1
0 0.076766 1.306393 -0.986968 0.555364 0.376010 1
0 0.000169 1.742595 -0.959000 0.581839 0.214858 1
0 -0.000001 1.387858 -0.999967 0.537236 0.337829 1
0 0.000092 1.896390 -0.461319 0.601120 0.161524 1
0 0.546193 -0.089823 0.406843 0.539973 0.958101 1
0 0.000000 -0.247346 0.300000 0.331923 0.904784 1
0 -0.000912 0.374412 1.164248 0.415811 0.672880 1
0 0.814819 0.421420 0.900234 0.716884 0.778352 1
0 -0.797257 0.794451 -0.704565 0.168226 0.440401 1
0 -0.625246 0.752021 -0.830174 0.226438 0.477374 1
0 -0.632841 1.169830 -0.922234 0.276092 0.331529 1
0 -0.371343 1.253986 -0.983980 0.383254 0.336190 1
0 -0.623635 1.742595 -0.770029 0.351407 0.134133 1
0 -0.632841 1.169830 -0.922234 0.276091 0.331531 1
0 -0.337509 2.046077 -0.208859 0.495206 0.065936 1
0 -0.566419 -0.252719 -0.266167 0.122015 0.833348 1
0 -1.009523 0.466888 -0.199889 0.048687 0.526506 1
0 -0.798877 0.012732 -0.058894 0.069476 0.711229 1
0 -0.793812 0.208826 -0.289061 0.095967 0.643896 1
0 -0.797257 0.794451 -0.704565 0.168225 0.440402 1
0 -1.104226 1.356026 -0.299888 0.125342 0.205971 1
0 -0.711173 1.017333 -0.938436 0.228009 0.374265 1
0 -0.546249 -0.089823 0.406681 0.136429 0.816731 1
0 -1.059660 0.416888 0.499496 0.023889 0.537354 1
0 -1.104362 1.356026 0.499496 0.125292 0.205953 1
0 -0.546249 2.046077 0.265477 0.418098 0.038924 1
0 -0.000092 -0.102339 0.680202 0.337073 0.890458 1
0 -0.815177 0.421420 0.899991 0.114769 0.567420 1
0 -0.815177 1.356116 0.899991 0.232127 0.243344 1
0 -0.248470 0.968751 -1.124906 0.422009 0.440459 1
0 -0.000001 1.387858 -0.999967 0.484131 0.296174 1
0 -0.483349 1.323969 -1.018755 0.363286 0.318169 1
0 -0.072151 1.178832 -1.108951 0.466092 0.368135 1
0 -0.502053 0.756845 -1.053075 0.358609 0.513411 1
0 -0.782907 1.151596 -0.915391 0.288391 0.377511 1
0 -0.712207 0.530389 -0.902641 0.291938 0.556881 1
0 -0.955368 0.825081 -0.747724 0.245273 0.489920 1
0 -0.837482 0.386855 -0.705904 0.274747 0.640786 1
0 -0.947503 0.520622 -0.564326 0.247239 0.594735 1
0 -0.909083 0.325582 -0.465874 0.256845 0.661880 1
0 0.076766 1.306393 -0.986968 0.629151 0.330789 1
0 -0.000001 1.387858 -0.999967 0.495148 0.198699 1
0 -0.072151 1.178832 -1.108951 0.507861 0.323720 1
0 -0.140132 0.942467 -1.236594 0.538978 0.475906 1
0 -0.248470 0.968751 -1.124906 0.392924 0.366870 1
0 -0.349389 0.556251 -1.247067 0.469030 0.646545 1
0 -0.406489 0.665705 -1.148617 0.303816 0.516658 1
0 -0.563601 0.192216 -1.119624 0.382217 0.793896 1
0 -0.604902 0.296117 -1.021213 0.239137 0.681409 1
0 -0.727230 -0.097392 -0.795251 0.241266 0.812220 1
0 0.076766 1.306393 -0.986968 0.777533 0.255140 1
0 -0.000001 1.387858 -0.999967 0.667295 0.107395 1
0 0.000617 1.288010 -1.060241 0.622451 0.209266 1
0 0.055566 1.079559 -1.149076 0.632138 0.467411 1
0 -0.039634 1.079559 -1.149076 0.448851 0.386738 1
0 -0.013413 0.856988 -1.215418 0.396717 0.634869 1
0 -0.080730 0.856988 -1.215418 0.267114 0.577824 1
0 -0.093839 0.759033 -1.220405 0.196714 0.666141 1
0 -3.215462 -1.252920 0.389923 0.546204 0.318952 1
0 -1.346793 1.661874 0.464003 0.879850 0.197745 1
0 -3.745706 -1.252920 0.679909 0.804402 0.482374 1
0 -2.845463 -6.735242 0.588656 0.219670 0.737442 1
0 -2.114025 -7.338125 0.464003 0.053313 0.700898 1
0 -2.539337 -6.735242 0.421233 0.070599 0.643090 1
0 -3.329132 -4.423341 0.389923 0.255040 0.496197 1
0 -3.859367 -4.423341 0.679909 0.513239 0.659619 1
0 4.079240 -1.704205 0.511205 0.758236 0.547091 1
0 1.445848 1.560580 0.384646 0.895013 0.168284 1
0 5.010631 -1.704214 0.209674 0.474974 0.286723 1
0 3.800554 -6.836535 0.283626 0.142528 0.774280 1
0 2.470391 -7.439418 0.384646 0.190215 0.911280 1
0 3.262813 -6.836535 0.457715 0.306070 0.924604 1
0 4.079240 -4.532797 0.511205 0.536727 0.780606 1
0 5.010631 -1.704214 0.209674 0.474974 0.286724 1
0 5.010631 -4.532797 0.209674 0.253464 0.520238 1
0 4.079240 -1.704205 0.511205 0.758236 0.547092 1
0 1.194907 1.113636 0.122137 0.518758 0.895992 1
0 1.465602 1.113636 0.278278 0.721535 0.895992 1
0 1.663674 1.342403 0.163816 0.869910 0.716571 1
0 1.194782 1.654902 -0.190363 0.518664 0.471478 1
0 1.736173 1.654902 0.121920 0.924218 0.471478 1
0 1.210914 2.022270 0.014263 0.530750 0.183352 1
0 1.583067 2.022270 0.210397 0.809528 0.183352 1
0 1.736423 1.654902 0.746920 0.924406 0.471478 1
0 0.924336 1.113636 0.278495 0.316075 0.895992 1
0 0.653641 1.654902 0.122354 0.113298 0.471478 1
0 0.822879 2.022270 0.238503 0.240074 0.183352 1
0 0.000000 -0.247346 0.300000 0.331924 0.904782 1
0 0.730628 0.209004 -0.290420 0.659114 0.841106 1
0 0.516417 -0.252682 -0.269000 0.522017 0.973460 1
189
0.145026 0.470650 0.870319
-0.003039 0.023114 0.999728
0.830363 -0.088784 0.550104
0.787713 0.469075 0.399345
0.504602 0.839816 0.200213
-0.000000 1.000000 0.000000
-0.001452 0.965925 0.258818
0.446903 0.447214 -0.774775
0.671125 -0.218144 -0.708523
0.001415 0.004904 -0.999987
-0.224869 0.965925 0.128151
-0.310216 -0.934068 -0.176868
-0.000001 -1.000000 0.000000
-0.315856 -0.931576 0.180004
0.427738 0.870413 -0.243766
-0.798532 -0.091096 -0.595019
-0.671006 -0.455435 -0.585090
-0.835907 -0.469661 0.284040
-0.677996 -0.248305 0.691857
-0.005943 -0.934068 0.357045
0.704550 0.555218 -0.441976
-0.149737 0.469244 -0.870281
0.310215 -0.934069 0.176868
0.315853 -0.931577 -0.180003
-0.223417 0.965925 -0.130666
0.005942 -0.934068 -0.357045
0.866551 -0.122511 -0.483819
-0.017968 -0.017427 -0.999687
0.173853 -0.464825 -0.868166
-0.205163 0.488860 -0.847894
-0.442861 0.447214 -0.777093
-0.173854 -0.464827 0.868165
0.671007 -0.455434 0.585090
0.135230 0.902212 -0.409545
0.835907 -0.469659 -0.284042
-0.451553 0.447214 0.772075
-0.790973 0.466584 -0.395805
-0.507090 0.839185 -0.196539
-0.001086 0.999999 0.000519
-0.000046 0.965925 -0.258822
0.321533 -0.928489 -0.185809
0.000000 -1.000000 -0.000000
-0.013196 -0.919604 -0.392624
-0.333591 -0.919604 -0.207473
-0.772560 0.607680 0.184054
-0.544183 0.587039 0.599375
-0.745809 0.371686 0.552828
-0.793225 0.556545 0.247087
-0.699445 0.319675 0.639206
-0.928309 0.015735 0.371476
-0.619189 -0.303778 0.724102
-0.887678 -0.265765 0.376028
-0.464463 -0.248749 0.849940
-0.417093 -0.575008 0.703846
-0.714766 -0.692788 0.095675
-0.413503 -0.909461 0.043542
0.000105 -0.690709 -0.723133
-0.285580 -0.815161 -0.503942
-0.423122 -0.697098 -0.578810
0.000058 -0.915578 -0.402141
-0.377095 -0.911220 0.165764
0.162573 -0.984105 -0.071464
-0.779051 -0.626883 -0.009840
-0.975711 0.058030 -0.211237
-0.925297 0.038548 -0.377279
-0.258981 -0.145215 0.954904
-0.088147 -0.625857 0.774941
0.057924 -0.188854 0.980295
-0.054618 -0.961040 0.270960
0.180706 -0.932937 0.311405
-0.000040 -0.991988 0.126332
-0.730327 0.634987 -0.251820
-0.680031 0.708305 -0.189370
-0.597882 0.784879 -0.162792
-0.230756 0.948202 -0.218323
0.000274 -0.008741 -0.999962
-0.491646 -0.005753 -0.870776
-0.696466 0.018137 -0.717361
0.000149 -0.017428 -0.999848
-0.616256 -0.649536 -0.445344
0.608738 0.181254 0.772389
0.228606 -0.289023 0.929626
0.442009 -0.483736 0.755399
0.594045 -0.288834 0.750790
0.072939 -0.966581 0.245768
0.845695 -0.445279 -0.294152
0.161270 -0.457817 -0.874297
0.772026 0.432483 0.465762
0.803431 0.436361 0.405076
0.822375 0.564715 0.069258
0.709473 0.390274 0.586800
0.718506 0.405272 0.565247
0.883265 -0.090112 0.460133
0.840333 -0.039058 0.540662
0.663278 -0.745545 0.065004
-0.000000 -0.999998 -0.002173
0.455149 0.862198 -0.222382
0.226525 0.945083 -0.235594
0.656778 0.728173 -0.195978
0.801648 0.595134 -0.056360
0.668448 0.714881 -0.205239
0.959493 0.115307 0.257056
0.981591 0.067262 -0.178758
0.931950 0.030124 -0.361333
0.872486 0.150741 0.464806
0.711009 -0.689209 0.139489
0.525846 -0.847827 -0.068379
0.717445 -0.657915 -0.228956
0.258655 -0.959240 0.113826
-0.162557 -0.984103 -0.071536
-0.195878 0.916234 -0.349494
0.000053 0.934350 -0.356356
0.613212 0.691321 -0.382160
0.404080 0.721016 -0.562899
0.472166 0.728001 -0.497065
0.600331 0.005752 -0.799731
0.619628 0.000000 -0.784895
0.616497 -0.649539 -0.445007
0.000180 0.746475 -0.665414
-0.287331 0.714869 -0.637498
-0.314679 0.739564 -0.594997
0.000265 0.712455 -0.701717
0.195982 0.916247 -0.349404
-0.624579 0.686856 -0.371657
0.154428 -0.847518 -0.507805
0.316227 -0.311178 0.896197
0.304174 -0.433244 0.848397
0.232577 -0.143317 0.961961
0.569488 -0.525943 0.631718
0.405627 -0.019778 0.913825
0.501793 0.031684 0.864407
0.623513 0.140670 0.769053
0.747471 0.209010 0.630557
0.828860 0.295258 0.475199
0.870099 0.310587 0.382707
0.870621 0.347352 0.348376
-0.425077 -0.315168 0.848515
-0.447873 -0.286924 0.846808
-0.112897 -0.434335 0.893649
0.295676 -0.462098 0.836087
0.587626 -0.411585 0.696630
0.648827 -0.308262 0.695700
0.705592 -0.265100 0.657162
0.817696 -0.158142 0.553502
0.855118 -0.134353 0.500723
0.905847 -0.039406 0.421769
-0.567145 -0.435951 0.698779
-0.571485 -0.426679 0.700963
-0.394783 -0.439918 0.806609
-0.196433 -0.391956 0.898768
0.000000 -0.321575 0.946884
0.000000 -0.208703 0.977979
0.000000 -0.169455 0.985538
0.000000 -0.050845 0.998707
0.455666 -0.313302 0.833193
0.461467 0.274038 0.843772
0.445401 0.371990 0.814397
0.465741 0.240574 0.851592
0.479755 -0.017200 0.877234
0.479759 -0.017200 0.877232
0.479752 -0.017201 0.877235
0.472585 0.173148 0.864108
0.472582 0.173147 0.864110
-0.296186 -0.274370 -0.914874
-0.293782 0.300355 -0.907458
-0.273249 0.461453 -0.844036
-0.298705 0.243861 -0.922663
-0.308004 0.000000 -0.951385
-0.305385 0.130128 -0.943296
-0.305385 0.130128 -0.943296
-0.133315 0.902143 0.410324
-0.425903 0.869738 0.249324
-0.702031 0.554085 0.447373
0.019848 -0.035466 0.999174
0.076624 0.498543 0.863472
-0.861426 -0.101948 0.497547
-0.161270 -0.457815 0.874298
-0.845696 -0.445279 0.294153
-0.831112 -0.090196 -0.548742
-0.656674 -0.485091 -0.577466
-0.321532 -0.928489 0.185809
0.013197 -0.919605 0.392624
0.222163 0.966491 0.128604
0.836991 -0.250662 0.486431
0.656675 -0.485089 0.577466
0.333591 -0.919605 0.207472
0.222060 0.966490 -0.128785
-0.705569 0.297528 -0.643156
0.205911 -0.704681 -0.678988
186
0 0 1 2 0 1 2 1
0 0 3 4 0 3 4 1
0 0 2 3 0 2 3 1
0 4 5 0 4 5 6 1
0 6 7 8 7 8 9 1
0 0 5 9 6 5 10 1
0 10 11 12 11 12 13 1
0 13 5 4 14 5 4 1
0 14 10 12 15 16 17 1
0 14 12 15 15 17 18 1
0 12 11 16 13 12 19 1
0 4 3 17 4 3 20 1
0 6 8 18 7 9 21 1
0 4 17 13 4 20 14 1
0 19 11 20 22 12 23 1
0 9 5 21 10 5 24 1
0 22 11 10 25 12 11 1
0 3 2 23 3 2 26 1
0 3 23 17 3 26 20 1
0 24 22 10 27 28 16 1
0 24 10 14 27 16 15 1
0 25 24 14 29 27 15 1
0 16 11 19 19 12 22 1
0 25 14 21 29 15 30 1
0 1 16 19 1 31 32 1
0 15 16 1 18 31 1 1
0 15 12 16 18 17 31 1
0 1 19 2 1 32 2 1
0 21 5 25 24 5 33 1
0 20 11 22 23 12 25 1
0 2 19 20 2 32 34 1
0 9 1 0 35 1 0 1
0 9 15 1 35 18 1 1
0 2 20 23 2 34 26 1
0 23 20 22 26 34 28 1
0 23 22 24 26 28 27 1
0 17 23 24 20 26 27 1
0 17 24 25 20 27 29 1
0 17 25 13 20 33 14 1
0 25 5 13 33 5 14 1
0 18 26 27 21 36 37 1
0 27 28 18 37 38 39 1
0 29 30 31 40 41 42 1
0 31 30 32 42 41 43 1
0 33 34 35 44 45 46 1
0 33 36 34 44 47 45 1
0 36 37 34 47 48 45 1
0 36 38 37 47 49 48 1
0 39 40 41 50 51 52 1
0 40 42 41 51 53 52 1
0 40 43 42 51 54 53 1
0 44 42 43 55 53 54 1
0 45 46 47 56 57 58 1
0 45 48 46 56 59 57 1
0 46 49 44 60 61 55 1
0 50 44 43 62 55 54 1
0 50 46 44 62 60 55 1
0 50 43 40 62 54 51 1
0 51 40 38 63 51 49 1
0 51 50 40 63 64 51 1
0 51 38 36 63 49 47 1
0 52 53 54 65 66 67 1
0 52 42 53 65 53 66 1
0 42 55 53 53 68 66 1
0 42 44 55 53 69 68 1
0 44 49 55 69 70 68 1
0 56 36 33 71 47 44 1
0 56 51 36 71 72 47 1
0 56 33 35 71 44 73 1
0 35 57 56 74 74 74 1
0 58 47 59 75 76 77 1
0 58 45 47 75 78 76 1
0 46 50 47 57 79 58 1
0 60 61 62 80 80 80 1
0 63 64 65 81 82 83 1
0 53 66 64 66 84 82 1
0 53 55 66 66 68 84 1
0 55 49 66 68 70 84 1
0 7 29 31 8 85 86 1
0 7 31 8 8 86 9 1
0 67 68 69 87 88 89 1
0 67 70 68 87 90 88 1
0 71 68 70 91 88 90 1
0 72 73 65 92 93 83 1
0 64 72 65 82 92 83 1
0 66 72 64 84 94 82 1
0 48 49 46 59 95 57 1
0 74 57 67 96 97 96 1
0 69 74 67 98 96 96 1
0 69 75 74 89 99 100 1
0 69 68 75 89 88 99 1
0 68 73 72 101 93 92 1
0 68 76 75 101 102 103 1
0 68 72 76 101 92 102 1
0 73 68 71 93 101 104 1
0 72 77 76 105 106 107 1
0 72 66 77 105 108 106 1
0 66 49 77 108 109 106 1
0 56 57 78 110 111 111 1
0 64 54 53 82 67 66 1
0 64 63 54 82 81 67 1
0 75 79 74 112 113 114 1
0 39 38 40 50 49 51 1
0 75 80 79 103 115 116 1
0 75 76 80 103 102 115 1
0 38 39 37 49 50 48 1
0 77 80 76 106 117 107 1
0 78 59 56 118 119 120 1
0 78 58 59 118 121 119 1
0 78 57 74 111 111 122 1
0 42 52 41 53 65 52 1
0 78 79 58 118 113 121 1
0 59 50 51 77 64 63 1
0 59 47 50 77 76 64 1
0 58 80 45 75 115 78 1
0 59 51 56 123 72 71 1
0 45 77 48 56 124 59 1
0 77 49 48 124 95 59 1
0 81 82 83 125 126 127 1
0 81 84 82 125 128 126 1
0 85 83 86 129 127 130 1
0 85 81 83 129 125 127 1
0 87 86 88 131 130 132 1
0 87 85 86 131 129 130 1
0 89 88 90 133 132 134 1
0 89 87 88 133 131 132 1
0 90 91 89 134 135 133 1
0 92 93 94 136 137 138 1
0 95 94 96 139 138 140 1
0 95 92 94 139 136 138 1
0 97 96 98 141 140 142 1
0 97 95 96 141 139 140 1
0 99 98 100 143 142 144 1
0 99 97 98 143 141 142 1
0 101 99 100 145 143 144 1
0 102 103 104 146 147 148 1
0 105 104 106 149 148 150 1
0 105 102 104 149 146 148 1
0 107 106 108 151 150 152 1
0 107 105 106 151 149 150 1
0 108 109 107 152 153 151 1
0 110 111 112 154 154 154 1
0 113 114 115 155 156 157 1
0 116 112 117 158 158 159 1
0 116 110 112 158 160 158 1
0 115 117 113 157 161 155 1
0 115 116 117 157 162 161 1
0 118 119 120 163 163 163 1
0 121 122 123 164 165 166 1
0 124 125 126 167 167 167 1
0 124 127 125 167 167 167 1
0 123 126 121 166 168 164 1
0 123 124 126 166 169 168 1
0 128 28 129 170 38 171 1
0 130 128 129 172 170 171 1
0 130 131 128 172 173 174 1
0 130 132 131 172 175 173 1
0 132 133 131 175 176 173 1
0 132 134 133 175 177 176 1
0 135 134 132 178 177 175 1
0 135 32 134 178 179 177 1
0 134 30 133 180 41 181 1
0 136 28 128 182 38 170 1
0 8 32 135 9 179 178 1
0 8 31 32 9 86 179 1
0 128 131 137 174 173 183 1
0 131 138 137 173 184 183 1
0 131 133 138 173 176 184 1
0 26 132 130 36 175 172 1
0 26 135 132 36 178 175 1
0 133 30 138 181 41 185 1
0 6 28 136 186 38 182 1
0 32 30 134 43 41 180 1
0 27 130 129 37 172 171 1
0 27 26 130 37 36 172 1
0 137 29 7 183 85 8 1
0 137 138 29 183 184 85 1
0 129 28 27 171 38 37 1
0 138 30 29 185 41 40 1
0 18 28 6 39 38 186 1
0 18 135 26 21 178 36 1
0 18 8 135 21 9 178 1
0 139 140 141 187 187 187 1
0 79 78 74 113 118 114 1
0 80 58 79 115 75 116 1
0 77 45 80 124 56 188 1
"Mesh1" 0 1
80
0 -0.162809 -2.107220 0.444660 0.000000 0.000000 3
0 0.023945 -2.313847 0.054883 0.000000 0.000000 3
0 -0.374623 -2.113535 0.072056 0.000000 0.000000 3
0 0.260754 -2.107403 0.444662 0.000000 0.000000 3
0 0.472468 -2.113536 0.071962 0.000000 0.000000 3
0 0.073286 -0.591705 0.005998 0.000000 0.000000 3
0 0.536397 -0.724215 -0.001184 0.000000 0.000000 3
0 0.313893 -0.715176 0.447392 0.000000 0.000000 3
0 -0.162891 -2.119862 -0.356240 0.000000 0.000000 3
0 0.260654 -2.119863 -0.356287 0.000000 0.000000 3
0 -0.194425 -0.715164 0.447441 0.000000 0.000000 3
0 0.313807 -0.733239 -0.436491 0.000000 0.000000 3
0 -0.417016 -0.724182 -0.001088 0.000000 0.000000 3
0 -0.194510 -0.733224 -0.436443 0.000000 0.000000 3
0 0.459370 0.003480 0.481881 0.000000 0.000000 5
0 0.656003 -0.610101 -0.921082 0.000000 0.000000 5
0 0.656002 -0.610101 -0.538573 0.000000 0.000000 5
0 0.459371 0.003479 -0.356272 0.000000 0.000000 5
0 -0.242360 0.003479 -0.356273 0.000000 0.000000 5
0 0.196993 -0.712312 -0.921082 0.000000 0.000000 5
0 -0.262017 -1.325580 0.608950 0.000000 0.000000 5
0 0.351617 -1.478896 0.532449 0.000000 0.000000 5
0 0.045611 -1.581107 0.532448 0.000000 0.000000 5
0 0.043989 -1.223368 0.608950 0.000000 0.000000 5
0 -0.491522 -0.916735 0.685450 0.000000 0.000000 5
0 -0.359315 0.003480 0.072539 0.000000 0.000000 5
0 -0.242360 0.003480 0.481881 0.000000 0.000000 5
0 0.351618 -1.478896 -0.538574 0.000000 0.000000 5
0 0.045611 -1.581107 -0.538574 0.000000 0.000000 5
0 -0.185515 -0.814523 0.685452 0.000000 0.000000 5
0 0.040274 0.229905 0.074884 0.000000 0.000000 5
0 0.656003 -1.223368 -0.921082 0.000000 0.000000 5
0 0.426498 -1.223367 -0.538574 0.000000 0.000000 5
0 0.656002 -1.223368 -0.538574 0.000000 0.000000 5
0 0.426497 -1.223367 -0.921081 0.000000 0.000000 5
0 -0.491522 -0.916735 -0.691578 0.000000 0.000000 5
0 -0.185515 -0.814523 -0.691578 0.000000 0.000000 5
0 0.196993 -0.712312 -0.538574 0.000000 0.000000 5
0 -0.262017 -1.325579 -0.615076 0.000000 0.000000 5
0 0.043989 -1.223368 -0.615075 0.000000 0.000000 5
0 -0.656003 -0.610101 -0.921083 0.000000 0.000000 12
0 -0.459370 0.003480 0.481881 0.000000 0.000000 12
0 -0.656002 -0.610101 -0.538573 0.000000 0.000000 12
0 -0.459371 0.003479 -0.356272 0.000000 0.000000 12
0 -0.196993 -0.712312 -0.921082 0.000000 0.000000 12
0 0.242360 0.003479 -0.356273 0.000000 0.000000 12
0 -0.043989 -1.223368 0.608950 0.000000 0.000000 12
0 -0.045611 -1.581107 0.532448 0.000000 0.000000 12
0 -0.351618 -1.478896 0.532449 0.000000 0.000000 12
0 0.262017 -1.325580 0.608950 0.000000 0.000000 12
0 0.359315 0.003479 0.072539 0.000000 0.000000 12
0 0.491522 -0.916735 0.685450 0.000000 0.000000 12
0 0.242360 0.003479 0.481881 0.000000 0.000000 12
0 -0.045611 -1.581107 -0.538574 0.000000 0.000000 12
0 -0.351618 -1.478896 -0.538574 0.000000 0.000000 12
0 0.185515 -0.814523 0.685451 0.000000 0.000000 12
0 -0.040274 0.229905 0.074884 0.000000 0.000000 12
0 -0.426497 -1.223367 -0.921081 0.000000 0.000000 12
0 -0.656002 -1.223368 -0.538574 0.000000 0.000000 12
0 -0.426498 -1.223367 -0.538574 0.000000 0.000000 12
0 -0.656003 -1.223368 -0.921083 0.000000 0.000000 12
0 0.185515 -0.814523 -0.691578 0.000000 0.000000 12
0 0.491522 -0.916735 -0.691578 0.000000 0.000000 12
0 -0.196993 -0.712312 -0.538574 0.000000 0.000000 12
0 0.262017 -1.325579 -0.615076 0.000000 0.000000 12
0 -0.043990 -1.223368 -0.615076 0.000000 0.000000 12
0 -0.023945 -2.313849 0.054884 0.000000 0.000000 10
0 0.162809 -2.107222 0.444660 0.000000 0.000000 10
0 0.374622 -2.113537 0.072056 0.000000 0.000000 10
0 -0.260754 -2.107404 0.444662 0.000000 0.000000 10
0 -0.472469 -2.113538 0.071962 0.000000 0.000000 10
0 -0.536398 -0.724218 -0.001184 0.000000 0.000000 10
0 -0.073286 -0.591706 0.005998 0.000000 0.000000 10
0 -0.313893 -0.715177 0.447392 0.000000 0.000000 10
0 0.162890 -2.119864 -0.356240 0.000000 0.000000 10
0 -0.260655 -2.119864 -0.356286 0.000000 0.000000 10
0 0.194425 -0.715166 0.447441 0.000000 0.000000 10
0 -0.313807 -0.733241 -0.436491 0.000000 0.000000 10
0 0.417016 -0.724184 -0.001089 0.000000 0.000000 10
0 0.194510 -0.733226 -0.436443 0.000000 0.000000 10
116
0.219058 0.901602 -0.372997
0.014439 0.999559 -0.025938
0.448057 0.893656 -0.024987
-0.199412 0.910881 -0.361290
-0.406887 0.913153 -0.024400
-0.004839 -0.999783 0.020244
-0.274742 -0.961302 0.020361
-0.139192 -0.970741 -0.195671
0.230486 0.916275 0.327592
-0.209112 0.925363 0.316188
-0.000045 0.001978 -0.999998
-0.000096 0.001996 -0.999998
0.000006 0.001961 -0.999998
-0.892083 0.062321 0.447554
-0.987454 0.051590 0.149241
-0.982798 0.042149 -0.179811
-0.895097 0.059868 0.441835
0.131893 -0.972493 -0.191993
0.260512 -0.965255 0.020413
0.882750 0.012330 -0.469682
0.982616 0.027793 -0.183557
0.985451 0.037145 0.165849
0.869011 0.020724 -0.494358
0.129370 -0.964505 0.230203
0.000103 0.057743 0.998331
0.000096 0.057741 0.998332
0.000111 0.057746 0.998331
-0.136316 -0.962676 0.233824
-0.882559 0.024523 -0.469561
-0.895017 0.035033 -0.444655
0.892750 0.048570 0.447927
0.889868 0.046541 0.453837
-0.802278 -0.287677 -0.523061
-0.767818 -0.376597 0.518295
-0.636979 0.155389 -0.755058
-0.429880 -0.827338 0.361544
0.358226 -0.650000 0.670204
0.264662 0.369029 0.890939
0.505281 0.534882 -0.677195
-0.472893 0.257354 -0.842699
0.150623 0.954956 -0.255680
-0.574264 -0.372929 -0.728797
0.651442 0.027655 -0.758194
0.833976 -0.551783 -0.004468
0.364777 -0.619337 -0.695241
-0.868956 0.248612 0.427910
0.063153 0.736596 0.673378
-0.670346 0.267346 -0.692215
0.114189 -0.993439 -0.006322
-0.333329 0.666669 0.666667
0.279684 0.738776 -0.613177
-0.816495 0.408249 -0.408251
0.660129 0.658269 0.361817
0.862955 0.066663 0.500864
-0.151033 0.035982 0.987874
0.160347 0.867270 -0.471309
0.452387 0.583005 0.674872
-0.631037 -0.288343 0.720174
0.570007 -0.380193 0.728386
0.802278 -0.287677 -0.523061
0.888647 0.147662 -0.434169
0.429880 -0.827338 0.361544
-0.629580 0.262860 0.731118
-0.358227 -0.650000 0.670204
0.631036 -0.288343 -0.720175
-0.063154 0.736597 -0.673377
0.868956 0.248614 -0.427910
-0.452389 0.583004 -0.674871
-0.833976 -0.551782 -0.004469
-0.851671 0.104461 -0.513561
-0.364776 -0.619336 -0.695242
-0.150622 0.954956 0.255680
0.472894 0.257354 0.842698
0.420310 0.191109 -0.887027
-0.114190 -0.993439 -0.006323
-0.279687 0.738776 0.613176
0.333330 0.666667 -0.666668
-0.660129 0.658268 -0.361819
0.816495 0.408250 0.408248
0.413183 0.149046 0.898368
-0.795453 -0.056714 0.603356
0.124412 0.801495 -0.584917
-0.418817 0.484533 0.767998
0.661835 -0.484912 0.571695
-0.014438 0.999559 -0.025938
-0.219057 0.901602 -0.372997
-0.448057 0.893656 -0.024987
0.199413 0.910880 -0.361292
0.406885 0.913153 -0.024400
0.274745 -0.961301 0.020362
0.004839 -0.999783 0.020245
0.139193 -0.970741 -0.195670
-0.230484 0.916275 0.327592
0.209112 0.925363 0.316189
0.000045 0.001978 -0.999998
0.000096 0.001996 -0.999998
-0.000006 0.001961 -0.999998
0.987454 0.051590 0.149242
0.892082 0.062321 0.447555
0.982798 0.042149 -0.179812
0.895096 0.059867 0.441836
-0.131895 -0.972493 -0.191993
-0.260514 -0.965254 0.020413
-0.982616 0.027793 -0.183556
-0.882750 0.012330 -0.469680
-0.985451 0.037146 0.165849
-0.869012 0.020724 -0.494356
-0.129370 -0.964505 0.230204
-0.000102 0.057744 0.998331
-0.000096 0.057742 0.998332
-0.000108 0.057746 0.998331
0.136318 -0.962675 0.233825
0.882558 0.024522 -0.469563
0.895016 0.035033 -0.444657
-0.892750 0.048571 0.447927
-0.889868 0.046542 0.453838
144
0 0 1 2 0 1 2 1
0 3 1 0 3 1 0 1
0 4 1 3 4 1 3 1
0 5 6 7 5 6 7 1
0 8 1 9 8 1 9 1
0 2 1 8 2 1 8 1
0 7 0 10 10 10 11 1
0 7 3 0 10 12 10 1
0 9 1 4 9 1 4 1
0 11 4 6 13 14 15 1
0 11 9 4 13 16 14 1
0 5 10 12 5 17 18 1
0 10 2 12 19 20 21 1
0 10 0 2 19 22 20 1
0 5 12 13 5 18 23 1
0 13 9 11 24 24 25 1
0 13 8 9 24 26 24 1
0 5 13 11 5 23 27 1
0 11 6 5 27 6 5 1
0 5 7 10 5 7 17 1
0 6 3 7 15 28 29 1
0 6 4 3 15 14 28 1
0 12 8 13 21 30 31 1
0 12 2 8 21 20 30 1
0 14 15 16 32 33 34 1
0 14 17 15 32 35 33 1
0 18 19 15 36 37 33 1
0 20 21 22 38 39 40 1
0 20 23 21 38 41 39 1
0 24 25 26 42 43 44 1
0 27 22 21 45 40 39 1
0 27 28 22 45 46 40 1
0 23 24 29 41 42 47 1
0 23 20 24 41 38 42 1
0 30 25 18 48 43 36 1
0 31 32 33 49 50 51 1
0 31 34 32 49 52 50 1
0 35 36 18 53 54 36 1
0 30 17 14 48 35 32 1
0 30 14 26 48 32 44 1
0 30 18 17 48 36 35 1
0 37 14 16 55 32 34 1
0 16 32 37 34 50 55 1
0 16 33 32 34 51 50 1
0 20 35 24 38 53 42 1
0 20 38 35 38 56 53 1
0 37 34 19 55 52 37 1
0 37 32 34 55 50 52 1
0 39 28 27 57 46 45 1
0 39 38 28 57 56 46 1
0 19 31 15 37 49 33 1
0 19 34 31 37 52 49 1
0 38 39 36 56 57 54 1
0 25 30 26 43 48 44 1
0 18 36 19 36 54 37 1
0 38 22 28 56 40 46 1
0 38 20 22 56 38 40 1
0 38 36 35 56 54 53 1
0 33 15 31 51 33 49 1
0 33 16 15 51 34 33 1
0 29 24 26 47 42 44 1
0 25 24 35 43 42 53 1
0 18 15 17 36 33 35 1
0 37 29 14 55 47 32 1
0 23 27 21 41 45 39 1
0 23 39 27 41 57 45 1
0 29 26 14 47 44 32 1
0 29 19 36 47 37 54 1
0 29 37 19 47 55 37 1
0 25 35 18 43 53 36 1
0 29 39 23 47 57 41 1
0 29 36 39 47 54 57 1
0 40 41 42 58 59 60 1
0 43 41 40 61 59 58 1
0 44 45 40 62 63 58 1
0 46 47 48 64 65 66 1
0 46 49 47 64 67 65 1
0 50 51 52 68 69 70 1
0 53 48 47 71 66 65 1
0 53 54 48 71 72 66 1
0 49 55 51 67 73 69 1
0 49 46 55 67 64 73 1
0 50 56 45 68 74 63 1
0 57 58 59 75 76 77 1
0 57 60 58 75 78 76 1
0 61 62 45 79 80 63 1
0 43 56 41 61 74 59 1
0 41 56 52 59 74 70 1
0 45 56 43 63 74 61 1
0 41 63 42 59 81 60 1
0 58 63 59 76 81 77 1
0 58 42 63 76 60 81 1
0 64 51 62 82 69 80 1
0 64 49 51 82 67 69 1
0 59 44 57 77 62 75 1
0 59 63 44 77 81 62 1
0 64 54 53 82 72 71 1
0 64 65 54 82 83 72 1
0 57 40 60 75 58 78 1
0 57 44 40 75 62 58 1
0 65 64 61 83 82 79 1
0 56 50 52 74 68 70 1
0 61 45 44 79 63 62 1
0 49 53 47 67 71 65 1
0 49 64 53 67 82 71 1
0 61 64 62 79 82 80 1
0 42 60 40 60 78 58 1
0 42 58 60 60 76 78 1
0 51 55 52 69 73 70 1
0 51 50 62 69 68 80 1
0 40 45 43 58 63 61 1
0 55 63 41 73 81 59 1
0 65 48 54 83 66 72 1
0 65 46 48 83 64 66 1
0 52 55 41 70 73 59 1
0 63 61 44 81 79 62 1
0 63 55 61 81 73 79 1
0 62 50 45 80 68 63 1
0 61 46 65 79 64 83 1
0 61 55 46 79 73 64 1
0 66 67 68 84 85 86 1
0 66 69 67 84 87 85 1
0 66 70 69 84 88 87 1
0 71 72 73 89 90 91 1
0 66 74 75 84 92 93 1
0 66 68 74 84 86 92 1
0 67 73 76 94 94 95 1
0 69 73 67 96 94 94 1
0 66 75 70 84 93 88 1
0 70 77 71 97 98 99 1
0 75 77 70 100 98 97 1
0 76 72 78 101 90 102 1
0 68 76 78 103 104 105 1
0 67 76 68 106 104 103 1
0 78 72 79 102 90 107 1
0 75 79 77 108 108 109 1
0 74 79 75 110 108 108 1
0 79 72 77 107 90 111 1
0 71 77 72 89 111 90 1
0 73 72 76 91 90 101 1
0 69 71 73 112 99 113 1
0 70 71 69 97 99 112 1
0 74 78 79 114 105 115 1
0 68 78 74 103 105 114 1
"Mesh2" 0 2
52
0 -0.163124 -3.054332 -0.128684 0.000000 0.000000 8
0 -0.346325 -0.725147 -0.000429 0.000000 0.000000 3
0 -0.171214 -0.735057 -0.353702 0.000000 0.000000 3
0 0.363149 -3.039644 0.486104 0.000000 0.000000 8
0 0.404008 -0.725183 -0.000505 0.000000 0.000000 3
0 0.228898 -0.715276 0.352523 0.000000 0.000000 3
0 -0.163062 -3.039644 0.486140 0.000000 0.000000 8
0 -0.171146 -0.715263 0.352561 0.000000 0.000000 3
0 0.363087 -3.054333 -0.128719 0.000000 0.000000 8
0 0.228830 -0.735073 -0.353740 0.000000 0.000000 3
0 -0.232133 -1.273801 0.573998 0.000000 0.000000 8
0 -0.333090 -0.498142 0.175740 0.000000 0.000000 8
0 -0.190362 -0.532118 0.657673 0.000000 0.000000 8
0 -1.321794 2.605885 -0.358477 0.000000 0.000000 0
0 -0.209864 -0.527756 -0.328048 0.000000 0.000000 8
0 0.492435 -0.577159 -0.327598 0.000000 0.000000 8
0 -1.439656 3.100000 0.426254 0.000000 0.000000 0
0 -1.463754 3.260000 0.105163 0.000000 0.000000 0
0 -1.317836 2.598109 0.488520 0.000000 0.000000 0
0 0.417867 -1.273800 0.573998 0.000000 0.000000 8
0 0.501931 -0.668886 0.135366 0.000000 0.000000 8
0 0.467867 -1.273800 -0.226002 0.000000 0.000000 8
0 0.451707 -0.648995 0.656826 0.000000 0.000000 8
0 -1.235272 2.280891 0.050000 0.000000 0.000000 0
0 -1.437863 3.100000 -0.301885 0.000000 0.000000 0
0 -0.182133 -1.273801 -0.226002 0.000000 0.000000 8
0 0.333090 -0.498142 0.175740 0.000000 0.000000 15
0 0.232133 -1.273801 0.573998 0.000000 0.000000 15
0 0.190361 -0.532118 0.657673 0.000000 0.000000 15
0 0.209864 -0.527756 -0.328048 0.000000 0.000000 15
0 1.321794 2.605885 -0.358477 0.000000 0.000000 0
0 -0.492435 -0.577159 -0.327598 0.000000 0.000000 15
0 1.439656 3.100000 0.426254 0.000000 0.000000 0
0 1.463754 3.260000 0.105163 0.000000 0.000000 0
0 1.317836 2.598109 0.488520 0.000000 0.000000 0
0 -0.501931 -0.668886 0.135366 0.000000 0.000000 15
0 -0.417867 -1.273800 0.573998 0.000000 0.000000 15
0 -0.467867 -1.273800 -0.226002 0.000000 0.000000 15
0 1.235272 2.280891 0.050000 0.000000 0.000000 0
0 -0.451707 -0.648995 0.656826 0.000000 0.000000 15
0 1.437863 3.100000 -0.301885 0.000000 0.000000 0
0 0.182133 -1.273801 -0.226002 0.000000 0.000000 15
0 0.163124 -3.054332 -0.128684 0.000000 0.000000 15
0 -0.363087 -3.054333 -0.128719 0.000000 0.000000 15
0 0.163062 -3.039644 0.486140 0.000000 0.000000 15
0 -0.363149 -3.039644 0.486104 0.000000 0.000000 15
0 0.346324 -0.725149 -0.000430 0.000000 0.000000 10
0 0.171213 -0.735059 -0.353702 0.000000 0.000000 10
0 -0.404009 -0.725186 -0.000505 0.000000 0.000000 10
0 -0.228899 -0.715277 0.352523 0.000000 0.000000 10
0 0.171146 -0.715265 0.352561 0.000000 0.000000 10
0 -0.228831 -0.735075 -0.353740 0.000000 0.000000 10
98
-0.971952 -0.063987 -0.226306
-0.999328 -0.036626 0.001181
-0.895532 -0.046066 -0.442607
0.973419 0.030539 0.226986
0.999701 0.024421 -0.001019
0.894047 0.077000 0.441307
0.000082 0.057377 0.998353
0.000068 0.057379 0.998352
-0.972948 -0.028851 0.229218
-0.895784 0.022396 0.443925
-0.000082 -0.096571 -0.995326
-0.000066 -0.096568 -0.995326
-0.000098 -0.096575 -0.995326
0.000097 0.057374 0.998353
0.973621 -0.004548 -0.228126
0.895751 0.008729 -0.444470
0.598617 0.056433 -0.799045
0.982621 0.185483 0.007256
0.593896 0.162789 -0.787901
0.861611 0.309636 0.402183
0.871646 0.259831 0.415598
0.000043 0.009725 0.999953
0.950080 0.298507 -0.090789
0.951114 0.300035 0.073221
0.902830 0.309032 -0.298994
0.498920 0.224933 0.836949
-0.668950 0.136958 -0.730580
-0.971190 -0.224332 -0.080409
-0.993721 0.093061 -0.062108
-0.907385 -0.260704 -0.329676
-0.867001 -0.496214 -0.045618
0.870554 0.297510 -0.391948
0.985219 0.159849 0.061576
0.644356 0.166640 0.746349
-0.437647 0.141255 0.887982
-0.855096 -0.497731 -0.145169
-0.694679 0.127735 0.707887
-0.998825 0.039350 0.028284
0.447171 0.053563 0.892843
-0.456576 0.075313 0.886491
0.882344 0.044681 0.468480
-0.903623 0.063741 0.423560
0.904502 0.043592 -0.424237
0.457228 0.062035 -0.887183
-0.446634 0.058268 -0.892818
-0.881288 0.060027 -0.468752
-0.849144 -0.485990 -0.206803
-0.868655 -0.464445 0.172423
-0.011918 -0.058236 -0.998232
-0.982621 0.185483 0.007255
-0.598616 0.056432 -0.799046
-0.593895 0.162789 -0.787901
-0.871646 0.259831 0.415598
-0.861611 0.309636 0.402183
-0.000043 0.009725 0.999953
-0.950079 0.298507 -0.090790
-0.951114 0.300035 0.073221
-0.902830 0.309033 -0.298993
-0.498919 0.224933 0.836950
0.971190 -0.224332 -0.080409
0.668950 0.136958 -0.730581
0.993721 0.093061 -0.062108
0.867001 -0.496214 -0.045618
0.907385 -0.260704 -0.329676
-0.870554 0.297510 -0.391948
-0.985219 0.159849 0.061576
-0.644356 0.166640 0.746349
0.437647 0.141255 0.887982
0.855096 -0.497731 -0.145169
0.998825 0.039350 0.028284
0.694679 0.127735 0.707887
0.716343 0.072440 0.693978
-0.695262 0.056507 0.716532
-0.684415 0.047074 0.727572
0.705194 0.079990 0.704488
-0.716896 0.054779 -0.695025
-0.705490 0.062719 -0.705939
0.694072 0.066802 -0.716799
0.683794 0.057395 -0.727414
0.849144 -0.485990 -0.206803
0.868655 -0.464445 0.172423
0.011918 -0.058236 -0.998232
0.999328 -0.036626 0.001179
0.971952 -0.063987 -0.226307
0.895531 -0.046066 -0.442608
-0.999701 0.024420 -0.001019
-0.973419 0.030538 0.226986
-0.894047 0.077000 0.441306
-0.000082 0.057377 0.998353
-0.000068 0.057379 0.998352
0.972948 -0.028851 0.229216
0.895785 0.022396 0.443922
0.000082 -0.096571 -0.995326
0.000066 -0.096568 -0.995326
0.000098 -0.096575 -0.995326
-0.000097 0.057374 0.998353
-0.973621 -0.004548 -0.228126
-0.895751 0.008729 -0.444470
80
0 0 1 2 0 1 2 1
0 3 4 5 3 4 5 1
0 5 6 3 6 6 7 1
0 1 6 7 1 8 9 1
0 2 8 0 10 10 11 1
0 8 2 9 10 10 12 1
0 6 5 7 6 6 13 1
0 6 1 0 8 1 0 1
0 4 8 9 4 14 15 1
0 4 3 8 4 3 14 1
0 10 11 12 16 17 18 1
0 13 14 15 19 20 21 1
0 16 11 17 22 17 23 1
0 16 12 11 22 18 17 1
0 18 12 16 24 24 25 1
0 19 20 21 26 27 28 1
0 22 23 20 29 30 27 1
0 17 14 24 23 20 31 1
0 17 11 14 23 17 20 1
0 11 10 25 17 32 33 1
0 25 15 14 33 34 20 1
0 23 15 20 30 35 27 1
0 19 12 22 26 18 29 1
0 21 20 15 36 37 34 1
0 0 21 25 38 39 40 1
0 11 25 14 17 33 20 1
0 21 0 8 39 38 41 1
0 6 25 10 42 40 43 1
0 6 0 25 42 38 40 1
0 10 3 6 43 44 42 1
0 8 19 21 41 45 39 1
0 8 3 19 41 44 45 1
0 15 25 21 34 33 36 1
0 12 19 10 18 26 16 1
0 3 10 19 44 43 45 1
0 15 23 13 35 30 46 1
0 23 22 18 30 29 47 1
0 12 18 22 24 24 48 1
0 14 13 24 20 19 31 1
0 20 19 22 27 26 29 1
0 26 27 28 49 50 51 1
0 29 30 31 52 53 54 1
0 26 32 33 49 55 56 1
0 28 32 26 51 55 49 1
0 28 34 32 57 57 58 1
0 35 36 37 59 60 61 1
0 38 39 35 62 63 59 1
0 29 33 40 52 56 64 1
0 26 33 29 49 56 52 1
0 27 26 41 65 49 66 1
0 31 41 29 67 66 52 1
0 31 38 35 68 62 59 1
0 28 36 39 51 60 63 1
0 35 37 31 69 70 67 1
0 37 42 41 71 72 73 1
0 41 26 29 66 49 52 1
0 42 37 43 72 71 74 1
0 42 27 41 72 75 73 1
0 42 44 27 72 76 75 1
0 45 27 44 77 75 76 1
0 45 37 36 77 71 78 1
0 45 43 37 77 74 71 1
0 41 31 37 66 67 70 1
0 36 28 27 60 51 50 1
0 27 45 36 75 77 78 1
0 38 31 30 62 68 79 1
0 39 38 34 63 62 80 1
0 34 28 39 57 57 81 1
0 30 29 40 53 52 64 1
0 36 35 39 60 59 63 1
0 46 42 47 82 83 84 1
0 48 45 49 85 86 87 1
0 44 49 45 88 88 89 1
0 44 46 50 90 82 91 1
0 43 47 42 92 92 93 1
0 47 43 51 92 92 94 1
0 49 44 50 88 88 95 1
0 46 44 42 82 90 83 1
0 43 48 51 96 85 97 1
0 45 48 43 86 85 96 1
"Mesh3" 0 3
0
0
0
"Mesh4" 0 4
0
0
0
"Mesh5" 0 5
0
0
0
"Mesh6" 0 6
0
0
0
"Mesh7" 0 7
33
0 -0.510428 -0.296783 -0.487878 0.186710 0.761387 1
0 -0.562895 -0.058705 -0.776589 0.153321 0.649902 1
0 -0.793812 0.208826 -0.289061 0.006369 0.490059 1
0 0.510428 -0.296783 -0.487878 0.836365 0.761387 1
0 0.562896 -0.058705 -0.776588 0.869755 0.649902 1
0 0.204101 -0.531164 -0.776794 0.641423 0.870661 1
0 -0.204302 -0.531164 -0.776794 0.381523 0.870661 1
0 0.730628 0.209004 -0.290420 0.976496 0.489953 1
0 -0.797257 0.794451 -0.704565 0.004177 0.155541 1
0 -0.618963 0.207798 -0.750582 0.117640 0.490674 1
0 -0.625246 0.752021 -0.830174 0.113642 0.180895 1
0 0.814056 0.630124 -0.774521 0.977679 0.259522 1
0 0.618965 0.207798 -0.750582 0.905436 0.490674 1
0 0.213959 -0.603745 -0.639088 0.647697 0.914027 1
0 0.516417 -0.252682 -0.269000 0.840176 0.735038 1
0 -0.214171 -0.603745 -0.639088 0.375243 0.914027 1
0 0.334223 1.065040 -0.984557 0.739856 0.055398 1
0 0.000000 0.692989 -1.159475 0.511537 0.216165 1
0 0.625245 0.752021 -0.830174 0.909433 0.180896 1
0 -0.632841 1.169830 -0.922234 0.108809 0.131216 1
0 -0.000035 0.312862 -1.073350 0.511515 0.427900 1
0 0.584271 0.910489 -0.952007 0.883357 0.086215 1
0 -0.183154 0.017032 -1.053205 0.394981 0.604651 1
0 -0.000040 0.094006 -1.229011 0.511512 0.558661 1
0 0.183156 0.017033 -1.053205 0.628094 0.604651 1
0 0.000000 -0.656560 -0.665999 0.511537 0.945583 1
0 0.000000 -0.247346 0.300000 0.511537 0.731849 1
0 0.000000 -0.597714 -0.821614 0.511537 0.910424 1
0 0.000000 -0.058047 -1.106226 0.511537 0.649509 1
0 -0.566419 -0.252719 -0.266167 0.151078 0.735059 1
0 -0.000041 0.007627 -1.216804 0.511511 0.610271 1
0 0.076766 1.306393 -0.986968 0.560390 0.049623 1
0 0.000000 0.892990 -1.109475 0.511537 0.096670 1
34
0.812697 0.542121 0.213609
0.762302 0.225698 0.606593
0.911055 0.322484 0.256869
-0.830808 0.541627 0.128055
-0.784834 0.219053 0.579700
-0.568445 0.577844 0.585633
0.568465 0.577777 0.585680
-0.929008 0.346885 0.128901
0.785855 0.192743 0.587607
0.669156 0.154172 0.726953
0.517605 0.151473 0.842105
-0.364930 0.487592 0.793146
-0.628181 0.201160 0.751614
-0.499117 0.862121 0.087342
-0.571283 0.754158 -0.323853
0.508676 0.851068 0.130123
-0.153904 0.151563 0.976392
-0.034899 0.019200 0.999206
-0.144336 0.340051 0.929265
0.274943 -0.119958 0.953948
0.000042 -0.165294 0.986244
0.239522 0.629930 0.738795
0.580529 0.217067 0.784773
0.000121 -0.223674 0.974664
-0.580500 0.217042 0.784801
-0.005245 0.968407 -0.249319
-0.016848 0.920658 -0.390007
-0.000121 0.721568 0.692344
-0.000002 0.686889 0.726762
0.587427 0.777105 -0.225915
0.000055 0.589829 0.807528
-0.232960 -0.236151 0.943378
0.029688 -0.264884 0.963823
0.144687 -0.305739 0.941058
52
0 0 1 2 0 1 2 1
0 3 4 5 3 4 5 1
0 1 0 6 1 0 6 1
0 4 3 7 4 3 7 1
0 8 9 10 8 9 10 1
0 11 12 7 11 12 7 1
0 9 2 1 9 2 1 1
0 7 12 4 7 12 4 1
0 3 13 14 3 13 14 1
0 0 15 6 0 15 6 1
0 16 17 18 16 17 18 1
0 17 19 10 17 19 10 1
0 1 20 9 1 20 9 1
0 20 4 12 20 4 12 1
0 18 21 16 18 21 16 1
0 18 11 21 18 11 21 1
0 20 22 23 20 22 23 1
0 4 20 24 4 20 24 1
0 20 1 22 20 1 22 1
0 24 5 4 24 5 4 1
0 14 25 26 14 25 26 1
0 5 27 13 5 27 13 1
0 22 27 28 22 27 28 1
0 29 0 2 29 0 2 1
0 15 0 29 15 0 29 1
0 12 17 20 12 17 20 1
0 17 9 20 17 9 20 1
0 3 14 7 3 14 7 1
0 10 9 17 10 9 17 1
0 9 8 2 9 8 2 1
0 17 12 18 17 12 18 1
0 6 22 1 6 22 1 1
0 24 20 23 24 20 23 1
0 28 24 30 28 24 30 1
0 28 30 22 28 30 22 1
0 27 24 28 27 24 28 1
0 25 13 27 25 13 27 1
0 25 29 26 25 29 26 1
0 13 3 5 13 3 5 1
0 17 31 32 17 31 32 1
0 17 16 31 17 16 31 1
0 19 32 31 19 32 33 1
0 19 17 32 19 17 32 1
0 12 11 18 12 11 18 1
0 24 23 30 24 23 30 1
0 23 22 30 23 22 30 1
0 13 25 14 13 25 14 1
0 25 15 29 25 15 29 1
0 15 25 27 15 25 27 1
0 24 27 5 24 27 5 1
0 27 22 6 27 22 6 1
0 27 6 15 27 6 15 1
"Mesh8" 0 8
38
0 -2.532418 -1.854705 2.080396 0.500000 0.798919 2
0 -3.715193 -2.298871 -0.209590 0.998000 0.993208 2
0 -3.359321 -1.681658 -0.209590 0.998000 0.798892 2
0 -2.451382 -1.854705 -2.672901 0.500000 0.798919 2
0 -2.548156 -2.403523 -2.867850 0.500000 0.993205 2
0 2.451382 -1.854705 -2.672901 0.500000 0.798892 2
0 3.715193 -2.298871 -0.209590 0.998000 0.993208 2
0 3.359321 -1.681658 -0.209590 0.998000 0.798892 2
0 2.532418 -1.854705 2.080396 0.500000 0.798919 2
0 2.632391 -2.403523 2.212343 0.500000 0.993205 2
0 -0.172449 -1.948005 2.815300 0.020000 0.798892 2
0 -2.632391 -2.403523 2.212343 0.500000 0.993205 2
0 -0.172449 -1.948005 -3.307704 0.040000 0.798892 2
0 0.000000 -2.496824 -3.657593 0.002000 0.993208 2
0 0.000000 -1.948005 -3.320587 0.002000 0.798892 2
0 0.172449 -1.948005 2.815300 0.002000 0.798892 2
0 0.000000 -2.496824 3.175746 0.002000 0.993208 2
0 0.000000 -1.948005 2.840876 0.002000 0.798892 2
0 0.172448 -1.948005 -3.307704 0.040000 0.798892 2
0 2.548156 -2.403523 -2.867849 0.500000 0.993208 2
0 -2.495052 -0.619268 -0.214376 0.998000 0.384273 2
0 -0.596546 0.496493 0.436239 0.500000 0.022420 2
0 -1.632227 -0.619269 1.370851 0.500000 0.384302 2
0 -0.608721 0.496493 -0.659478 0.500000 0.022420 2
0 -0.860861 0.496493 -0.111619 0.998000 0.022417 2
0 -1.649794 -0.619269 -1.909595 0.500000 0.384302 2
0 2.495050 -0.619269 -0.214376 0.998000 0.384273 2
0 0.596546 0.496493 -0.659478 0.500000 0.022420 2
0 1.649793 -0.619269 -1.909595 0.500000 0.384273 2
0 0.596546 0.496493 0.436239 0.500000 0.022420 2
0 0.843643 0.496493 -0.111619 0.998000 0.022417 2
0 1.632226 -0.619269 1.370851 0.500000 0.384302 2
0 0.000000 -0.619269 1.927785 0.002000 0.384273 2
0 0.000000 0.496493 0.663169 0.002000 0.022417 2
0 0.000000 -0.619269 -2.266529 0.020000 0.384273 2
0 0.000000 -0.619269 -2.266529 0.002000 0.384273 2
0 0.000000 0.496493 -0.836408 0.002000 0.022417 2
0 0.000000 0.496493 -0.836408 0.020000 0.022417 2
49
0.595194 -0.535368 -0.599271
0.914903 -0.403670 -0.001761
0.823491 -0.567328 0.001500
0.575829 -0.559302 0.596324
0.488117 -0.403861 0.773717
-0.575829 -0.559302 0.596324
-0.847814 -0.383992 0.365736
-0.779138 -0.536118 0.324841
-0.595194 -0.535368 -0.599270
-0.853681 -0.366713 -0.369798
-0.519075 -0.355110 -0.777469
0.209933 -0.478845 -0.852429
0.519074 -0.355110 -0.777469
0.159833 -0.523020 0.837200
0.155765 -0.495751 0.854382
0.061090 -0.572345 0.817734
-0.209933 -0.478845 -0.852429
-0.209002 -0.490106 -0.846235
-0.123511 -0.539650 -0.832780
-0.159833 -0.523020 0.837200
-0.488117 -0.403860 0.773717
0.658926 -0.752153 -0.009064
0.405798 -0.779485 -0.477211
0.436042 -0.727024 -0.530381
0.356585 -0.821702 0.444583
0.564301 -0.825497 -0.010878
0.400706 -0.750104 0.526098
-0.626766 -0.722212 0.292531
-0.356063 -0.823129 0.442355
-0.400017 -0.750817 0.525605
-0.627970 -0.715430 -0.306291
-0.405687 -0.782136 -0.472949
-0.552765 -0.795170 -0.249310
-0.436042 -0.727024 -0.530380
0.214300 -0.645055 -0.733471
0.244065 -0.727184 -0.641589
0.152749 -0.783745 0.602006
0.138572 -0.613290 0.777607
-0.214300 -0.645055 -0.733471
-0.145979 -0.686541 0.712286
-0.179477 -0.775628 0.605135
-0.155765 -0.495751 0.854382
-0.061090 -0.572345 0.817734
0.209002 -0.490106 -0.846235
0.123511 -0.539650 -0.832780
0.176000 -0.776123 0.605522
-0.533099 -0.811168 0.240440
-0.779318 -0.537551 -0.322029
-0.244065 -0.727184 -0.641589
56
0 0 1 2 0 1 2 1
0 3 1 4 3 1 4 1
0 5 6 7 5 6 7 1
0 8 6 9 8 9 10 1
0 10 11 0 11 12 0 1
0 12 13 14 13 14 15 1
0 15 16 17 16 17 18 1
0 18 19 5 19 20 5 1
0 20 21 22 21 22 23 1
0 20 0 2 21 0 2 1
0 20 23 24 21 24 25 1
0 20 3 25 21 3 26 1
0 26 27 28 27 28 29 1
0 26 5 7 27 5 7 1
0 26 29 30 30 31 32 1
0 26 8 31 30 8 33 1
0 32 21 33 34 22 35 1
0 32 0 22 34 0 23 1
0 34 23 25 36 24 26 1
0 35 12 14 37 13 15 1
0 32 29 31 38 31 33 1
0 32 15 17 38 16 18 1
0 35 27 36 39 28 40 1
0 35 5 28 39 5 29 1
0 13 18 14 41 19 42 1
0 4 12 3 4 13 3 1
0 18 35 14 19 39 42 1
0 3 35 25 3 37 26 1
0 9 15 8 10 16 8 1
0 16 10 17 43 11 44 1
0 10 32 17 11 34 44 1
0 8 32 31 8 38 33 1
0 12 4 13 13 4 14 1
0 19 18 13 20 19 41 1
0 5 35 18 5 39 19 1
0 35 3 12 37 3 13 1
0 3 20 2 3 21 2 1
0 1 3 2 1 3 2 1
0 1 0 11 1 0 12 1
0 0 20 22 0 21 23 1
0 23 20 25 24 21 26 1
0 21 20 24 22 21 25 1
0 23 34 37 24 36 45 1
0 27 35 28 28 39 29 1
0 27 26 30 28 27 46 1
0 29 26 31 31 30 33 1
0 8 26 7 8 30 47 1
0 5 26 28 5 27 29 1
0 6 5 19 6 5 20 1
0 6 8 7 9 8 47 1
0 15 9 16 16 10 17 1
0 11 10 16 12 11 43 1
0 0 32 10 0 34 11 1
0 32 8 15 38 8 16 1
0 29 32 33 31 38 48 1
0 21 32 22 22 34 23 1
"Mesh9" 0 9
97
0 -0.752240 -0.127393 1.175321 0.165823 0.352335 2
0 0.000001 -0.523898 1.204512 0.320313 0.445493 2
0 -0.815018 -0.528742 1.218170 0.152931 0.446630 2
0 -0.196152 -1.183330 0.187990 0.549241 0.725880 2
0 0.364010 -1.433333 -0.666151 0.600060 0.745869 2
0 -0.364009 -1.433333 -0.666151 0.524940 0.745869 2
0 0.196152 -1.183330 0.187990 0.584832 0.725880 2
0 -0.364009 -1.433333 -0.666151 0.395070 0.659162 2
0 0.000000 -0.095367 -0.719494 0.320313 0.344825 2
0 -1.104224 -0.433333 -0.616151 0.320313 0.423739 2
0 -0.316241 -1.483333 0.983813 0.255353 0.659766 2
0 -1.138746 -0.483333 0.983813 0.140547 0.435984 2
0 0.000001 -0.523898 1.204512 0.320313 0.429688 2
0 -0.316241 -1.483333 0.983813 0.529274 0.707256 2
0 0.316241 -1.483333 0.983813 0.595726 0.707256 2
0 -0.809778 0.538121 0.666148 0.137500 0.195977 2
0 -1.480626 -0.333333 0.187988 0.033906 0.400722 2
0 -1.156826 0.246377 -0.026673 0.040000 0.264516 2
0 -1.104224 -0.433333 -0.616151 0.140547 0.424214 2
0 -1.156826 0.246377 -0.026673 0.064375 0.264516 2
0 0.752242 -0.127393 1.175321 0.474802 0.352335 2
0 0.815018 -0.528742 1.218170 0.487708 0.446641 2
0 0.316241 -1.483333 0.983813 0.385272 0.659766 2
0 1.138746 -0.483333 0.983813 0.500078 0.435984 2
0 1.480626 -0.333333 0.187988 0.606719 0.400722 2
0 0.809778 0.538121 0.666149 0.503125 0.195977 2
0 1.156826 0.246377 -0.026673 0.600625 0.264516 2
0 1.104224 -0.433333 -0.616151 0.500078 0.424214 2
0 0.924392 0.002569 -0.546288 0.503125 0.321817 2
0 1.156826 0.246377 -0.026673 0.576250 0.264516 2
0 1.480626 -0.333333 0.187988 0.603672 0.400722 2
0 0.000000 -0.095367 -0.719494 0.320313 0.344810 2
0 -0.961367 0.002569 -0.546288 0.137500 0.321817 2
0 0.000000 0.570078 0.781617 0.320313 0.188466 2
0 0.364010 -1.433333 -0.666151 0.500078 0.659184 2
0 -0.316241 -1.483333 0.983813 0.499516 0.921750 2
0 -0.567685 -0.137000 0.748702 0.226231 0.921750 7
0 -1.138746 -0.483333 0.983813 0.226220 0.704484 2
0 -0.197601 -4.028666 0.485357 0.447200 0.998750 7
0 0.448070 -1.187000 0.779298 0.683258 0.956290 7
0 0.344205 -4.028666 0.485357 0.717200 0.998750 7
0 -0.466180 -4.028666 -0.044769 0.001000 0.998750 7
0 -0.567685 -0.137000 0.748702 0.365304 0.940432 7
0 -0.197601 -4.028666 -0.674894 0.541400 0.998750 7
0 -0.996627 -0.037000 -0.055358 0.999000 0.938919 7
0 -0.466180 -4.028666 -0.044769 0.999000 0.998750 7
0 -1.104224 -0.433333 -0.616151 0.237711 0.693614 2
0 -0.996627 -0.037000 -0.055358 0.016109 0.921750 7
0 -0.547870 -0.137000 -0.862755 0.250934 0.921750 7
0 -1.480626 -0.333333 0.187988 0.016109 0.672000 2
0 -0.316241 -1.483333 0.983813 0.705392 0.942823 2
0 0.623736 -1.237000 -0.056687 0.999000 0.957044 7
0 -0.364009 -1.433333 -0.666151 0.307000 0.942069 2
0 0.623736 -1.237000 -0.056687 0.010000 0.957044 7
0 -0.196152 -1.183330 0.187990 0.010000 0.938294 2
0 -0.547870 -0.137000 -0.862755 0.623692 0.940432 7
0 0.342738 -1.187000 -0.875523 0.334400 0.956288 7
0 0.265804 -2.987212 -0.750185 0.336788 0.983479 7
0 0.562620 -3.020197 -0.051177 0.010000 0.983975 7
0 0.344205 -4.028666 -0.674894 0.292800 0.998750 7
0 0.562620 -3.020197 -0.051177 0.999000 0.983975 7
0 -0.996627 -0.037000 -0.055358 0.001000 0.938919 7
0 -0.364009 -1.433333 -0.666151 0.484113 0.921750 2
0 0.612784 -4.028666 -0.044768 0.999000 0.998750 7
0 -0.196152 -1.183330 0.187990 0.999000 0.938294 2
0 0.612784 -4.028666 -0.044768 0.010000 0.998750 7
0 0.567685 -0.137000 0.748702 0.226231 0.921750 14
0 0.316241 -1.483333 0.983813 0.499516 0.921750 2
0 1.138746 -0.483333 0.983813 0.226220 0.704484 2
0 -0.448070 -1.187000 0.779298 0.683258 0.956290 14
0 0.197601 -4.028666 0.485357 0.447200 0.998750 14
0 -0.344205 -4.028666 0.485357 0.717200 0.998750 14
0 0.567685 -0.137000 0.748702 0.365304 0.940432 14
0 0.466180 -4.028666 -0.044768 0.001000 0.998750 14
0 0.996627 -0.037000 -0.055357 0.999000 0.938919 14
0 0.197601 -4.028666 -0.674894 0.541400 0.998750 14
0 0.466180 -4.028666 -0.044768 0.999000 0.998750 14
0 0.996627 -0.037000 -0.055357 0.016109 0.921750 14
0 1.104224 -0.433333 -0.616151 0.237711 0.693614 2
0 0.547870 -0.137000 -0.862755 0.250934 0.921750 14
0 1.480626 -0.333333 0.187988 0.016109 0.672000 2
0 -0.623736 -1.237000 -0.056687 0.999000 0.957044 14
0 0.316241 -1.483333 0.983813 0.705392 0.942823 2
0 -0.623736 -1.237000 -0.056687 0.010000 0.957044 14
0 0.364010 -1.433333 -0.666151 0.307028 0.942068 2
0 0.196152 -1.183330 0.187990 0.010000 0.938294 2
0 0.547870 -0.137000 -0.862755 0.623692 0.940432 14
0 -0.342738 -1.187000 -0.875523 0.334380 0.956290 14
0 -0.265804 -2.987212 -0.750185 0.336800 0.983481 14
0 -0.562620 -3.020197 -0.051177 0.010000 0.983975 14
0 -0.344205 -4.028666 -0.674894 0.292800 0.998750 14
0 -0.562620 -3.020197 -0.051177 0.999000 0.983975 14
0 0.996627 -0.037000 -0.055357 0.001000 0.938919 14
0 0.364010 -1.433333 -0.666151 0.484113 0.921750 2
0 -0.612784 -4.028666 -0.044769 0.999000 0.998750 14
0 0.196152 -1.183330 0.187990 0.999000 0.938294 2
0 -0.612784 -4.028666 -0.044769 0.010000 0.998750 14
96
0.264915 -0.362689 -0.893463
0.000000 -0.368873 -0.929480
0.298113 0.113256 -0.947788
0.000000 0.997330 -0.073032
0.000000 0.959734 -0.280910
0.000000 0.988942 0.148305
0.044257 0.027774 0.998634
-0.039699 -0.037386 0.998512
0.088420 0.015652 0.995960
0.191467 0.322333 -0.927061
0.711752 -0.140112 -0.688315
0.000000 0.227863 -0.973693
0.000000 0.935721 0.352741
0.508286 -0.533926 -0.675698
0.827977 -0.467284 -0.310001
0.825585 -0.531408 -0.189779
0.661555 -0.313126 0.681393
0.830578 -0.326797 0.450936
0.845247 -0.311280 0.434354
-0.264916 -0.362688 -0.893463
-0.298113 0.113256 -0.947788
-0.191467 0.322333 -0.927061
-0.711753 -0.140111 -0.688315
-0.827977 -0.467283 -0.310001
-0.508287 -0.533926 -0.675698
-0.825585 -0.531408 -0.189778
-0.517119 -0.254977 0.817052
-0.493373 -0.332370 0.803812
-0.802430 -0.354325 0.480166
-0.845247 -0.311280 0.434354
0.153259 -0.205155 0.966656
0.533703 -0.301538 0.790086
0.000001 -0.360564 -0.932734
-0.044257 0.027774 0.998634
0.258806 0.212869 0.942182
-0.197944 0.760863 0.617985
-0.076884 0.643674 0.761428
0.376332 0.111469 -0.919755
-0.660058 -0.226856 -0.716142
-0.732154 0.047037 -0.679513
0.884223 0.115343 -0.452599
0.888392 0.220110 -0.402879
0.536993 0.102046 0.837392
0.894931 0.112109 0.431891
0.913010 0.122361 0.389153
-0.577825 0.477546 -0.661867
-0.553943 0.815841 -0.165985
-0.520751 0.318559 -0.792048
-0.491457 0.865761 0.094485
0.218806 -0.890003 0.400023
-0.380177 -0.898092 -0.221125
0.036197 -0.927378 -0.372370
-0.315739 -0.922793 0.220820
0.019861 -0.960590 0.277257
0.463644 0.024775 0.885675
-0.834277 -0.467568 0.292168
-0.410823 0.051894 0.910237
-0.926828 0.003887 0.375465
-0.719004 -0.004806 0.694990
-0.949768 0.016421 -0.312524
0.882264 0.116033 -0.456231
-0.313806 -0.185727 -0.931145
-0.891054 -0.047192 -0.451438
-0.170197 -0.913318 -0.369978
-0.919063 -0.043227 0.391733
0.197944 0.760863 0.617985
-0.258806 0.212869 0.942182
0.076884 0.643674 0.761428
0.660058 -0.226856 -0.716142
-0.376332 0.111469 -0.919755
0.732154 0.047037 -0.679513
-0.888392 0.220110 -0.402880
-0.884222 0.115343 -0.452600
-0.894931 0.112109 0.431891
-0.536993 0.102046 0.837392
-0.913010 0.122361 0.389153
0.553943 0.815841 -0.165985
0.577825 0.477547 -0.661866
0.520751 0.318559 -0.792047
0.491457 0.865761 0.094485
0.380177 -0.898092 -0.221125
-0.218806 -0.890003 0.400023
0.315739 -0.922793 0.220820
-0.036197 -0.927378 -0.372370
-0.019861 -0.960590 0.277257
-0.463644 0.024775 0.885675
0.834277 -0.467568 0.292168
0.410823 0.051894 0.910237
0.926828 0.003887 0.375465
0.719004 -0.004806 0.694990
0.949768 0.016421 -0.312524
-0.882264 0.116033 -0.456231
0.313806 -0.185726 -0.931145
0.891054 -0.047192 -0.451437
0.170197 -0.913318 -0.369978
0.919063 -0.043228 0.391733
88
0 0 1 2 0 1 2 1
0 3 4 5 3 4 4 1
0 3 6 4 3 5 4 1
0 7 8 9 6 7 8 1
0 2 10 11 2 9 10 1
0 11 0 2 10 0 2 1
0 12 10 2 11 9 2 1
0 6 13 14 5 12 12 1
0 6 3 13 5 3 12 1
0 15 16 17 13 14 15 1
0 18 19 16 16 17 18 1
0 1 20 21 1 19 20 1
0 22 21 23 21 20 22 1
0 20 23 21 19 22 20 1
0 22 12 21 21 11 20 1
0 24 25 26 23 24 25 1
0 8 27 28 7 26 27 1
0 29 27 30 28 26 29 1
0 18 31 32 16 30 31 1
0 19 18 32 17 16 31 1
0 27 29 28 26 28 27 1
0 25 1 33 24 1 32 1
0 1 15 33 1 13 32 1
0 0 11 15 0 10 13 1
0 23 20 25 22 19 24 1
0 15 1 0 13 1 0 1
0 1 25 20 1 24 19 1
0 16 15 11 14 13 10 1
0 25 24 23 24 23 22 1
0 12 22 10 11 21 9 1
0 8 34 27 7 33 26 1
0 8 7 34 7 6 33 1
0 35 36 37 34 35 36 1
0 38 39 40 37 38 39 1
0 41 42 38 40 41 37 1
0 43 44 45 42 43 44 1
0 46 47 48 45 46 47 1
0 49 36 47 48 35 46 1
0 50 51 39 49 50 38 1
0 52 53 54 51 52 53 1
0 52 55 56 51 54 55 1
0 57 55 43 56 54 42 1
0 55 57 56 54 56 55 1
0 57 58 56 56 57 55 1
0 58 57 59 57 56 58 1
0 39 60 40 38 59 39 1
0 60 39 51 59 38 50 1
0 56 58 53 55 57 52 1
0 39 38 42 38 37 41 1
0 42 50 39 41 49 38 1
0 42 41 61 41 40 60 1
0 36 49 37 35 48 36 1
0 44 43 55 43 42 54 1
0 47 46 49 46 45 48 1
0 57 43 59 56 42 58 1
0 48 62 46 47 61 45 1
0 40 60 63 39 59 62 1
0 51 50 64 50 49 63 1
0 58 59 65 57 58 64 1
0 53 52 56 52 51 55 1
0 66 67 68 65 66 67 1
0 69 70 71 68 69 70 1
0 72 73 70 71 72 69 1
0 74 75 76 73 74 75 1
0 77 78 79 76 77 78 1
0 66 80 77 65 79 76 1
0 81 82 69 80 81 68 1
0 83 84 85 82 83 84 1
0 86 84 87 85 83 86 1
0 86 88 75 85 87 74 1
0 88 86 87 87 85 86 1
0 89 88 87 88 87 86 1
0 88 89 90 87 88 89 1
0 91 69 71 90 68 70 1
0 69 91 81 68 90 80 1
0 89 87 83 88 86 82 1
0 70 69 72 69 68 71 1
0 82 72 69 81 71 68 1
0 73 72 92 72 71 91 1
0 80 66 68 79 65 67 1
0 75 74 86 74 73 85 1
0 78 77 80 77 76 79 1
0 75 88 90 74 87 89 1
0 93 79 78 92 78 77 1
0 91 71 94 90 70 93 1
0 82 81 95 81 80 94 1
0 90 89 96 89 88 95 1
0 84 83 87 83 82 86 1
"Mesh10" 0 10
0
0
0
"Mesh11" 0 11
0
0
0
"Mesh12" 0 12
32
0 1.422766 3.200000 0.540000 0.294062 0.097112 0
0 0.899598 2.480000 0.600000 0.018437 0.295225 0
0 0.769530 3.201060 0.595766 0.018437 0.075625 0
0 1.317836 2.598109 0.488520 0.288438 0.274150 0
0 0.768972 3.216265 -0.356386 0.018437 0.067975 0
0 0.917920 2.610000 -0.520000 0.018437 0.261025 0
0 1.340930 3.200000 -0.382442 0.288438 0.093812 0
0 -0.917920 2.610000 -0.520000 0.294062 0.262488 0
0 -0.768972 3.216265 -0.356386 0.294062 0.072850 0
0 -1.340930 3.200000 -0.382443 0.024034 0.094450 0
0 0.747169 3.378767 0.122320 0.018437 0.020012 0
0 1.426661 3.460000 0.110000 0.289173 0.020539 0
0 -0.747169 3.378767 0.122320 0.294062 0.025038 0
0 -1.426661 3.460000 0.110000 0.024039 0.020732 0
0 -1.422766 3.200000 0.540000 0.042865 0.097075 0
0 -1.426661 3.460000 0.110000 0.042878 0.020725 0
0 -0.769530 3.201060 0.595766 0.294062 0.079862 0
0 -1.317836 2.598109 0.488520 0.042878 0.273663 0
0 -0.899599 2.480000 0.600000 0.294062 0.297400 0
0 -1.439656 3.100000 0.426254 0.018437 0.127037 0
0 -1.321794 2.605885 -0.358477 0.024034 0.271487 0
0 -1.437863 3.100000 -0.301885 0.018437 0.126962 0
0 -1.463754 3.260000 0.105163 0.018437 0.080725 0
0 1.321794 2.605885 -0.358477 0.288438 0.272013 0
0 1.437863 3.100000 -0.301885 0.294062 0.127188 0
0 1.439656 3.100000 0.426254 0.294062 0.127263 0
0 1.463754 3.260000 0.105163 0.294062 0.081025 0
0 -1.029009 2.200000 0.050000 0.294062 0.385525 0
0 1.029009 2.200000 0.050000 0.018437 0.385075 0
0 -1.235272 2.280891 0.050000 0.042878 0.385525 0
0 -1.235272 2.280891 0.050000 0.024034 0.385525 0
0 1.235272 2.280891 0.050000 0.288438 0.385075 0
35
-0.651286 -0.348291 -0.674181
-0.270709 0.336226 -0.902036
-0.070332 -0.578180 -0.812872
-0.538308 0.544699 -0.643061
0.013967 -0.681292 0.731878
-0.215769 0.216034 0.952246
-0.471117 -0.496985 0.728735
0.215769 0.216035 0.952246
-0.013969 -0.681292 0.731878
0.471118 -0.496985 0.728735
0.044936 -0.998644 -0.026290
-0.633078 -0.773552 0.028790
-0.051134 -0.920949 0.386314
0.545005 -0.698538 0.463696
-0.030783 -0.899924 -0.434959
0.705353 -0.417254 -0.573041
0.590502 -0.688227 -0.421486
0.143980 -0.354555 -0.923883
0.457684 0.434423 -0.775759
0.343699 0.428224 -0.835760
0.976243 0.068816 -0.205462
0.415638 0.452054 0.789235
0.765980 -0.274006 0.581545
0.887273 -0.374283 0.269553
0.987255 -0.115909 -0.109053
-0.415637 0.452053 0.789236
-0.765978 -0.274008 0.581548
-0.976243 0.068816 -0.205462
-0.964639 -0.250900 0.080751
0.267920 0.772572 0.575632
0.333981 0.796862 -0.503455
-0.357765 0.932834 0.042709
0.312421 0.796640 -0.517454
0.304245 0.775792 0.552795
-0.365021 0.930764 0.020919
36
0 0 1 2 0 1 2 1
0 0 3 1 0 3 1 1
0 4 5 6 4 5 6 1
0 7 8 9 7 8 9 1
0 0 10 11 0 10 11 1
0 9 12 13 9 12 13 1
0 8 12 9 8 12 9 1
0 12 14 15 14 15 16 1
0 12 16 14 14 17 15 1
0 17 16 18 18 17 19 1
0 17 14 16 18 15 17 1
0 14 17 19 15 18 20 1
0 20 9 21 21 9 22 1
0 13 22 9 13 23 9 1
0 14 22 15 15 24 16 1
0 21 9 22 22 9 23 1
0 14 19 22 15 20 24 1
0 10 6 11 10 6 11 1
0 10 0 2 10 0 2 1
0 6 10 4 6 10 4 1
0 6 23 24 6 25 26 1
0 3 0 25 3 0 27 1
0 6 26 11 6 28 11 1
0 26 0 11 28 0 11 1
0 25 0 26 27 0 28 1
0 6 24 26 6 26 28 1
0 7 20 27 7 21 29 1
0 17 18 27 18 19 30 1
0 9 20 7 9 21 7 1
0 1 3 28 1 3 31 1
0 23 5 28 25 5 31 1
0 23 6 5 25 6 5 1
0 27 29 17 30 32 18 1
0 30 27 20 33 29 21 1
0 28 31 23 31 34 25 1
0 31 28 3 34 31 3 1
"Mesh13" 0 13
82
0 0.000000 1.093233 -0.714307 0.671874 0.329376 0
0 -0.614900 1.181741 -0.527466 0.497969 0.317828 0
0 -0.628774 0.845244 -0.464604 0.497969 0.361703 0
0 -0.748978 0.950421 0.006546 0.409375 0.842841 0
0 -0.899599 2.480000 0.600000 0.461875 0.637950 0
0 -0.599975 1.000147 0.338820 0.507813 0.836205 0
0 0.899598 2.480000 0.600000 0.881875 0.637950 0
0 0.000000 1.049873 0.543593 0.671875 0.829520 0
0 0.000000 2.550000 0.800000 0.671875 0.628590 0
0 -0.301000 3.448522 0.492332 0.593125 0.508234 0
0 -0.747169 3.378767 0.122320 0.461875 0.517583 0
0 -0.473000 3.499218 0.093900 0.548096 0.501444 0
0 0.478320 2.653369 -0.699155 0.737500 0.125922 0
0 0.000000 2.491007 -0.622639 0.671874 0.147100 0
0 0.000000 1.754615 -1.144672 0.671874 0.243129 0
0 0.917920 2.610000 -0.520000 0.868750 0.131594 0
0 0.511371 1.935603 -1.366118 0.737500 0.219531 0
0 1.072126 1.977221 -1.056952 0.868750 0.214094 0
0 0.748978 0.950421 0.006546 0.888438 0.842841 0
0 0.599975 1.000147 0.338819 0.835938 0.836205 0
0 -0.769530 3.201060 0.595766 0.461875 0.541366 0
0 -0.511371 1.935603 -1.366118 0.606250 0.219531 0
0 -0.917920 2.610000 -0.520000 0.475000 0.131594 0
0 -1.072126 1.977221 -1.056952 0.475000 0.214094 0
0 0.614563 1.179955 -0.526824 0.845781 0.318063 0
0 0.522850 1.429052 -1.231709 0.737500 0.285578 0
0 0.769530 3.201060 0.595766 0.881875 0.541366 0
0 0.301000 3.448522 0.492332 0.750643 0.508235 0
0 -1.087609 1.751733 -0.604655 0.435625 0.236781 0
0 -0.917920 2.610000 -0.520000 0.468437 0.131594 0
0 -1.029009 2.200000 0.050000 0.382863 0.185031 0
0 1.056989 1.519103 -0.988693 0.868750 0.273859 0
0 -0.522850 1.429052 -1.231708 0.606250 0.285578 0
0 1.087609 1.751733 -0.604654 0.908125 0.236781 0
0 1.029009 2.200000 0.050000 0.934375 0.185031 0
0 -0.748978 0.950421 0.006546 0.429062 0.348016 0
0 -1.056989 1.519103 -0.988693 0.475000 0.273859 0
0 0.628774 0.845244 -0.464605 0.845781 0.361703 0
0 0.748978 0.950421 0.006546 0.914688 0.296875 0
0 -0.809778 0.538121 0.666148 0.481562 0.898059 2
0 0.000000 1.049873 0.543593 0.606250 0.829520 0
0 0.000000 0.570078 0.781617 0.606250 0.893797 2
0 0.809778 0.538121 0.666149 0.849063 0.898059 2
0 1.156826 0.246377 -0.026673 0.921250 0.439797 2
0 0.748978 0.950421 0.006546 0.914688 0.348016 0
0 1.156826 0.246377 -0.026673 0.934375 0.937148 2
0 0.000000 0.789636 -0.666466 0.671874 0.368967 0
0 0.924392 0.002569 -0.546288 0.845781 0.471625 2
0 -1.156826 0.246377 -0.026673 0.409375 0.439797 2
0 -0.961367 0.002569 -0.546288 0.481562 0.471625 2
0 -1.156826 0.246377 -0.026673 0.376563 0.937148 2
0 0.000000 -0.095367 -0.719494 0.671874 0.484375 2
0 0.000000 0.570078 0.781617 0.671875 0.893797 2
0 0.768972 3.216265 -0.356386 0.884047 0.052523 0
0 0.473000 3.499218 0.093900 0.806037 0.015625 0
0 0.301000 3.199218 -0.353596 0.757251 0.054746 0
0 -0.478320 2.653369 -0.699154 0.606250 0.125922 0
0 -1.029009 2.200000 0.050000 0.376563 0.675489 0
0 1.029009 2.200000 0.050000 0.967187 0.675489 0
0 -0.301000 3.199218 -0.353596 0.586498 0.054746 0
0 -0.768972 3.216265 -0.356386 0.459709 0.052516 0
0 -0.473000 3.499218 0.093900 0.537737 0.015859 0
0 0.747169 3.378767 0.122320 0.881875 0.517583 0
0 0.473000 3.499218 0.093900 0.795654 0.501444 0
0 -0.747169 3.378767 0.122320 0.459946 0.031332 0
0 0.747169 3.378767 0.122320 0.883803 0.031332 0
0 1.029009 2.200000 0.050000 0.961019 0.185031 0
0 -1.072126 1.977221 -1.056952 0.468437 0.214094 0
0 -0.301000 3.199218 -0.353596 0.003677 0.155975 0
0 -0.368135 1.465073 0.036307 0.300000 0.214434 9
0 -0.473000 3.499218 0.093900 0.003675 0.210894 0
0 -0.220881 1.465073 -0.346806 0.371323 0.153645 9
0 0.301000 3.448522 0.492332 0.003675 0.327837 0
0 -0.220881 1.465073 0.387495 0.300000 0.266066 9
0 0.220881 1.465073 0.387496 0.300000 0.321959 9
0 -0.301000 3.448522 0.492332 0.003675 0.260188 0
0 0.368135 1.465073 0.036307 0.300000 0.372869 9
0 0.473000 3.499218 0.093900 0.003675 0.372869 0
0 0.473000 3.499218 0.093900 0.003675 0.373591 0
0 0.220881 1.465073 -0.346806 0.371325 0.090616 9
0 0.301000 3.199218 -0.353596 0.003675 0.088312 0
0 0.368135 1.465073 0.036307 0.300000 0.373591 9
82
0.000170 0.497110 0.867688
0.761553 0.591286 0.265365
0.665463 -0.140229 0.733141
0.927342 0.000600 -0.374214
0.559898 0.181343 -0.808473
0.743333 -0.273065 -0.610648
-0.559898 0.181343 -0.808473
-0.081203 -0.055361 -0.995159
-0.000000 -0.111296 -0.993787
0.204731 -0.685082 -0.699105
0.377184 -0.879914 -0.288934
0.363611 -0.891445 -0.270394
0.068477 -0.549605 0.832613
0.000001 -0.488669 0.872469
0.000001 -0.124676 0.992198
-0.709048 -0.475290 0.520913
-0.161616 -0.259315 0.952174
-0.857797 -0.202562 0.472390
-0.927342 0.000600 -0.374216
-0.743334 -0.273065 -0.610648
0.221363 -0.476824 -0.850669
0.161615 -0.259315 0.952174
0.356223 -0.552830 0.753315
0.447106 -0.281909 0.848895
-0.761898 0.590423 0.266292
-0.055771 0.645501 0.761721
-0.221363 -0.476824 -0.850669
-0.204731 -0.685082 -0.699105
0.973608 0.171408 -0.150690
0.981105 -0.193385 -0.005989
0.979365 0.200514 -0.025263
-0.749729 0.471443 0.464380
0.056054 0.645990 0.761285
-0.973729 0.170971 -0.150399
-0.978958 -0.198301 0.048155
0.946418 -0.099107 0.307362
0.749603 0.472026 0.463990
-0.661890 -0.131458 0.737984
-0.953506 0.101240 0.283862
0.467641 -0.587169 -0.660715
0.222269 -0.545272 -0.808255
0.143767 -0.439796 -0.886516
-0.467641 -0.587170 -0.660715
-0.811130 -0.410744 0.416361
-0.814296 -0.486644 0.316386
-0.832747 -0.493499 -0.250980
-0.001448 -0.037703 0.999288
-0.449517 -0.206642 0.869042
0.812825 -0.426862 0.396365
0.453192 -0.225009 0.862547
0.832747 -0.493499 -0.250980
-0.003369 -0.059811 0.998204
-0.143766 -0.439796 -0.886516
-0.200213 -0.696337 0.689224
-0.195103 -0.883104 0.426688
0.089245 -0.560519 0.823319
-0.068477 -0.549605 0.832613
0.919631 0.217464 -0.327090
-0.919631 0.217464 -0.327091
-0.089244 -0.560519 0.823319
0.200213 -0.696336 0.689225
0.195103 -0.883104 0.426688
-0.377184 -0.879914 -0.288934
-0.363611 -0.891445 -0.270394
0.410431 -0.869023 0.276306
-0.410431 -0.869023 0.276306
-0.911510 0.406326 -0.063622
0.997254 -0.074007 -0.002758
-0.570763 -0.027823 -0.820643
-0.992717 -0.050410 -0.109418
-0.986224 -0.055011 0.155999
-0.565705 -0.029363 -0.824085
0.551703 -0.066439 0.831390
-0.551684 -0.066468 0.831400
0.552476 -0.066234 0.830893
-0.550922 -0.066226 0.831925
0.919952 -0.058004 0.387716
0.919220 -0.058413 0.389388
0.937566 -0.041387 -0.345336
0.571509 -0.027615 -0.820131
0.577200 -0.029862 -0.816056
0.932753 -0.037935 -0.358515
94
0 0 1 2 0 1 2 1
0 3 4 5 3 4 5 1
0 6 7 8 6 7 8 1
0 9 10 11 9 10 11 1
0 12 13 14 12 13 14 1
0 15 16 17 15 16 17 1
0 6 18 19 6 18 19 1
0 4 20 8 4 20 8 1
0 21 22 23 21 22 23 1
0 0 24 25 0 24 25 1
0 7 4 8 7 4 8 1
0 26 8 27 26 8 27 1
0 28 29 30 28 29 30 1
0 16 31 17 16 31 17 1
0 32 0 14 32 0 14 1
0 33 34 15 33 34 15 1
0 1 30 35 1 30 35 1
0 17 33 15 17 33 15 1
0 31 25 24 31 25 24 1
0 31 16 25 31 16 25 1
0 32 36 1 32 36 1 1
0 36 21 23 36 21 23 1
0 36 32 21 36 32 21 1
0 37 24 0 37 24 0 1
0 38 24 37 38 24 37 1
0 1 35 2 1 35 2 1
0 20 9 8 20 9 8 1
0 8 9 27 8 9 27 1
0 39 40 41 39 40 41 1
0 42 7 19 42 7 19 1
0 37 43 44 37 43 44 1
0 45 19 18 45 19 18 1
0 19 45 42 19 45 42 1
0 46 47 37 46 47 37 1
0 2 48 49 2 48 49 1
0 40 39 5 40 39 5 1
0 5 50 3 5 50 3 1
0 48 2 35 48 2 35 1
0 46 49 51 46 49 51 1
0 47 46 51 47 46 51 1
0 49 46 2 49 46 2 1
0 7 42 52 7 42 52 1
0 43 37 47 43 37 47 1
0 50 5 39 50 5 39 1
0 53 54 55 53 54 55 1
0 14 56 21 14 56 21 1
0 4 3 57 4 3 57 1
0 18 6 58 18 6 58 1
0 4 7 5 4 7 5 1
0 7 6 19 7 6 19 1
0 12 14 16 12 14 16 1
0 13 56 14 13 56 14 1
0 14 25 16 14 25 16 1
0 32 14 21 32 14 21 1
0 0 2 46 0 2 46 1
0 37 0 46 37 0 46 1
0 0 25 14 0 25 14 1
0 32 1 0 32 1 0 1
0 13 59 56 13 59 56 1
0 55 13 12 55 13 12 1
0 16 15 12 16 15 12 1
0 22 21 56 22 21 56 1
0 13 55 59 13 55 59 1
0 60 56 59 60 56 59 1
0 60 22 56 60 22 56 1
0 61 60 59 61 60 59 1
0 9 20 10 9 20 10 1
0 62 27 63 62 27 63 1
0 12 53 55 12 53 55 1
0 26 6 8 26 6 8 1
0 27 62 26 27 62 26 1
0 53 12 15 53 12 15 1
0 60 61 64 60 61 64 1
0 54 53 65 54 53 65 1
0 66 24 38 66 24 38 1
0 33 31 24 33 31 24 1
0 33 17 31 33 17 31 1
0 1 28 30 1 28 30 1
0 67 28 36 67 28 36 1
0 24 66 33 24 66 33 1
0 29 28 67 29 28 67 1
0 28 1 36 28 1 36 1
0 68 69 70 68 69 70 1
0 68 71 69 68 71 69 1
0 72 73 74 72 73 74 1
0 72 75 73 72 75 73 1
0 72 76 77 72 76 77 1
0 72 74 76 72 74 76 1
0 70 73 75 70 73 75 1
0 70 69 73 70 69 73 1
0 78 79 80 78 79 80 1
0 78 81 79 78 81 79 1
0 68 79 71 68 79 71 1
0 68 80 79 68 80 79 1
"Mesh14" 0 14
68
0 0.410641 -0.534297 0.020662 0.009687 0.109706 6
0 0.225076 -0.491765 -0.470398 0.334451 0.106452 6
0 0.524799 -1.175100 0.023000 0.009687 0.158925 6
0 0.224799 -1.175100 0.773000 0.316975 0.158925 6
0 0.410641 -0.534297 0.020662 0.009688 0.109706 6
0 0.524799 -1.175100 0.023000 0.009688 0.158925 6
0 0.274799 -1.175100 -0.427000 0.306272 0.158931 6
0 -0.197601 -4.028666 0.485357 0.539600 0.064212 7
0 -0.425201 -1.175100 0.773000 0.615693 0.158931 6
0 -0.466180 -4.028666 -0.044769 0.967781 0.064200 7
0 -0.328473 -0.391766 -0.470398 0.588293 0.098772 6
0 -0.197601 -4.028666 -0.674894 0.518905 0.064212 7
0 0.344205 -4.028666 -0.674894 0.330927 0.064212 7
0 -0.864754 -1.147853 0.054717 0.368831 0.334688 6
0 -0.725201 -1.175100 0.023000 0.691909 0.334688 6
0 -0.425201 -1.175100 0.773000 0.279125 0.334688 6
0 0.612784 -4.028666 -0.044768 0.009688 0.064200 7
0 0.344205 -4.028666 0.485357 0.368125 0.064200 7
0 -0.629162 -3.525100 0.973000 0.206663 0.982406 6
0 0.224799 -1.175100 0.773000 0.020469 0.334688 6
0 0.448988 -3.525099 0.973000 0.020469 0.982406 6
0 -0.425201 -1.175100 0.773000 0.220709 0.334688 6
0 0.524799 -1.175100 0.023000 0.821044 0.334688 6
0 0.448988 -3.525099 0.973000 0.974688 0.982406 6
0 0.224799 -1.175100 0.773000 0.974688 0.334688 6
0 0.274799 -1.175100 -0.427000 0.659844 0.334688 6
0 -0.099134 -3.525100 -0.627000 0.567716 0.982406 6
0 0.630374 -3.525100 -0.477000 0.732209 0.982406 6
0 -0.525201 -1.175100 -0.427000 0.677057 0.158931 6
0 -0.525201 -1.175100 -0.427000 0.466675 0.334688 6
0 -0.883334 -3.525100 -0.477000 0.436353 0.982406 6
0 -0.725201 -1.175100 0.023000 0.967781 0.158925 6
0 -0.525201 -1.175100 -0.427000 0.505425 0.334688 6
0 0.612784 -4.028666 -0.044768 0.009687 0.064200 7
0 -0.225076 -0.491765 -0.470398 0.334451 0.106452 13
0 -0.410641 -0.534297 0.020662 0.009687 0.109706 13
0 -0.524799 -1.175100 0.023000 0.009687 0.158925 13
0 -0.410641 -0.534297 0.020662 0.009688 0.109706 13
0 -0.224799 -1.175100 0.773000 0.316975 0.158925 13
0 -0.524799 -1.175100 0.023000 0.009688 0.158925 13
0 -0.274799 -1.175100 -0.427000 0.306272 0.158931 13
0 0.197601 -4.028666 0.485357 0.539600 0.064212 14
0 0.425201 -1.175100 0.773000 0.615693 0.158931 13
0 0.328473 -0.391766 -0.470398 0.588293 0.098772 13
0 0.466180 -4.028666 -0.044768 0.967781 0.064200 14
0 0.197601 -4.028666 -0.674894 0.518905 0.064212 14
0 -0.344205 -4.028666 -0.674894 0.330927 0.064212 14
0 0.725201 -1.175100 0.023000 0.691909 0.334688 13
0 0.864754 -1.147853 0.054717 0.368831 0.334688 13
0 0.425201 -1.175100 0.773000 0.279125 0.334688 13
0 -0.612784 -4.028666 -0.044769 0.009688 0.064200 14
0 -0.344205 -4.028666 0.485357 0.368125 0.064200 14
0 0.425201 -1.175100 0.773000 0.220709 0.334688 13
0 -0.448988 -3.525099 0.973000 0.020469 0.982406 13
0 -0.224799 -1.175100 0.773000 0.020469 0.334688 13
0 0.629161 -3.525100 0.973000 0.206663 0.982406 13
0 -0.448988 -3.525099 0.973000 0.974688 0.982406 13
0 -0.524799 -1.175100 0.023000 0.821044 0.334688 13
0 -0.224799 -1.175100 0.773000 0.974688 0.334688 13
0 0.099134 -3.525100 -0.627000 0.567716 0.982406 13
0 -0.274799 -1.175100 -0.427000 0.659844 0.334688 13
0 -0.630374 -3.525100 -0.477000 0.732209 0.982406 13
0 0.525201 -1.175100 -0.427000 0.677057 0.158931 13
0 0.525201 -1.175100 -0.427000 0.466675 0.334688 13
0 0.883334 -3.525100 -0.477000 0.436353 0.982406 13
0 0.725201 -1.175100 0.023000 0.967781 0.158925 13
0 0.525201 -1.175100 -0.427000 0.505425 0.334688 13
0 -0.612784 -4.028666 -0.044769 0.009687 0.064200 14
72
0.915359 -0.051216 -0.399367
-0.498240 0.017291 0.866867
-0.905344 -0.098892 0.413006
0.027146 -0.183373 0.982669
0.936394 -0.105542 0.334705
-0.915830 -0.164490 -0.366332
-0.507422 0.017791 0.861514
-0.338957 -0.121080 0.932978
-0.701418 -0.119676 0.702631
-0.840661 -0.031442 -0.540649
-0.406350 -0.053403 -0.912156
-0.551533 0.027032 -0.833715
0.561644 0.068189 -0.824564
-0.194206 -0.980889 -0.011849
-0.175739 -0.981924 0.070295
0.891219 0.043101 0.451521
0.738155 -0.016715 0.674424
0.561075 -0.078640 -0.824021
0.000000 -0.084800 -0.996398
0.000000 -0.084800 -0.996398
0.483124 -0.115792 -0.867861
-0.995002 -0.099761 -0.004319
-0.966074 -0.069399 -0.248765
-0.921843 -0.119325 -0.368737
-0.396286 -0.103004 0.912331
-0.004558 -0.062643 0.998026
-0.835970 -0.085514 0.542071
0.353168 -0.033738 0.934951
0.360997 -0.097848 0.927419
0.995480 -0.083826 -0.044647
0.817677 -0.063519 0.572162
0.387542 -0.623794 -0.678743
-0.906194 -0.104417 0.409767
-0.211297 -0.972900 -0.093910
-0.924479 -0.092698 0.369792
0.918241 0.060447 -0.391382
0.872317 -0.023529 0.488374
-0.915359 -0.051216 -0.399368
0.905344 -0.098892 0.413005
-0.936394 -0.105542 0.334704
-0.027146 -0.183373 0.982669
0.915830 -0.164490 -0.366332
0.327962 0.033016 0.944114
0.338956 -0.121080 0.932978
0.701418 -0.119676 0.702631
0.741842 -0.031002 -0.669858
0.840661 -0.031442 -0.540649
0.551533 0.027032 -0.833715
-0.561644 0.068189 -0.824564
0.194206 -0.980889 -0.011849
0.175739 -0.981924 0.070295
-0.891219 0.043101 0.451521
-0.738155 -0.016715 0.674424
-0.316718 -0.107692 -0.942386
-0.000000 -0.084800 -0.996398
0.000000 -0.084800 -0.996398
-0.732717 -0.068735 -0.677054
0.966074 -0.069399 -0.248765
0.995002 -0.099761 -0.004319
0.921843 -0.119325 -0.368737
0.004558 -0.062643 0.998026
0.396286 -0.103004 0.912331
0.835970 -0.085514 0.542071
-0.537486 -0.088525 0.838613
-0.995480 -0.083826 -0.044647
-0.360997 -0.097848 0.927419
-0.817678 -0.063519 0.572161
-0.387543 -0.623794 -0.678742
0.906194 -0.104417 0.409767
0.211297 -0.972900 -0.093910
0.924479 -0.092698 0.369792
-0.918240 0.060447 -0.391383
62
0 0 1 2 0 1 2 1
0 3 4 5 3 4 5 1
0 6 2 1 6 2 1 1
0 7 3 8 7 3 8 1
0 9 10 11 9 10 11 1
0 12 10 1 12 10 1 1
0 13 14 15 13 13 14 1
0 16 4 17 15 4 16 1
0 18 19 20 17 18 19 1
0 18 21 19 17 20 18 1
0 3 7 17 3 7 16 1
0 22 23 24 21 22 23 1
0 10 12 11 10 12 11 1
0 4 3 17 4 3 16 1
0 0 12 1 0 12 1 1
0 25 26 27 24 25 26 1
0 22 25 27 21 24 26 1
0 28 1 10 27 1 10 1
0 28 6 1 27 6 1 1
0 29 13 30 28 29 30 1
0 26 29 30 25 28 30 1
0 29 26 25 28 25 24 1
0 13 18 30 29 17 30 1
0 18 13 21 17 29 20 1
0 23 22 27 22 21 26 1
0 10 31 28 10 31 27 1
0 8 9 7 8 32 7 1
0 14 13 32 13 13 33 1
0 31 9 8 34 32 8 1
0 0 33 12 0 35 12 1
0 9 31 10 9 31 10 1
0 34 35 36 36 37 38 1
0 37 38 39 39 40 41 1
0 36 40 34 38 42 36 1
0 38 41 42 40 43 44 1
0 43 44 45 45 46 47 1
0 43 46 34 45 48 36 1
0 47 48 49 49 49 50 1
0 37 50 51 39 51 52 1
0 52 53 54 53 54 55 1
0 52 55 53 53 56 54 1
0 41 38 51 43 40 52 1
0 56 57 58 57 58 59 1
0 46 43 45 48 45 47 1
0 38 37 51 40 39 52 1
0 46 35 34 48 37 36 1
0 59 60 61 60 61 62 1
0 60 57 61 61 58 62 1
0 40 43 34 42 45 36 1
0 40 62 43 42 63 45 1
0 48 63 64 64 65 66 1
0 63 59 64 65 60 66 1
0 59 63 60 60 65 61 1
0 55 48 64 56 64 66 1
0 48 55 52 64 56 53 1
0 57 56 61 58 57 62 1
0 65 43 62 67 45 63 1
0 44 42 41 68 44 43 1
0 48 47 66 49 49 69 1
0 44 65 42 68 70 44 1
0 67 35 46 71 37 48 1
0 65 44 43 67 46 45 1
"Mesh15" 0 15
50
0 -0.640293 -0.175487 1.005878 0.979579 0.689190 4
0 -1.097452 -1.427456 -1.017400 0.361883 0.977734 4
0 -1.115165 -0.235691 -1.161907 0.324200 0.737636 4
0 0.448988 -3.525099 0.973000 0.950235 0.506641 6
0 0.354158 -0.175487 1.005878 0.979580 0.689190 4
0 -0.143377 0.042587 -1.289214 0.378707 0.243444 4
0 -0.883334 -3.525100 -0.477000 0.645312 0.484148 6
0 -1.115165 -0.235691 -1.161907 0.416106 0.479844 4
0 -0.514111 -1.427456 0.844944 0.963689 0.977734 4
0 0.159301 -1.427456 0.844945 0.963689 0.977734 4
0 0.627740 -1.427456 -1.017399 0.361884 0.977734 4
0 -0.629162 -3.525100 0.973000 0.950235 0.506642 6
0 0.364791 -1.427456 -2.123394 0.094809 0.977734 4
0 -0.832444 -0.400737 -2.408656 0.020421 0.741104 4
0 -0.779436 -1.427456 -2.123394 0.094809 0.977734 4
0 0.475275 -0.400737 -2.408656 0.020421 0.741104 4
0 0.475275 -0.400737 -2.408656 0.020469 0.033516 4
0 -0.149965 0.130475 -2.118064 0.105800 0.245062 4
0 -0.832444 -0.400737 -2.408656 0.020469 0.484148 4
0 0.778545 -0.235691 -1.161906 0.324201 0.737636 4
0 0.778545 -0.235691 -1.161906 0.416112 0.033493 4
0 0.630374 -3.525100 -0.477000 0.507471 0.506642 6
0 -0.883334 -3.525100 -0.477000 0.507471 0.506642 6
0 0.630374 -3.525100 -0.477000 0.645312 0.033516 6
0 -0.099134 -3.525100 -0.627000 0.606562 0.245941 6
0 1.097452 -1.427456 -1.017400 0.361883 0.977734 11
0 0.640292 -0.175487 1.005878 0.979579 0.689190 11
0 1.115165 -0.235691 -1.161907 0.324200 0.737636 11
0 -0.448988 -3.525099 0.973000 0.950235 0.506641 13
0 -0.354158 -0.175487 1.005878 0.979580 0.689190 11
0 0.883334 -3.525100 -0.477000 0.645312 0.484148 13
0 0.143377 0.042587 -1.289214 0.378707 0.243444 11
0 1.115165 -0.235691 -1.161907 0.416106 0.479844 11
0 -0.159301 -1.427456 0.844945 0.963689 0.977734 11
0 0.514111 -1.427456 0.844944 0.963689 0.977734 11
0 -0.627740 -1.427456 -1.017399 0.361884 0.977734 11
0 0.629161 -3.525100 0.973000 0.950235 0.506642 13
0 -0.475274 -0.400737 -2.408656 0.020421 0.741104 11
0 0.779437 -1.427456 -2.123394 0.094809 0.977734 11
0 0.832444 -0.400737 -2.408656 0.020421 0.741104 11
0 -0.364791 -1.427456 -2.123394 0.094809 0.977734 11
0 0.149965 0.130475 -2.118064 0.105800 0.245062 11
0 -0.475274 -0.400737 -2.408656 0.020469 0.033516 11
0 0.832444 -0.400737 -2.408656 0.020469 0.484148 11
0 -0.778544 -0.235691 -1.161906 0.324201 0.737636 11
0 -0.778544 -0.235691 -1.161906 0.416112 0.033493 11
0 -0.630374 -3.525100 -0.477000 0.507471 0.506642 13
0 0.883334 -3.525100 -0.477000 0.507471 0.506642 13
0 -0.630374 -3.525100 -0.477000 0.645312 0.033516 13
0 0.099134 -3.525100 -0.627000 0.606562 0.245941 13
50
-0.042687 0.220943 0.974352
0.760550 0.649268 -0.003930
0.976206 0.005143 0.216782
0.423134 0.003086 0.906062
0.035155 0.444710 -0.894984
0.000799 -0.549796 -0.835298
-0.126737 -0.195124 -0.972555
0.320068 -0.870521 -0.373830
0.333955 0.490255 -0.805062
-0.342731 0.828687 -0.442508
-0.731377 0.681971 0.001790
-0.643154 -0.009653 0.765676
-0.329783 0.585110 0.740871
0.608342 0.221213 0.762223
0.333622 0.837350 0.433061
-0.784246 0.237378 0.573245
-0.314299 -0.712877 0.626915
-0.009428 -0.961392 0.275020
0.300080 -0.724793 0.620183
-0.947386 0.240878 0.210802
-0.338036 -0.865683 -0.369222
0.987331 0.011351 0.158271
-0.980960 -0.014558 0.193662
0.135624 -0.191871 -0.972004
0.006874 -0.182411 -0.983198
-0.760550 0.649267 -0.003930
0.111694 0.945271 -0.306572
-0.976206 0.005143 0.216782
-0.423134 0.003086 0.906062
-0.099238 0.962897 -0.250961
0.126737 -0.195124 -0.972555
-0.000799 -0.549796 -0.835298
-0.320068 -0.870521 -0.373830
0.339180 0.509918 -0.790532
-0.341598 0.816615 -0.465242
0.731377 0.681971 0.001790
0.643154 -0.009653 0.765676
0.607235 0.268263 0.747864
-0.326799 0.569230 0.754440
-0.786087 0.176760 0.592303
0.333660 0.846699 0.414454
0.009428 -0.961392 0.275020
0.314299 -0.712877 0.626915
-0.300080 -0.724793 0.620183
0.947387 0.240876 0.210802
0.338037 -0.865683 -0.369222
-0.987331 0.011351 0.158270
0.980960 -0.014558 0.193663
-0.135624 -0.191871 -0.972004
-0.006874 -0.182411 -0.983198
62
0 0 1 2 0 1 2 1
0 0 3 4 0 3 4 1
0 5 6 7 5 6 7 1
0 8 4 9 8 4 9 1
0 8 0 4 8 0 4 1
0 4 10 9 4 10 9 1
0 3 0 11 3 0 11 1
0 9 1 8 9 1 8 1
0 9 10 1 9 10 1 1
0 12 13 14 12 13 14 1
0 12 15 13 12 15 13 1
0 13 1 14 13 1 14 1
0 1 13 2 1 13 2 1
0 16 17 18 16 17 18 1
0 10 15 12 10 15 12 1
0 10 14 1 10 14 1 1
0 10 12 14 10 12 14 1
0 15 10 19 15 10 19 1
0 5 17 20 5 17 20 1
0 4 21 19 4 21 19 1
0 0 22 11 0 22 11 1
0 1 0 8 1 0 8 1
0 10 4 19 10 4 19 1
0 17 16 20 17 16 20 1
0 17 7 18 17 7 18 1
0 7 17 5 7 17 5 1
0 5 23 24 5 23 24 1
0 6 5 24 6 5 24 1
0 23 5 20 23 5 20 1
0 22 0 2 22 0 2 1
0 21 4 3 21 4 3 1
0 25 26 27 25 26 27 1
0 28 26 29 28 26 29 1
0 30 31 32 30 31 32 1
0 26 33 29 26 33 29 1
0 26 34 33 26 34 33 1
0 35 29 33 35 29 33 1
0 26 28 36 26 28 36 1
0 35 34 25 35 34 25 1
0 35 33 34 35 33 34 1
0 37 38 39 37 38 39 1
0 37 40 38 37 40 38 1
0 25 39 38 25 39 38 1
0 39 25 27 39 25 27 1
0 41 42 43 41 42 43 1
0 37 35 40 37 35 40 1
0 40 25 38 40 25 38 1
0 40 35 25 40 35 25 1
0 35 37 44 35 37 44 1
0 41 31 45 41 31 45 1
0 46 29 44 46 29 44 1
0 47 26 36 47 26 36 1
0 26 25 34 26 25 34 1
0 29 35 44 29 35 44 1
0 42 41 45 42 41 45 1
0 32 41 43 32 41 43 1
0 41 32 31 41 32 31 1
0 48 31 49 48 31 49 1
0 31 30 49 31 30 49 1
0 31 48 45 31 48 45 1
0 26 47 27 26 47 27 1
0 29 46 28 29 46 28 1

Materials: 16
"Material0"
1.000000 0.925490 0.000000 1.000000
0.000000 1.000000 0.000000 1.000000
0.984314 0.984314 0.984314 1.000000
0.000000 0.000000 0.000000 1.000000
0.000000
1.000000
".\hair.bmp"
""
"Material1"
1.000000 1.000000 1.000000 1.000000
1.000000 1.000000 1.000000 1.000000
0.000000 0.000000 0.000000 1.000000
0.000000 0.000000 0.000000 1.000000
0.000000
1.000000
""
""
"Material2"
1.000000 1.000000 1.000000 1.000000
0.915254 0.587571 0.423729 1.000000
1.000000 1.000000 1.000000 1.000000
0.000000 0.000000 0.000000 1.000000
0.000000
1.000000
".\skin.bmp"
""
"Material3"
0.870057 0.502825 0.322034 1.000000
0.870057 0.502825 0.322034 1.000000
0.000000 0.000000 0.000000 1.000000
0.000000 0.000000 0.000000 1.000000
0.000000
1.000000
""
""
"Material4"
1.000000 0.000000 0.581921 1.000000
1.000000 0.000000 0.581921 1.000000
0.000000 0.000000 0.000000 1.000000
0.000000 0.000000 0.000000 1.000000
0.000000
1.000000
""
""
"Material5"
1.000000 1.000000 0.875706 1.000000
1.000000 1.000000 0.875706 1.000000
0.000000 0.000000 0.000000 1.000000
0.000000 0.000000 0.000000 1.000000
0.000000
1.000000
""
""
"Material6"
0.500000 0.500000 0.500000 1.000000
0.700000 0.700000 0.700000 1.000000
1.000000 1.000000 1.000000 1.000000
1.000000 1.000000 1.000000 1.000000
0.000000
1.000000
""
""
"Material7"
1.000000 1.000000 1.000000 1.000000
1.000000 1.000000 1.000000 1.000000
0.000000 0.000000 0.000000 1.000000
0.000000 0.000000 0.000000 1.000000
0.000000
1.000000
"face.ini"
""
"Material8"
1.000000 1.000000 1.000000 1.000000
1.000000 1.000000 1.000000 1.000000
0.000000 0.000000 0.000000 1.000000
0.000000 0.000000 0.000000 1.000000
0.000000
1.000000
"t9_moon_00.bmp"
""
"Material9"
1.000000 1.000000 1.000000 1.000000
1.000000 1.000000 1.000000 1.000000
0.000000 0.000000 0.000000 1.000000
0.000000 0.000000 0.000000 1.000000
0.000000
1.000000
"t8_moonb_00.bmp"
""
"Material10"
1.000000 1.000000 1.000000 1.000000
1.000000 1.000000 1.000000 1.000000
0.000000 0.000000 0.000000 1.000000
0.000000 0.000000 0.000000 1.000000
0.000000
1.000000
"t8_moona_00.bmp"
""
"Material11"
1.000000 1.000000 1.000000 1.000000
1.000000 1.000000 1.000000 1.000000
0.000000 0.000000 0.000000 1.000000
0.000000 0.000000 0.000000 1.000000
0.000000
1.000000
"t4_moona_00.bmp"
""
"Material12"
1.000000 1.000000 1.000000 1.000000
1.000000 1.000000 1.000000 1.000000
1.000000 1.000000 1.000000 1.000000
1.000000 1.000000 1.000000 1.000000
0.000000
1.000000
"t4_moonb_00.bmp"
""
"Material13"
1.000000 1.000000 1.000000 1.000000
1.000000 1.000000 1.000000 1.000000
0.000000 0.000000 0.000000 1.000000
0.000000 0.000000 0.000000 1.000000
0.000000
1.000000
"t4_moonb_00.bmp"
""
"Material14"
1.000000 1.000000 1.000000 1.000000
1.000000 1.000000 1.000000 1.000000
0.000000 0.000000 0.000000 1.000000
0.000000 0.000000 0.000000 1.000000
0.000000
1.000000
"t7_moonb_00.bmp"
""
"Material15"
1.000000 1.000000 1.000000 1.000000
1.000000 1.000000 1.000000 1.000000
0.000000 0.000000 0.000000 1.000000
0.000000 0.000000 0.000000 1.000000
0.000000
1.000000
"t6_moonb_00.bmp"
""

Bones: 16
"torso"
""
8 0.000000 0.000000 0.000000 0.000000 0.000000 0.000000
0
0
"head"
""
8 0.000000 0.000000 0.000000 0.000000 0.000000 0.000000
0
0
"pelvis"
""
8 0.000000 0.000000 0.000000 0.000000 0.000000 0.000000
0
0
"r lower arm"
""
8 0.000000 0.000000 0.000000 0.000000 0.000000 0.000000
0
0
"r foot"
""
8 0.000000 0.000000 0.000000 0.000000 0.000000 0.000000
0
0
"r hand"
""
8 0.000000 0.000000 0.000000 0.000000 0.000000 0.000000
0
0
"r leg"
""
8 0.000000 0.000000 0.000000 0.000000 0.000000 0.000000
0
0
"r thigh"
""
8 0.000000 0.000000 0.000000 0.000000 0.000000 0.000000
0
0
"r upper arm"
""
8 0.000000 0.000000 0.000000 0.000000 0.000000 0.000000
0
0
"neck"
""
8 0.000000 0.000000 0.000000 0.000000 0.000000 0.000000
0
0
"l lower arm"
""
8 0.000000 0.000000 0.000000 0.000000 0.000000 0.000000
0
0
"l foot"
""
8 0.000000 0.000000 0.000000 0.000000 0.000000 0.000000
0
0
"l hand"
""
8 0.000000 0.000000 0.000000 0.000000 0.000000 0.000000
0
0
"l leg"
""
8 0.000000 0.000000 0.000000 0.000000 0.000000 0.000000
0
0
"l thigh"
""
8 0.000000 0.000000 0.000000 0.000000 0.000000 0.000000
0
0
"l upper arm"
""
8 0.000000 0.000000 0.000000 0.000000 0.000000 0.000000
0
0
