// MilkShape 3D ASCII

Frames: 1
Frame: 1

Meshes: 15
"Mesh0" 0 0
48
0 -0.734293 -0.423579 0.146114 0.000000 0.000000 4
0 -0.501993 -0.970829 -1.197876 0.000000 0.000000 4
0 -0.449721 -1.354879 -2.083364 0.000000 0.000000 4
0 -0.701924 -1.759284 -1.069499 0.000000 0.000000 4
0 -0.478318 -1.893088 -1.958834 0.000000 0.000000 4
0 -0.787262 -1.893088 -0.498446 0.000000 0.000000 4
0 0.410444 -0.281430 0.984731 0.000000 0.000000 4
0 -1.265497 -0.329264 0.354354 0.000000 0.000000 4
0 -0.940360 -0.567765 0.584737 0.000000 0.000000 4
0 -0.940861 -0.563012 -0.189051 0.000000 0.000000 4
0 -1.265497 -0.329264 0.054569 0.000000 0.000000 4
0 0.625297 -1.893088 -0.537889 0.000000 0.000000 4
0 0.630959 -1.756238 -1.062551 0.000000 0.000000 4
0 0.585962 -0.446042 0.145432 0.000000 0.000000 4
0 0.431444 -0.970829 -1.197876 0.000000 0.000000 4
0 0.303304 -1.893088 -1.958834 0.000000 0.000000 4
0 0.316149 -1.354879 -2.083364 0.000000 0.000000 4
0 -0.499007 -0.281430 0.984731 0.000000 0.000000 4
0 -0.456501 -1.893088 0.914699 0.000000 0.000000 4
0 0.299436 -1.893088 0.914700 0.000000 0.000000 4
0 -0.527983 -1.893088 0.447403 0.000000 0.000000 4
0 0.341153 -1.893088 0.447403 0.000000 0.000000 4
0 -0.318285 -3.360015 0.242672 0.000000 0.000000 6
0 -0.318285 -3.360015 0.242672 0.000000 0.000000 6
0 0.734199 -0.423576 0.146113 0.000000 0.000000 11
0 0.701829 -1.759281 -1.069500 0.000000 0.000000 11
0 0.449628 -1.354876 -2.083365 0.000000 0.000000 11
0 0.501899 -0.970826 -1.197878 0.000000 0.000000 11
0 0.787168 -1.893085 -0.498448 0.000000 0.000000 11
0 0.478224 -1.893085 -1.958835 0.000000 0.000000 11
0 -0.410539 -0.281427 0.984729 0.000000 0.000000 11
0 0.940278 -0.567762 0.584736 0.000000 0.000000 11
0 1.265414 -0.329261 0.354353 0.000000 0.000000 11
0 1.265414 -0.329261 0.054568 0.000000 0.000000 11
0 0.940779 -0.563009 -0.189052 0.000000 0.000000 11
0 -0.586057 -0.446039 0.145431 0.000000 0.000000 11
0 -0.631053 -1.756235 -1.062552 0.000000 0.000000 11
0 -0.625391 -1.893085 -0.537891 0.000000 0.000000 11
0 -0.431538 -0.970826 -1.197878 0.000000 0.000000 11
0 -0.316243 -1.354876 -2.083365 0.000000 0.000000 11
0 -0.303398 -1.893085 -1.958835 0.000000 0.000000 11
0 -0.299530 -1.893085 0.914698 0.000000 0.000000 11
0 0.456407 -1.893085 0.914698 0.000000 0.000000 11
0 0.498912 -0.281427 0.984729 0.000000 0.000000 11
0 -0.341247 -1.893085 0.447402 0.000000 0.000000 11
0 0.527889 -1.893085 0.447402 0.000000 0.000000 11
0 0.325449 -3.360013 0.242672 0.000000 0.000000 13
0 0.325449 -3.360013 0.242672 0.000000 0.000000 13
48
-0.980883 -0.054696 0.186753
-0.705893 0.427601 -0.564688
-0.575680 0.521264 -0.629982
-0.985930 0.040097 -0.162280
-0.485174 -0.655084 -0.579199
-0.760648 -0.595885 0.257557
0.519822 0.247583 0.817611
-0.366913 0.340920 0.865534
-0.366913 0.340920 0.865534
-0.343132 0.405999 -0.847009
-0.343132 0.405999 -0.847009
0.439080 -0.800768 0.407405
0.985590 -0.063632 -0.156727
0.994074 -0.074593 -0.079078
0.713272 0.518569 -0.471517
0.604845 -0.635765 -0.479547
0.556433 0.163359 -0.814676
-0.499991 0.141681 0.854362
-0.741196 -0.435664 0.510710
0.526239 -0.601950 0.600608
-0.307360 -0.762807 -0.568907
0.528220 -0.697277 -0.484551
-0.735152 0.197190 -0.001886
-0.735152 0.197190 -0.001886
0.980883 -0.054696 0.186753
0.985930 0.040097 -0.162280
0.575680 0.521264 -0.629982
0.705893 0.427601 -0.564688
0.760648 -0.595885 0.257557
0.485174 -0.655084 -0.579199
-0.519822 0.247583 0.817611
0.366912 0.340920 0.865534
0.366912 0.340920 0.865534
0.343133 0.405999 -0.847009
0.343133 0.405999 -0.847009
-0.994074 -0.074593 -0.079078
-0.985590 -0.063632 -0.156727
-0.439080 -0.800768 0.407405
-0.713272 0.518569 -0.471517
-0.556433 0.163359 -0.814676
-0.604845 -0.635765 -0.479547
-0.526239 -0.601950 0.600608
0.741196 -0.435664 0.510710
0.499991 0.141681 0.854362
-0.528219 -0.697277 -0.484551
0.307360 -0.762807 -0.568906
0.735152 0.197190 -0.001885
0.735152 0.197190 -0.001885
60
0 11 13 12 11 13 12 1
0 14 12 13 14 12 13 1
0 15 12 16 15 12 16 1
0 17 19 18 17 19 18 1
0 20 19 21 20 19 21 1
0 18 0 17 18 0 17 1
0 1 3 2 1 3 2 1
0 4 3 5 4 3 5 1
0 14 2 16 14 2 16 1
0 4 16 2 4 16 2 1
0 0 5 3 0 5 3 1
0 4 11 15 4 11 15 1
0 13 19 6 13 19 6 1
0 11 0 13 11 0 13 1
0 5 0 11 5 0 11 1
0 20 13 0 20 13 0 1
0 21 13 20 21 13 20 1
0 12 14 16 12 14 16 1
0 12 15 11 12 15 11 1
0 0 18 20 0 18 20 1
0 19 13 21 19 13 21 1
0 3 1 0 3 1 0 1
0 3 4 2 3 4 2 1
0 19 17 6 19 17 6 1
0 2 14 1 2 14 1 1
0 16 4 15 16 4 15 1
0 19 20 18 19 20 18 1
0 11 4 5 11 4 5 1
0 7 23 8 7 23 8 1
0 22 10 9 22 10 9 1
0 35 37 36 35 37 36 1
0 36 38 35 36 38 35 1
0 36 40 39 36 40 39 1
0 41 43 42 41 43 42 1
0 41 45 44 41 45 44 1
0 24 42 43 24 42 43 1
0 25 27 26 25 27 26 1
0 25 29 28 25 29 28 1
0 26 38 39 26 38 39 1
0 39 29 26 39 29 26 1
0 28 24 25 28 24 25 1
0 37 29 40 37 29 40 1
0 41 35 30 41 35 30 1
0 24 37 35 24 37 35 1
0 24 28 37 24 28 37 1
0 35 45 24 35 45 24 1
0 35 44 45 35 44 45 1
0 38 36 39 38 36 39 1
0 40 36 37 40 36 37 1
0 42 24 45 42 24 45 1
0 35 41 44 35 41 44 1
0 27 25 24 27 25 24 1
0 29 25 26 29 25 26 1
0 43 41 30 43 41 30 1
0 38 26 27 38 26 27 1
0 29 39 40 29 39 40 1
0 45 41 42 45 41 42 1
0 29 37 28 29 37 28 1
0 46 32 31 46 32 31 1
0 33 47 34 33 47 34 1
"Mesh1" 0 1
34
0 -0.859116 1.781835 0.498899 0.000000 0.000000 1
0 -0.604510 2.003336 0.078794 0.000000 0.000000 1
0 -0.804510 3.703336 -0.421206 0.000000 0.000000 1
0 -1.359116 3.481834 0.198899 0.000000 0.000000 1
0 -1.993750 3.003060 -0.541854 0.000000 0.000000 1
0 0.804510 3.703336 -0.421206 0.000000 0.000000 1
0 2.459115 4.881833 -2.301095 0.000000 0.000000 1
0 1.204510 4.303335 -1.321205 0.000000 0.000000 1
0 1.359116 3.481834 0.198899 0.000000 0.000000 1
0 -2.459116 4.881833 -2.301095 0.000000 0.000000 1
0 -1.204509 4.303335 -1.321205 0.000000 0.000000 1
0 -2.393751 3.653060 -1.491853 0.000000 0.000000 1
0 1.993750 3.003060 -0.541853 0.000000 0.000000 1
0 2.393749 3.653060 -1.491853 0.000000 0.000000 1
0 -1.193750 1.503060 -0.041855 0.000000 0.000000 1
0 0.604510 2.003336 0.078794 0.000000 0.000000 1
0 0.859116 1.781835 0.498899 0.000000 0.000000 1
0 1.193750 1.503060 -0.041855 0.000000 0.000000 1
0 0.804510 3.703336 -0.421206 0.000000 0.000000 1
0 0.604510 2.003336 0.078794 0.000000 0.000000 1
0 0.859116 1.781835 0.498899 0.000000 0.000000 1
0 -1.204509 4.303335 -1.321205 0.000000 0.000000 1
0 -2.459116 4.881833 -2.301095 0.000000 0.000000 1
0 -0.804510 3.703336 -0.421206 0.000000 0.000000 1
0 -1.993750 3.003060 -0.541854 0.000000 0.000000 1
0 -1.193750 1.503060 -0.041855 0.000000 0.000000 1
0 -0.859116 1.781835 0.498899 0.000000 0.000000 1
0 1.204510 4.303335 -1.321205 0.000000 0.000000 1
0 2.459115 4.881833 -2.301095 0.000000 0.000000 1
0 1.993750 3.003060 -0.541853 0.000000 0.000000 1
0 2.393749 3.653060 -1.491853 0.000000 0.000000 1
0 -0.604510 2.003336 0.078794 0.000000 0.000000 1
0 -2.393751 3.653060 -1.491853 0.000000 0.000000 1
0 1.193750 1.503060 -0.041855 0.000000 0.000000 1
34
-0.453617 0.348827 0.719974
-0.110549 0.763839 -0.137530
0.392943 -0.083273 -0.323539
-0.267407 0.493951 0.827349
-0.035548 -0.270508 -0.351585
-0.347518 -0.051318 -0.333639
-0.107306 -0.107221 -0.320573
-0.251551 -0.110162 -0.279762
0.257693 0.495987 0.829211
0.107306 -0.107221 -0.320573
0.251551 -0.110162 -0.279762
0.023855 -0.292167 -0.272762
0.035548 -0.270508 -0.351585
-0.023854 -0.292168 -0.272763
-0.806864 0.239457 -0.249597
0.124217 0.770341 -0.124763
0.570403 0.312193 0.695960
0.806864 0.239458 -0.249597
-0.347518 -0.051318 -0.333639
0.124217 0.770341 -0.124763
0.570403 0.312193 0.695960
0.251551 -0.110162 -0.279762
0.107306 -0.107221 -0.320573
0.392943 -0.083273 -0.323539
-0.035548 -0.270508 -0.351585
-0.806864 0.239457 -0.249597
-0.453617 0.348827 0.719974
-0.251551 -0.110162 -0.279762
-0.107306 -0.107221 -0.320573
0.035548 -0.270508 -0.351585
-0.023854 -0.292168 -0.272763
-0.110549 0.763839 -0.137530
0.023855 -0.292167 -0.272762
0.806864 0.239458 -0.249597
48
0 0 2 1 0 2 1 1
0 2 0 3 2 0 3 1
0 0 4 3 0 4 3 1
0 5 7 6 5 7 6 1
0 5 6 8 5 6 8 1
0 9 2 3 9 2 3 1
0 2 9 10 2 9 10 1
0 4 9 3 4 9 3 1
0 4 11 9 4 11 9 1
0 12 6 13 12 6 13 1
0 4 0 14 4 0 14 1
0 15 8 16 15 8 16 1
0 15 5 8 15 5 8 1
0 16 12 17 16 12 17 1
0 12 16 8 12 16 8 1
0 6 12 8 6 12 8 1
0 5 19 18 5 19 18 1
0 15 19 5 15 19 5 1
0 15 20 19 15 20 19 1
0 16 20 15 16 20 15 1
0 10 22 21 10 22 21 1
0 9 22 10 9 22 10 1
0 2 21 23 2 21 23 1
0 10 21 2 10 21 2 1
0 4 25 24 4 25 24 1
0 14 25 4 14 25 4 1
0 14 26 25 14 26 25 1
0 0 26 14 0 26 14 1
0 7 18 27 7 18 27 1
0 5 18 7 5 18 7 1
0 6 27 28 6 27 28 1
0 7 27 6 7 27 6 1
0 12 30 29 12 30 29 1
0 13 30 12 13 30 12 1
0 13 28 30 13 28 30 1
0 6 28 13 6 28 13 1
0 1 23 31 1 23 31 1
0 2 23 1 2 23 1 1
0 0 31 26 0 31 26 1
0 1 31 0 1 31 0 1
0 9 32 22 9 32 22 1
0 11 32 9 11 32 9 1
0 11 24 32 11 24 32 1
0 4 24 11 4 24 11 1
0 17 29 33 17 29 33 1
0 12 29 17 12 29 17 1
0 16 33 20 16 33 20 1
0 17 33 16 17 33 16 1
"Mesh2" 0 2
200
0 -1.208449 2.111757 0.011172 0.000000 0.000000 0
0 -1.146520 2.625422 0.677175 0.000000 0.000000 0
0 -1.032676 3.067218 0.654873 0.000000 0.000000 0
0 -1.011692 3.164809 0.159146 0.000000 0.000000 0
0 -1.042696 2.984267 -0.281694 0.000000 0.000000 0
0 -1.103277 2.641431 -0.350652 0.000000 0.000000 0
0 1.208434 2.111757 0.011172 0.000000 0.000000 0
0 1.032661 3.067218 0.654873 0.000000 0.000000 0
0 1.146505 2.625422 0.677175 0.000000 0.000000 0
0 1.042681 2.984267 -0.281694 0.000000 0.000000 0
0 1.011677 3.164809 0.159147 0.000000 0.000000 0
0 1.103262 2.641431 -0.350652 0.000000 0.000000 0
0 -0.896381 -0.447453 -0.619921 0.000000 0.000000 2
0 0.946230 -0.447453 -0.619921 0.000000 0.000000 2
0 -0.338498 -1.476290 0.973923 0.000000 0.000000 2
0 -0.926124 -0.477541 0.969170 0.000000 0.000000 2
0 -1.311141 -0.375136 0.182102 0.000000 0.000000 2
0 -0.896381 -0.447453 -0.619921 0.000000 0.000000 2
0 -0.306885 -1.434386 -0.682431 0.000000 0.000000 2
0 -0.076622 -1.914465 0.162791 0.000000 0.000000 2
0 -0.306885 -1.434386 -0.682431 0.000000 0.000000 2
0 -0.338498 -1.476290 0.973923 0.000000 0.000000 2
0 0.975975 -0.477541 0.969170 0.000000 0.000000 2
0 1.361140 -0.375136 0.182102 0.000000 0.000000 2
0 1.245342 -0.085316 0.183049 0.000000 0.000000 2
0 0.975975 -0.477541 0.969170 0.000000 0.000000 2
0 0.338453 -1.476290 0.973923 0.000000 0.000000 2
0 0.946230 -0.447453 -0.619921 0.000000 0.000000 2
0 1.361140 -0.375136 0.182102 0.000000 0.000000 2
0 0.306833 -1.434386 -0.682431 0.000000 0.000000 2
0 0.076570 -1.914465 0.162791 0.000000 0.000000 2
0 0.306833 -1.434386 -0.682431 0.000000 0.000000 2
0 0.338453 -1.476290 0.973923 0.000000 0.000000 2
0 -1.162805 -0.079131 0.184287 0.000000 0.000000 2
0 -1.311141 -0.375136 0.182102 0.000000 0.000000 2
0 -0.926124 -0.477541 0.969170 0.000000 0.000000 2
0 0.509008 -0.365302 0.353020 0.000000 0.000000 3
0 0.513901 -0.365302 -0.336502 0.000000 0.000000 3
0 -0.137271 -0.365302 0.353043 0.000000 0.000000 3
0 -0.132681 -0.365302 -0.336464 0.000000 0.000000 3
0 -0.106841 -1.200522 0.264216 0.000000 0.000000 3
0 0.449968 -1.200522 0.264211 0.000000 0.000000 3
0 -0.105104 -1.200522 -0.260483 0.000000 0.000000 3
0 0.453113 -1.200522 -0.260506 0.000000 0.000000 3
0 -0.602175 -0.606222 0.141619 0.000000 0.000000 6
0 -0.347722 -0.646221 -0.421057 0.000000 0.000000 6
0 -0.155748 -3.402764 -0.314129 0.000000 0.000000 6
0 -0.347722 -0.646221 -0.421057 0.000000 0.000000 6
0 0.274056 -0.643354 0.754863 0.000000 0.000000 6
0 0.664267 -0.626221 0.141619 0.000000 0.000000 6
0 0.565966 -0.315551 -0.007219 0.000000 0.000000 6
0 0.349519 -0.646221 -0.421057 0.000000 0.000000 6
0 0.279790 -3.402764 -0.314129 0.000000 0.000000 6
0 -0.155748 -3.402764 -0.314129 0.000000 0.000000 6
0 0.335594 -3.294581 0.557509 0.000000 0.000000 6
0 0.274056 -0.643354 0.754863 0.000000 0.000000 6
0 -0.323141 -0.623354 0.801262 0.000000 0.000000 6
0 -0.602175 -0.606222 0.141619 0.000000 0.000000 6
0 -0.323141 -0.623354 0.801262 0.000000 0.000000 6
0 -0.167599 -3.296039 0.564513 0.000000 0.000000 6
0 0.470253 -3.360015 0.242672 0.000000 0.000000 6
0 0.664267 -0.626221 0.141619 0.000000 0.000000 6
0 0.349519 -0.646221 -0.421057 0.000000 0.000000 6
0 -0.347722 -0.646221 -0.421057 0.000000 0.000000 6
0 -0.318285 -3.360015 0.242672 0.000000 0.000000 6
0 0.308759 -3.691532 0.311386 0.000000 0.000000 7
0 0.442883 -0.838672 0.675005 0.000000 0.000000 7
0 0.308759 -3.691532 0.311386 0.000000 0.000000 7
0 0.011873 0.114177 -0.962386 0.000000 0.000000 7
0 0.518441 -3.835532 -0.018270 0.000000 0.000000 7
0 0.011873 0.114177 -0.962386 0.000000 0.000000 7
0 0.693803 -1.104564 -0.357404 0.000000 0.000000 7
0 0.518441 -3.835532 -0.018270 0.000000 0.000000 7
0 0.275475 -4.171532 -0.653786 0.000000 0.000000 7
0 -0.138005 -4.171532 -0.653786 0.000000 0.000000 7
0 -0.046913 0.038905 0.789671 0.000000 0.000000 7
0 -0.147455 -3.547005 -0.770683 0.000000 0.000000 7
0 -0.138005 -4.171532 -0.653786 0.000000 0.000000 7
0 -0.485082 -3.835532 0.028130 0.000000 0.000000 7
0 -0.452591 -3.253867 -0.131120 0.000000 0.000000 7
0 -0.673115 0.003669 -0.068447 0.000000 0.000000 7
0 -0.673115 0.003669 -0.068447 0.000000 0.000000 7
0 -0.485082 -3.835532 0.028130 0.000000 0.000000 7
0 -0.130883 -3.691532 0.311386 0.000000 0.000000 7
0 0.578585 -3.333867 -0.131120 0.000000 0.000000 7
0 0.277081 -3.547005 -0.770683 0.000000 0.000000 7
0 0.426836 -1.846966 -1.011654 0.000000 0.000000 7
0 0.275475 -4.171532 -0.653786 0.000000 0.000000 7
0 -0.046913 0.038905 0.789671 0.000000 0.000000 7
0 -0.130883 -3.691532 0.311386 0.000000 0.000000 7
0 -0.077662 -3.038808 0.539877 0.000000 0.000000 8
0 0.361394 -0.426383 0.685258 0.000000 0.000000 8
0 0.520786 -3.038818 0.539834 0.000000 0.000000 8
0 0.528324 -3.053511 -0.160781 0.000000 0.000000 8
0 0.013603 -1.169172 -0.116975 0.000000 0.000000 8
0 -0.025590 -0.654598 -0.126064 0.000000 0.000000 8
0 0.686272 -0.898736 -0.122876 0.000000 0.000000 8
0 0.648894 -1.174874 -0.113865 0.000000 0.000000 8
0 0.369878 -0.417935 -0.176600 0.000000 0.000000 8
0 0.675764 -0.914964 0.544031 0.000000 0.000000 8
0 0.014321 -1.169367 0.555031 0.000000 0.000000 8
0 -0.077662 -3.038808 0.539877 0.000000 0.000000 8
0 0.520786 -3.038818 0.539834 0.000000 0.000000 8
0 0.638376 -1.174002 0.518697 0.000000 0.000000 8
0 0.528324 -3.053511 -0.160781 0.000000 0.000000 8
0 0.648894 -1.174874 -0.113865 0.000000 0.000000 8
0 0.013603 -1.169172 -0.116975 0.000000 0.000000 8
0 -0.067609 -3.053497 -0.160738 0.000000 0.000000 8
0 0.014321 -1.169367 0.555031 0.000000 0.000000 8
0 -0.023268 -0.656652 0.585881 0.000000 0.000000 8
0 0.675764 -0.914964 0.544031 0.000000 0.000000 8
0 0.638376 -1.174002 0.518697 0.000000 0.000000 8
0 0.686272 -0.898736 -0.122876 0.000000 0.000000 8
0 0.102183 -0.081390 0.557223 0.000000 0.000000 8
0 0.080446 -0.074295 -0.005304 0.000000 0.000000 8
0 -0.025590 -0.654598 -0.126064 0.000000 0.000000 8
0 -0.023268 -0.656652 0.585881 0.000000 0.000000 8
0 -0.067609 -3.053497 -0.160738 0.000000 0.000000 8
0 -0.439420 -1.201722 -0.260507 0.000000 0.000000 10
0 -0.510550 -0.366754 -0.336502 0.000000 0.000000 10
0 -0.505658 -0.366754 0.353020 0.000000 0.000000 10
0 0.140623 -0.366754 0.353043 0.000000 0.000000 10
0 0.136033 -0.366754 -0.336464 0.000000 0.000000 10
0 -0.436275 -1.201722 0.264211 0.000000 0.000000 10
0 0.120535 -1.201722 0.264216 0.000000 0.000000 10
0 0.118798 -1.201722 -0.260483 0.000000 0.000000 10
0 0.354886 -0.646218 -0.421057 0.000000 0.000000 13
0 0.609338 -0.606219 0.141619 0.000000 0.000000 13
0 0.325449 -3.360013 0.242672 0.000000 0.000000 13
0 0.354886 -0.646218 -0.421057 0.000000 0.000000 13
0 -0.558802 -0.315548 -0.007219 0.000000 0.000000 13
0 -0.657103 -0.626219 0.141619 0.000000 0.000000 13
0 -0.266892 -0.643351 0.754862 0.000000 0.000000 13
0 0.162911 -3.402762 -0.314129 0.000000 0.000000 13
0 -0.272626 -3.402762 -0.314129 0.000000 0.000000 13
0 -0.342356 -0.646218 -0.421057 0.000000 0.000000 13
0 0.330304 -0.623351 0.801262 0.000000 0.000000 13
0 -0.266892 -0.643351 0.754862 0.000000 0.000000 13
0 -0.328430 -3.294580 0.557509 0.000000 0.000000 13
0 0.609338 -0.606219 0.141619 0.000000 0.000000 13
0 0.330304 -0.623351 0.801262 0.000000 0.000000 13
0 0.174762 -3.296037 0.564513 0.000000 0.000000 13
0 -0.657103 -0.626219 0.141619 0.000000 0.000000 13
0 -0.463089 -3.360013 0.242672 0.000000 0.000000 13
0 -0.342356 -0.646218 -0.421057 0.000000 0.000000 13
0 0.354886 -0.646218 -0.421057 0.000000 0.000000 13
0 0.162911 -3.402762 -0.314129 0.000000 0.000000 13
0 0.492246 -3.835533 0.028130 0.000000 0.000000 14
0 0.138047 -3.691533 0.311386 0.000000 0.000000 14
0 0.729906 0.003670 -0.068447 0.000000 0.000000 14
0 -0.419674 -1.846965 -1.011654 0.000000 0.000000 14
0 -0.269919 -3.547004 -0.770684 0.000000 0.000000 14
0 -0.571422 -3.333866 -0.131120 0.000000 0.000000 14
0 -0.268311 -4.171532 -0.653787 0.000000 0.000000 14
0 -0.435721 -0.838671 0.675004 0.000000 0.000000 14
0 -0.301596 -3.691533 0.311386 0.000000 0.000000 14
0 0.138047 -3.691533 0.311386 0.000000 0.000000 14
0 0.111324 0.038906 0.789670 0.000000 0.000000 14
0 0.052538 0.114177 -0.962386 0.000000 0.000000 14
0 -0.301596 -3.691533 0.311386 0.000000 0.000000 14
0 -0.511277 -3.835533 -0.018270 0.000000 0.000000 14
0 0.052538 0.114177 -0.962386 0.000000 0.000000 14
0 -0.511277 -3.835533 -0.018270 0.000000 0.000000 14
0 -0.686639 -1.104563 -0.357404 0.000000 0.000000 14
0 0.111324 0.038906 0.789670 0.000000 0.000000 14
0 -0.268311 -4.171532 -0.653787 0.000000 0.000000 14
0 0.145169 -4.171532 -0.653787 0.000000 0.000000 14
0 0.492246 -3.835533 0.028130 0.000000 0.000000 14
0 0.145169 -4.171532 -0.653787 0.000000 0.000000 14
0 0.154617 -3.547004 -0.770684 0.000000 0.000000 14
0 0.729906 0.003670 -0.068447 0.000000 0.000000 14
0 0.459753 -3.253866 -0.131120 0.000000 0.000000 14
0 0.077657 -3.038814 0.539877 0.000000 0.000000 15
0 0.023267 -0.656652 0.585881 0.000000 0.000000 15
0 0.025590 -0.654598 -0.126063 0.000000 0.000000 15
0 -0.080446 -0.074295 -0.005304 0.000000 0.000000 15
0 -0.102183 -0.081390 0.557223 0.000000 0.000000 15
0 -0.528327 -3.053516 -0.160781 0.000000 0.000000 15
0 0.067604 -3.053503 -0.160738 0.000000 0.000000 15
0 -0.361394 -0.426383 0.685258 0.000000 0.000000 15
0 -0.520789 -3.038824 0.539834 0.000000 0.000000 15
0 -0.686272 -0.898736 -0.122876 0.000000 0.000000 15
0 -0.648894 -1.174874 -0.113865 0.000000 0.000000 15
0 -0.686272 -0.898736 -0.122876 0.000000 0.000000 15
0 0.025590 -0.654598 -0.126063 0.000000 0.000000 15
0 -0.013603 -1.169172 -0.116975 0.000000 0.000000 15
0 -0.675764 -0.914964 0.544031 0.000000 0.000000 15
0 -0.369878 -0.417935 -0.176600 0.000000 0.000000 15
0 -0.638376 -1.174002 0.518697 0.000000 0.000000 15
0 -0.520789 -3.038824 0.539834 0.000000 0.000000 15
0 0.077657 -3.038814 0.539877 0.000000 0.000000 15
0 -0.014321 -1.169367 0.555031 0.000000 0.000000 15
0 -0.648894 -1.174874 -0.113865 0.000000 0.000000 15
0 -0.528327 -3.053516 -0.160781 0.000000 0.000000 15
0 0.067604 -3.053503 -0.160738 0.000000 0.000000 15
0 -0.013603 -1.169172 -0.116975 0.000000 0.000000 15
0 0.023267 -0.656652 0.585881 0.000000 0.000000 15
0 -0.014321 -1.169367 0.555031 0.000000 0.000000 15
0 -0.638376 -1.174002 0.518697 0.000000 0.000000 15
0 -0.675764 -0.914964 0.544031 0.000000 0.000000 15
200
0.003781 -0.139714 -0.090022
-0.153464 -0.203626 0.907117
-0.520922 0.043798 0.688315
-0.779236 0.201286 -0.098695
-0.521717 0.211372 -0.719247
-0.207745 0.027818 -0.858568
-0.003148 -0.136835 -0.087926
0.520926 0.043799 0.688318
0.153464 -0.203624 0.907117
0.521722 0.211372 -0.719245
0.779247 0.201284 -0.098693
0.208634 0.029701 -0.857533
-0.654382 0.124021 -0.741739
0.652958 0.125680 -0.744383
0.234616 -0.170642 0.867522
-0.747219 0.151060 0.617950
-0.938325 0.316694 -0.005563
-0.654382 0.124021 -0.741739
0.387711 -0.088796 -0.815021
0.497717 -0.506287 0.041988
0.387711 -0.088796 -0.815021
0.234616 -0.170642 0.867522
0.755656 0.142330 0.616175
0.958170 0.263472 -0.006446
0.909232 0.413907 0.044483
0.755656 0.142330 0.616175
-0.230913 -0.180751 0.868551
0.652958 0.125680 -0.744383
0.958170 0.263472 -0.006446
-0.398345 -0.083932 -0.806681
-0.495086 -0.519091 0.061945
-0.398345 -0.083932 -0.806681
-0.230913 -0.180751 0.868551
-0.906393 0.418623 0.056628
-0.938325 0.316694 -0.005563
-0.747219 0.151060 0.617950
0.703865 -0.012760 0.710219
0.555544 -0.018848 -0.831274
-0.709211 -0.049158 0.703281
-0.828827 -0.011289 -0.559391
-0.833191 -0.038374 0.551652
0.421304 0.222834 0.879118
-0.830903 -0.036212 -0.555238
0.474606 0.217454 -0.852914
-0.999798 0.017797 0.009301
-0.543172 -0.129970 -0.829501
-0.470634 0.143929 -0.833188
-0.543172 -0.129970 -0.829501
0.511499 0.250029 0.822104
0.997823 0.061085 0.024856
0.989796 0.141456 0.017161
0.517958 -0.094549 -0.850165
0.475213 0.235056 -0.801717
-0.470634 0.143929 -0.833188
0.694350 0.157810 0.661947
0.511499 0.250029 0.822104
-0.466728 0.149889 0.871607
-0.999798 0.017797 0.009301
-0.466728 0.149889 0.871607
-0.558811 0.223233 0.762774
0.993590 0.059078 -0.001164
0.997823 0.061085 0.024856
0.517958 -0.094549 -0.850165
-0.543172 -0.129970 -0.829501
-0.735152 0.197190 -0.001886
0.664595 0.071738 0.727900
0.761949 -0.085553 0.641961
0.664595 0.071738 0.727900
-0.339153 0.004535 -0.940720
0.990092 -0.001988 0.106076
-0.339153 0.004535 -0.940720
0.995216 -0.025630 -0.094272
0.990092 -0.001988 0.106076
0.556369 -0.197407 -0.807038
-0.522411 -0.150285 -0.839068
-0.286015 -0.074756 0.955305
-0.540313 -0.120608 -0.832776
-0.522411 -0.150285 -0.839068
-0.985871 0.130070 -0.008367
-0.991985 -0.015838 0.125357
-0.998861 -0.045619 0.013970
-0.998861 -0.045619 0.013970
-0.985871 0.130070 -0.008367
-0.414439 0.201371 0.831346
0.995839 -0.089018 -0.019506
0.544015 -0.160209 -0.823639
0.545335 -0.075070 -0.834850
0.556369 -0.197407 -0.807038
-0.286015 -0.074756 0.955305
-0.414439 0.201371 0.831346
-0.705056 0.001595 0.709082
-0.150706 -0.093084 0.984187
0.707152 0.012958 0.706201
0.803051 0.047183 -0.571410
-0.705054 -0.024298 -0.708737
-0.618473 0.058024 -0.783661
0.633811 -0.060539 -0.771115
0.709526 -0.056516 -0.702410
-0.030268 -0.008359 -0.999507
0.668672 -0.127440 0.732555
-0.693573 -0.059073 0.717961
-0.705056 0.001595 0.709082
0.707152 0.012958 0.706201
0.711140 -0.087486 0.697586
0.803051 0.047183 -0.571410
0.709526 -0.056516 -0.702410
-0.705054 -0.024298 -0.708737
-0.573785 0.024395 -0.802928
-0.693573 -0.059073 0.717961
-0.621549 -0.043303 0.782178
0.668672 -0.127440 0.732555
0.711140 -0.087486 0.697586
0.633811 -0.060539 -0.771115
-0.769047 -0.193670 0.609146
-0.874382 -0.105319 -0.473670
-0.618473 0.058024 -0.783661
-0.621549 -0.043303 0.782178
-0.573785 0.024395 -0.802928
-0.474823 0.215696 -0.853240
-0.555319 -0.022289 -0.831339
-0.703724 -0.015673 0.710301
0.709419 -0.044780 0.703363
0.828885 -0.007866 -0.559364
-0.421492 0.220579 0.879596
0.833107 -0.040760 0.551608
0.830893 -0.038555 -0.555095
0.543172 -0.129971 -0.829501
0.999798 0.017797 0.009301
0.735152 0.197190 -0.001885
0.543172 -0.129971 -0.829501
-0.989796 0.141456 0.017161
-0.997823 0.061085 0.024856
-0.511499 0.250029 0.822104
0.470634 0.143929 -0.833188
-0.475213 0.235055 -0.801717
-0.517958 -0.094549 -0.850165
0.466727 0.149889 0.871607
-0.511499 0.250029 0.822104
-0.694350 0.157810 0.661947
0.999798 0.017797 0.009301
0.466727 0.149889 0.871607
0.558811 0.223233 0.762774
-0.997823 0.061085 0.024856
-0.993590 0.059078 -0.001164
-0.517958 -0.094549 -0.850165
0.543172 -0.129971 -0.829501
0.470634 0.143929 -0.833188
0.985871 0.130072 -0.008366
0.420726 0.208163 0.826446
0.999919 -0.006697 0.010825
-0.545331 -0.074380 -0.834914
-0.544016 -0.160209 -0.823638
-0.995839 -0.089018 -0.019506
-0.556369 -0.197406 -0.807037
-0.753515 -0.108600 0.648399
-0.664600 0.071737 0.727896
0.420726 0.208163 0.826446
0.319504 -0.052967 0.946103
0.363928 0.024379 -0.931108
-0.664600 0.071737 0.727896
-0.990092 -0.001988 0.106076
0.363928 0.024379 -0.931108
-0.990092 -0.001988 0.106076
-0.996357 -0.040784 -0.074900
0.319504 -0.052967 0.946103
-0.556369 -0.197406 -0.807037
0.522411 -0.150285 -0.839067
0.985871 0.130072 -0.008366
0.522411 -0.150285 -0.839067
0.548211 -0.112500 -0.828739
0.999919 -0.006697 0.010825
0.991606 0.006952 0.129111
0.705055 0.001601 0.709082
0.621548 -0.043303 0.782178
0.618473 0.058024 -0.783661
0.874382 -0.105314 -0.473671
0.769047 -0.193664 0.609147
-0.803051 0.047176 -0.571410
0.573785 0.024399 -0.802928
0.150705 -0.093083 0.984187
-0.707153 0.012952 0.706201
-0.633810 -0.060539 -0.771116
-0.709526 -0.056515 -0.702410
-0.633810 -0.060539 -0.771116
0.618473 0.058024 -0.783661
0.705054 -0.024299 -0.708737
-0.668672 -0.127440 0.732555
0.030268 -0.008357 -0.999507
-0.711140 -0.087486 0.697586
-0.707153 0.012952 0.706201
0.705055 0.001601 0.709082
0.693572 -0.059074 0.717961
-0.709526 -0.056515 -0.702410
-0.803051 0.047176 -0.571410
0.573785 0.024399 -0.802928
0.705054 -0.024299 -0.708737
0.621548 -0.043303 0.782178
0.693572 -0.059074 0.717961
-0.711140 -0.087486 0.697586
-0.668672 -0.127440 0.732555
220
0 22 24 23 22 24 23 1
0 33 35 34 33 35 34 1
0 12 33 34 12 33 34 1
0 24 13 23 24 13 23 1
0 36 93 37 36 93 37 1
0 90 36 38 90 36 38 1
0 90 39 117 90 39 117 1
0 117 37 93 117 37 93 1
0 36 90 92 36 90 92 1
0 40 36 41 40 36 41 1
0 40 38 36 40 38 36 1
0 39 90 38 39 90 38 1
0 42 38 40 42 38 40 1
0 42 39 38 42 39 38 1
0 37 117 39 37 117 39 1
0 43 39 42 43 39 42 1
0 43 37 39 43 37 39 1
0 93 36 92 93 36 92 1
0 41 37 43 41 37 43 1
0 41 36 37 41 36 37 1
0 64 45 44 64 45 44 1
0 64 46 45 64 46 45 1
0 82 47 74 82 47 74 1
0 48 50 49 48 50 49 1
0 51 53 52 51 53 52 1
0 54 56 55 54 56 55 1
0 47 82 57 47 82 57 1
0 82 58 57 82 58 57 1
0 56 54 59 56 54 59 1
0 54 61 60 54 61 60 1
0 47 73 74 47 73 74 1
0 73 47 62 73 47 62 1
0 61 54 55 61 54 55 1
0 52 61 51 52 61 51 1
0 64 56 59 64 56 59 1
0 64 44 56 64 44 56 1
0 53 51 63 53 51 63 1
0 61 52 60 61 52 60 1
0 50 62 49 50 62 49 1
0 83 48 58 83 48 58 1
0 48 83 67 48 83 67 1
0 58 82 83 58 82 83 1
0 73 50 72 73 50 72 1
0 50 67 72 50 67 72 1
0 50 48 67 50 48 67 1
0 62 50 73 62 50 73 1
0 14 75 15 14 75 15 1
0 76 78 77 76 78 77 1
0 76 80 79 76 80 79 1
0 81 17 16 81 17 16 1
0 81 15 75 81 15 75 1
0 84 86 85 84 86 85 1
0 76 87 85 76 87 85 1
0 88 65 89 88 65 89 1
0 88 66 65 88 66 65 1
0 18 17 68 18 17 68 1
0 66 84 65 66 84 65 1
0 84 87 69 84 87 69 1
0 87 76 77 87 76 77 1
0 89 80 88 89 80 88 1
0 78 76 79 78 76 79 1
0 84 69 65 84 69 65 1
0 80 89 79 80 89 79 1
0 87 84 85 87 84 85 1
0 89 78 79 89 78 79 1
0 80 76 70 80 76 70 1
0 66 19 71 66 19 71 1
0 86 76 85 86 76 85 1
0 71 20 86 71 20 86 1
0 86 84 71 86 84 71 1
0 19 66 21 19 66 21 1
0 66 88 21 66 88 21 1
0 84 66 71 84 66 71 1
0 70 86 20 70 86 20 1
0 20 71 19 20 71 19 1
0 86 70 76 86 70 76 1
0 15 81 16 15 81 16 1
0 17 81 68 17 81 68 1
0 0 112 99 0 112 99 1
0 113 115 114 113 115 114 1
0 113 116 115 113 116 115 1
0 1 113 2 1 113 2 1
0 1 99 91 1 99 91 1
0 3 114 4 3 114 4 1
0 94 96 95 94 96 95 1
0 94 97 96 94 97 96 1
0 98 0 5 98 0 5 1
0 100 102 101 100 102 101 1
0 100 103 102 100 103 102 1
0 103 104 102 103 104 102 1
0 103 105 104 103 105 104 1
0 106 101 107 106 101 107 1
0 106 100 101 106 100 101 1
0 98 115 112 98 115 112 1
0 4 98 5 4 98 5 1
0 116 91 99 116 91 99 1
0 115 98 114 115 98 114 1
0 91 116 113 91 116 113 1
0 108 95 109 108 95 109 1
0 108 94 95 108 94 95 1
0 105 107 104 105 107 104 1
0 105 106 107 105 106 107 1
0 97 110 96 97 110 96 1
0 97 111 110 97 111 110 1
0 111 109 110 111 109 110 1
0 111 108 109 111 108 109 1
0 113 3 2 113 3 2 1
0 3 113 114 3 113 114 1
0 113 1 91 113 1 91 1
0 98 4 114 98 4 114 1
0 112 0 98 112 0 98 1
0 99 1 0 99 1 0 1
0 177 120 119 177 120 119 1
0 120 172 121 120 172 121 1
0 122 172 178 122 172 178 1
0 119 178 177 119 178 177 1
0 172 120 180 172 120 180 1
0 121 123 120 121 123 120 1
0 121 124 123 121 124 123 1
0 172 122 121 172 122 121 1
0 122 124 121 122 124 121 1
0 122 125 124 122 125 124 1
0 178 119 122 178 119 122 1
0 119 125 122 119 125 122 1
0 119 118 125 119 118 125 1
0 120 177 180 120 177 180 1
0 120 118 119 120 118 119 1
0 120 123 118 120 123 118 1
0 146 127 126 146 127 126 1
0 146 128 127 146 128 127 1
0 129 147 166 129 147 166 1
0 130 132 131 130 132 131 1
0 133 135 134 133 135 134 1
0 136 138 137 136 138 137 1
0 147 129 139 147 129 139 1
0 140 147 139 140 147 139 1
0 138 136 141 138 136 141 1
0 142 138 143 142 138 143 1
0 165 129 166 165 129 166 1
0 129 165 144 129 165 144 1
0 138 142 137 138 142 137 1
0 142 134 135 142 134 135 1
0 127 141 136 127 141 136 1
0 127 128 141 127 128 141 1
0 135 133 145 135 133 145 1
0 134 142 143 134 142 143 1
0 144 130 131 144 130 131 1
0 132 148 140 132 148 140 1
0 148 132 159 148 132 159 1
0 147 140 148 147 140 148 1
0 130 165 162 130 165 162 1
0 159 130 162 159 130 162 1
0 132 130 159 132 130 159 1
0 130 144 165 130 144 165 1
0 164 26 25 164 26 25 1
0 167 169 168 167 169 168 1
0 170 169 171 170 169 171 1
0 27 149 28 27 149 28 1
0 25 149 164 25 149 164 1
0 150 152 151 150 152 151 1
0 153 169 151 153 169 151 1
0 154 156 155 154 156 155 1
0 154 157 156 154 157 156 1
0 27 29 158 27 29 158 1
0 152 154 155 152 154 155 1
0 153 152 160 153 152 160 1
0 169 153 168 169 153 168 1
0 170 156 157 170 156 157 1
0 169 167 171 169 167 171 1
0 160 152 155 160 152 155 1
0 156 170 171 156 170 171 1
0 152 153 151 152 153 151 1
0 167 156 171 167 156 171 1
0 169 170 161 169 170 161 1
0 30 154 163 30 154 163 1
0 169 150 151 169 150 151 1
0 31 163 150 31 163 150 1
0 152 150 163 152 150 163 1
0 154 30 32 154 30 32 1
0 157 154 32 157 154 32 1
0 154 152 163 154 152 163 1
0 150 161 31 150 161 31 1
0 163 31 30 163 31 30 1
0 161 150 169 161 150 169 1
0 149 25 28 149 25 28 1
0 149 27 158 149 27 158 1
0 181 6 186 181 6 186 1
0 173 175 174 173 175 174 1
0 173 176 175 173 176 175 1
0 176 8 7 176 8 7 1
0 186 8 179 186 8 179 1
0 175 10 9 175 10 9 1
0 182 184 183 182 184 183 1
0 182 185 184 182 185 184 1
0 6 187 11 6 187 11 1
0 188 190 189 188 190 189 1
0 188 191 190 188 191 190 1
0 192 189 193 192 189 193 1
0 192 188 189 192 188 189 1
0 191 194 190 191 194 190 1
0 191 195 194 191 195 194 1
0 174 187 181 174 187 181 1
0 187 9 11 187 9 11 1
0 179 173 186 179 173 186 1
0 187 174 175 187 174 175 1
0 173 179 176 173 179 176 1
0 185 196 184 185 196 184 1
0 185 197 196 185 197 196 1
0 195 193 194 195 193 194 1
0 195 192 193 195 192 193 1
0 198 183 199 198 183 199 1
0 198 182 183 198 182 183 1
0 197 199 196 197 199 196 1
0 197 198 199 197 198 199 1
0 10 176 7 10 176 7 1
0 176 10 175 176 10 175 1
0 8 176 179 8 176 179 1
0 9 187 175 9 187 175 1
0 6 181 187 6 181 187 1
0 8 186 6 8 186 6 1
"Mesh3" 0 3
0
0
0
"Mesh4" 0 4
40
0 -0.397708 3.390891 -0.305647 0.000000 0.000000 0
0 -0.672759 2.790891 -0.525648 0.000000 0.000000 0
0 -0.439421 3.841631 -0.183988 0.000000 0.000000 0
0 0.439421 3.841631 -0.183988 0.000000 0.000000 0
0 0.672759 2.790891 -0.525648 0.000000 0.000000 0
0 0.397708 3.390891 -0.305647 0.000000 0.000000 0
0 0.686907 3.481631 0.156012 0.000000 0.000000 0
0 -0.686907 3.481631 0.156012 0.000000 0.000000 0
0 -0.686907 3.481631 0.156012 0.000000 0.000000 0
0 -0.363915 3.479675 0.678736 0.000000 0.000000 0
0 0.363915 3.479675 0.678736 0.000000 0.000000 0
0 0.686907 3.481631 0.156012 0.000000 0.000000 0
0 0.000000 3.324934 -0.401014 0.000000 0.000000 0
0 -0.397708 3.390891 -0.305647 0.000000 0.000000 0
0 -0.439421 3.841631 -0.183988 0.000000 0.000000 0
0 -0.363915 3.479675 0.678736 0.000000 0.000000 0
0 0.000000 3.408501 0.854464 0.000000 0.000000 0
0 0.439421 3.841631 -0.183988 0.000000 0.000000 0
0 0.397708 3.390891 -0.305647 0.000000 0.000000 0
0 0.363915 3.479675 0.678736 0.000000 0.000000 0
0 0.439421 3.841631 -0.183988 0.000000 0.000000 0
0 -0.439421 3.841631 -0.183988 0.000000 0.000000 0
0 -0.804510 3.703336 -0.421206 0.000000 0.000000 1
0 -1.993750 3.003060 -0.541854 0.000000 0.000000 1
0 -2.393751 3.653060 -1.491853 0.000000 0.000000 1
0 1.204510 4.303335 -1.321205 0.000000 0.000000 1
0 2.459115 4.881833 -2.301095 0.000000 0.000000 1
0 2.393749 3.653060 -1.491853 0.000000 0.000000 1
0 -1.204509 4.303335 -1.321205 0.000000 0.000000 1
0 -2.459116 4.881833 -2.301095 0.000000 0.000000 1
0 0.804510 3.703336 -0.421206 0.000000 0.000000 1
0 1.993750 3.003060 -0.541853 0.000000 0.000000 1
0 -0.604510 2.003336 0.078794 0.000000 0.000000 1
0 -1.193750 1.503060 -0.041855 0.000000 0.000000 1
0 1.193750 1.503060 -0.041855 0.000000 0.000000 1
0 0.604510 2.003336 0.078794 0.000000 0.000000 1
0 -0.274758 1.010121 0.454907 0.000000 0.000000 9
0 -0.274758 1.010121 0.454907 0.000000 0.000000 9
0 0.276020 1.005981 0.457648 0.000000 0.000000 9
0 0.276020 1.005981 0.457648 0.000000 0.000000 9
40
-0.012712 0.306262 -0.930858
-0.393052 0.480021 -0.771981
-0.537932 0.256366 -0.631998
0.518111 0.255392 -0.624051
0.392833 0.480235 -0.771904
0.012712 0.306262 -0.930858
0.792916 0.464569 -0.145768
-0.792900 0.464730 -0.145981
-0.792900 0.464730 -0.145981
-0.556101 0.399205 0.684209
0.556492 0.397527 0.684436
0.792916 0.464569 -0.145768
0.000000 0.236440 -0.967221
-0.012712 0.306262 -0.930858
-0.537932 0.256366 -0.631998
-0.556101 0.399205 0.684209
-0.000147 0.322603 0.946494
0.518111 0.255392 -0.624051
0.012712 0.306262 -0.930858
0.556492 0.397527 0.684436
0.518111 0.255392 -0.624051
-0.537932 0.256366 -0.631998
0.392943 -0.083273 -0.323539
-0.035548 -0.270508 -0.351585
0.023855 -0.292167 -0.272762
-0.251551 -0.110162 -0.279762
-0.107306 -0.107221 -0.320573
-0.023854 -0.292168 -0.272763
0.251551 -0.110162 -0.279762
0.107306 -0.107221 -0.320573
-0.347518 -0.051318 -0.333639
0.035548 -0.270508 -0.351585
-0.110549 0.763839 -0.137530
-0.806864 0.239457 -0.249597
0.806864 0.239458 -0.249597
0.124217 0.770341 -0.124763
-0.686857 0.369269 0.625994
-0.686857 0.369269 0.625994
0.607022 0.381568 0.697087
0.607022 0.381568 0.697087
23
0 0 2 1 0 2 1 1
0 3 5 4 3 5 4 1
0 3 4 6 3 4 6 1
0 1 2 7 1 2 7 1
0 22 24 23 22 24 23 1
0 25 27 26 25 27 26 1
0 28 24 22 28 24 22 1
0 24 28 29 24 28 29 1
0 27 25 30 27 25 30 1
0 27 30 31 27 30 31 1
0 22 33 32 22 33 32 1
0 33 22 23 33 22 23 1
0 34 30 35 34 30 35 1
0 30 34 31 30 34 31 1
0 8 36 9 8 36 9 1
0 38 11 10 38 11 10 1
0 12 14 13 12 14 13 1
0 37 16 15 37 16 15 1
0 17 12 18 17 12 18 1
0 16 39 19 16 39 19 1
0 38 20 11 38 20 11 1
0 21 36 8 21 36 8 1
0 16 37 39 16 37 39 1
"Mesh5" 0 5
73
0 0.593036 0.827460 0.383630 0.000000 0.000000 0
0 0.000000 0.844416 0.547657 0.000000 0.000000 0
0 0.000000 3.408501 0.854464 0.000000 0.000000 0
0 0.000000 2.619795 0.960475 0.000000 0.000000 0
0 1.032661 3.067218 0.654873 0.000000 0.000000 0
0 0.000000 3.324934 -0.401014 0.000000 0.000000 0
0 0.397708 3.390891 -0.305647 0.000000 0.000000 0
0 0.335701 2.744511 -0.822890 0.000000 0.000000 0
0 0.672759 2.790891 -0.525648 0.000000 0.000000 0
0 0.300531 2.324192 -1.391710 0.000000 0.000000 0
0 -0.686907 3.481631 0.156012 0.000000 0.000000 0
0 -1.042696 2.984267 -0.281694 0.000000 0.000000 0
0 -1.011692 3.164809 0.159146 0.000000 0.000000 0
0 -1.208449 2.111757 0.011172 0.000000 0.000000 0
0 -1.147416 1.883299 -0.308828 0.000000 0.000000 0
0 -0.912735 2.109982 0.501795 0.000000 0.000000 0
0 -0.692649 1.468721 0.442712 0.000000 0.000000 0
0 -1.147416 1.883299 -0.308828 0.000000 0.000000 0
0 -1.032676 3.067218 0.654873 0.000000 0.000000 0
0 -1.103277 2.641431 -0.350652 0.000000 0.000000 0
0 -0.672759 2.790891 -0.525648 0.000000 0.000000 0
0 -0.363915 3.479675 0.678736 0.000000 0.000000 0
0 0.000000 1.726665 0.650476 0.000000 0.000000 0
0 -0.335700 2.744511 -0.822890 0.000000 0.000000 0
0 -0.397708 3.390891 -0.305647 0.000000 0.000000 0
0 0.000000 2.630359 -0.709842 0.000000 0.000000 0
0 0.686907 3.481631 0.156012 0.000000 0.000000 0
0 1.011677 3.164809 0.159147 0.000000 0.000000 0
0 1.042681 2.984267 -0.281694 0.000000 0.000000 0
0 0.363915 3.479675 0.678736 0.000000 0.000000 0
0 1.208434 2.111757 0.011172 0.000000 0.000000 0
0 1.146505 2.625422 0.677175 0.000000 0.000000 0
0 0.912720 2.109982 0.501795 0.000000 0.000000 0
0 1.152603 1.883299 -0.308828 0.000000 0.000000 0
0 0.692649 1.468721 0.442712 0.000000 0.000000 0
0 0.000000 1.773499 -1.142145 0.000000 0.000000 0
0 -0.300531 2.324192 -1.391710 0.000000 0.000000 0
0 0.692649 1.468721 0.442712 0.000000 0.000000 0
0 1.103262 2.641431 -0.350652 0.000000 0.000000 0
0 -1.146520 2.625422 0.677175 0.000000 0.000000 0
0 -0.446336 0.827460 0.383630 0.000000 0.000000 0
0 -0.672759 2.790891 -0.525648 0.000000 0.000000 0
0 -0.686907 3.481631 0.156012 0.000000 0.000000 0
0 -0.439421 3.841631 -0.183988 0.000000 0.000000 0
0 -0.439421 3.841631 -0.183988 0.000000 0.000000 0
0 0.439421 3.841631 -0.183988 0.000000 0.000000 0
0 0.439421 3.841631 -0.183988 0.000000 0.000000 0
0 0.686907 3.481631 0.156012 0.000000 0.000000 0
0 0.672759 2.790891 -0.525648 0.000000 0.000000 0
0 0.397708 3.390891 -0.305647 0.000000 0.000000 0
0 -0.397708 3.390891 -0.305647 0.000000 0.000000 0
0 0.593036 0.827460 0.383630 0.000000 0.000000 0
0 0.000000 3.324934 -0.401014 0.000000 0.000000 0
0 0.439421 3.841631 -0.183988 0.000000 0.000000 0
0 -0.439421 3.841631 -0.183988 0.000000 0.000000 0
0 -0.439421 3.841631 -0.183988 0.000000 0.000000 0
0 0.439421 3.841631 -0.183988 0.000000 0.000000 0
0 -0.439421 3.841631 -0.183988 0.000000 0.000000 0
0 -0.000052 0.388340 0.771868 0.000000 0.000000 2
0 -0.274758 1.010121 0.454907 0.000000 0.000000 9
0 0.276020 1.005981 0.457648 0.000000 0.000000 9
0 0.000000 1.331217 -0.361078 0.000000 0.000000 9
0 0.218457 1.331217 0.332651 0.000000 0.000000 9
0 -0.362283 1.331217 -0.247408 0.000000 0.000000 9
0 0.000000 1.331217 -0.361078 0.000000 0.000000 9
0 0.362283 1.331217 -0.247408 0.000000 0.000000 9
0 0.362283 1.331217 -0.247408 0.000000 0.000000 9
0 0.218457 1.331217 0.332651 0.000000 0.000000 9
0 0.276020 1.005981 0.457648 0.000000 0.000000 9
0 -0.274758 1.010121 0.454907 0.000000 0.000000 9
0 -0.218457 1.331217 0.332651 0.000000 0.000000 9
0 -0.362283 1.331217 -0.247408 0.000000 0.000000 9
0 -0.218457 1.331217 0.332651 0.000000 0.000000 9
73
0.747167 0.119619 0.653783
-0.041678 0.142456 0.988923
-0.000147 0.322603 0.946494
0.000002 -0.116933 0.993140
0.520926 0.043799 0.688318
0.000000 0.236440 -0.967221
0.012712 0.306262 -0.930858
-0.272554 0.566741 -0.777508
0.392833 0.480235 -0.771904
-0.257141 0.465089 -0.847096
-0.792900 0.464730 -0.145981
-0.521717 0.211372 -0.719247
-0.779236 0.201286 -0.098695
0.003781 -0.139714 -0.090022
-0.959052 -0.273173 -0.074810
-0.595135 -0.396513 0.698993
-0.639924 -0.297926 0.708334
-0.959052 -0.273173 -0.074810
-0.520922 0.043798 0.688315
-0.207745 0.027818 -0.858568
-0.393052 0.480021 -0.771981
-0.556101 0.399205 0.684209
-0.006956 -0.203256 0.979101
0.272555 0.566741 -0.777508
-0.012712 0.306262 -0.930858
0.000000 0.396824 -0.917895
0.792916 0.464569 -0.145768
0.779247 0.201284 -0.098693
0.521722 0.211372 -0.719245
0.556492 0.397527 0.684436
-0.003148 -0.136835 -0.087926
0.153464 -0.203624 0.907117
0.595009 -0.394718 0.700116
0.963893 -0.252108 -0.085749
0.640567 -0.226640 0.733695
0.000096 -0.013523 -0.999909
0.257144 0.465088 -0.847095
0.640567 -0.226640 0.733695
0.208634 0.029701 -0.857533
-0.153464 -0.203626 0.907117
-0.732589 0.099749 0.673322
-0.393052 0.480021 -0.771981
-0.792900 0.464730 -0.145981
-0.537932 0.256366 -0.631998
-0.537932 0.256366 -0.631998
0.518111 0.255392 -0.624051
0.518111 0.255392 -0.624051
0.792916 0.464569 -0.145768
0.392833 0.480235 -0.771904
0.012712 0.306262 -0.930858
-0.012712 0.306262 -0.930858
0.747167 0.119619 0.653783
0.000000 0.236440 -0.967221
0.518111 0.255392 -0.624051
-0.537932 0.256366 -0.631998
-0.537932 0.256366 -0.631998
0.518111 0.255392 -0.624051
-0.537932 0.256366 -0.631998
-0.016918 0.499524 0.866086
-0.686857 0.369269 0.625994
0.607022 0.381568 0.697087
0.000000 0.076157 -0.997096
0.579995 0.379652 0.720743
-0.954905 0.181546 -0.234941
0.000000 0.076157 -0.997096
0.954546 0.182487 -0.235669
0.954546 0.182487 -0.235669
0.579995 0.379652 0.720743
0.607022 0.381568 0.697087
-0.686857 0.369269 0.625994
-0.376809 0.387709 0.841247
-0.954905 0.181546 -0.234941
-0.376809 0.387709 0.841247
78
0 0 58 1 0 58 1 1
0 2 4 3 2 4 3 1
0 5 7 6 5 7 6 1
0 7 9 8 7 9 8 1
0 10 12 11 10 12 11 1
0 13 15 14 13 15 14 1
0 16 17 15 16 17 15 1
0 12 10 18 12 10 18 1
0 14 20 19 14 20 19 1
0 2 18 21 2 18 21 1
0 8 6 7 8 6 7 1
0 10 21 18 10 21 18 1
0 15 3 22 15 3 22 1
0 22 16 15 22 16 15 1
0 11 19 20 11 19 20 1
0 23 5 24 23 5 24 1
0 7 5 25 7 5 25 1
0 26 28 27 26 28 27 1
0 29 26 4 29 26 4 1
0 30 32 31 30 32 31 1
0 33 34 32 33 34 32 1
0 23 36 35 23 36 35 1
0 32 3 31 32 3 31 1
0 37 22 32 37 22 32 1
0 26 8 28 26 8 28 1
0 20 10 11 20 10 11 1
0 26 27 4 26 27 4 1
0 38 33 30 38 33 30 1
0 24 20 23 24 20 23 1
0 23 35 25 23 35 25 1
0 35 7 25 35 7 25 1
0 36 23 20 36 23 20 1
0 38 28 8 38 28 8 1
0 5 23 25 5 23 25 1
0 3 15 39 3 15 39 1
0 3 32 22 3 32 22 1
0 18 2 3 18 2 3 1
0 9 7 35 9 7 35 1
0 8 33 38 8 33 38 1
0 32 30 33 32 30 33 1
0 4 31 3 4 31 3 1
0 14 19 13 14 19 13 1
0 15 13 39 15 13 39 1
0 18 3 39 18 3 39 1
0 4 2 29 4 2 29 1
0 40 22 1 40 22 1 1
0 22 0 1 22 0 1 1
0 58 40 1 58 40 1 1
0 41 10 20 41 10 20 1
0 42 10 41 42 10 41 1
0 42 43 10 42 43 10 1
0 44 43 42 44 43 42 1
0 45 26 46 45 26 46 1
0 47 26 45 47 26 45 1
0 47 8 26 47 8 26 1
0 48 8 47 48 8 47 1
0 49 46 6 49 46 6 1
0 45 46 49 45 46 49 1
0 48 6 8 48 6 8 1
0 49 6 48 49 6 48 1
0 50 20 24 50 20 24 1
0 41 20 50 41 20 50 1
0 44 24 43 44 24 43 1
0 50 24 44 50 24 44 1
0 16 22 40 16 22 40 1
0 22 37 0 22 37 0 1
0 17 16 40 17 16 40 1
0 34 33 51 34 33 51 1
0 52 53 61 52 53 61 1
0 61 53 65 61 53 65 1
0 72 60 59 72 60 59 1
0 54 64 63 54 64 63 1
0 55 52 61 55 52 61 1
0 66 68 67 66 68 67 1
0 69 71 70 69 71 70 1
0 68 66 56 68 66 56 1
0 71 69 57 71 69 57 1
0 60 72 62 60 72 62 1
"Mesh6" 0 6
0
0
0
"Mesh7" 0 7
22
0 0.729266 -2.184765 0.058253 0.000000 0.000000 3
0 0.449968 -1.200522 0.264211 0.000000 0.000000 3
0 -0.106841 -1.200522 0.264216 0.000000 0.000000 3
0 -0.067336 -2.275392 0.296135 0.000000 0.000000 3
0 0.401229 -2.275392 0.296135 0.000000 0.000000 3
0 -0.105104 -1.200522 -0.260483 0.000000 0.000000 3
0 -0.067336 -2.275393 -0.263530 0.000000 0.000000 3
0 -0.145431 -2.275392 0.022804 0.000000 0.000000 3
0 0.453113 -1.200522 -0.260506 0.000000 0.000000 3
0 0.401230 -2.275392 -0.263529 0.000000 0.000000 3
0 1.015108 -1.200522 0.064211 0.000000 0.000000 3
0 -0.397881 -2.276840 -0.263530 0.000000 0.000000 10
0 -0.439420 -1.201722 -0.260507 0.000000 0.000000 10
0 -0.725914 -2.186228 0.058253 0.000000 0.000000 10
0 -0.999549 -1.201722 0.064210 0.000000 0.000000 10
0 -0.397881 -2.276840 0.296134 0.000000 0.000000 10
0 0.070682 -2.276841 0.296134 0.000000 0.000000 10
0 0.120535 -1.201722 0.264216 0.000000 0.000000 10
0 -0.436275 -1.201722 0.264211 0.000000 0.000000 10
0 0.148776 -2.276841 0.022804 0.000000 0.000000 10
0 0.070682 -2.276841 -0.263530 0.000000 0.000000 10
0 0.118798 -1.201722 -0.260483 0.000000 0.000000 10
22
0.635049 -0.768535 0.077891
0.421304 0.222834 0.879118
-0.833191 -0.038374 0.551652
-0.556628 0.258584 0.729676
0.390662 -0.244939 0.754682
-0.830903 -0.036212 -0.555238
-0.550562 0.264021 -0.727152
-0.946069 0.228158 0.001704
0.474606 0.217454 -0.852914
0.342731 -0.095328 -0.696756
0.761304 0.644018 0.075207
-0.394260 -0.170935 -0.733805
-0.474823 0.215696 -0.853240
-0.639201 -0.765051 0.078231
-0.757802 0.648195 0.074694
-0.403462 -0.369227 0.744507
0.555620 0.105420 0.797493
0.833107 -0.040760 0.551608
-0.421492 0.220579 0.879596
0.990808 0.092444 0.001705
0.550707 0.180395 -0.772908
0.830893 -0.038555 -0.555095
22
0 1 3 2 1 3 2 1
0 1 4 3 1 4 3 1
0 5 7 6 5 7 6 1
0 5 9 8 5 9 8 1
0 5 6 9 5 6 9 1
0 9 10 8 9 10 8 1
0 9 0 10 9 0 10 1
0 1 0 4 1 0 4 1
0 1 10 0 1 10 0 1
0 7 2 3 7 2 3 1
0 7 5 2 7 5 2 1
0 15 17 16 15 17 16 1
0 15 18 17 15 18 17 1
0 19 21 20 19 21 20 1
0 20 12 11 20 12 11 1
0 20 21 12 20 21 12 1
0 13 12 14 13 12 14 1
0 13 11 12 13 11 12 1
0 14 15 13 14 15 13 1
0 14 18 15 14 18 15 1
0 17 19 16 17 19 16 1
0 21 19 17 21 19 17 1
"Mesh8" 0 8
12
0 0.453113 -1.200522 -0.260506 0.000000 0.000000 3
0 0.449968 -1.200522 0.264211 0.000000 0.000000 3
0 1.015108 -1.200522 0.064211 0.000000 0.000000 3
0 0.401229 -2.275392 0.296135 0.000000 0.000000 3
0 0.401230 -2.275392 -0.263529 0.000000 0.000000 3
0 0.729266 -2.184765 0.058253 0.000000 0.000000 3
0 -0.999549 -1.201722 0.064210 0.000000 0.000000 10
0 -0.436275 -1.201722 0.264211 0.000000 0.000000 10
0 -0.439420 -1.201722 -0.260507 0.000000 0.000000 10
0 -0.725914 -2.186228 0.058253 0.000000 0.000000 10
0 -0.397881 -2.276840 -0.263530 0.000000 0.000000 10
0 -0.397881 -2.276840 0.296134 0.000000 0.000000 10
12
0.474606 0.217454 -0.852914
0.421304 0.222834 0.879118
0.761304 0.644018 0.075207
0.390662 -0.244939 0.754682
0.342731 -0.095328 -0.696756
0.635049 -0.768535 0.077891
-0.757802 0.648195 0.074694
-0.421492 0.220579 0.879596
-0.474823 0.215696 -0.853240
-0.639201 -0.765051 0.078231
-0.394260 -0.170935 -0.733805
-0.403462 -0.369227 0.744507
4
0 0 2 1 0 2 1 1
0 3 5 4 3 5 4 1
0 6 8 7 6 8 7 1
0 9 11 10 9 11 10 1
"Mesh9" 0 9
50
0 0.401229 -2.275392 0.296135 0.000000 0.000000 3
0 0.401230 -2.275392 -0.263529 0.000000 0.000000 3
0 -0.067336 -2.275393 -0.263530 0.000000 0.000000 3
0 -0.067336 -2.275392 0.296135 0.000000 0.000000 3
0 -0.145431 -2.275392 0.022804 0.000000 0.000000 3
0 0.393510 -1.982934 -0.385259 0.000000 0.000000 5
0 0.147496 -2.103818 -0.385259 0.000000 0.000000 5
0 -0.038317 -1.197198 0.432066 0.000000 0.000000 5
0 0.146192 -1.680723 -0.436342 0.000000 0.000000 5
0 -0.038316 -1.197198 -0.487425 0.000000 0.000000 5
0 0.638221 -1.680722 -0.640673 0.000000 0.000000 5
0 0.638220 -1.680722 -0.385259 0.000000 0.000000 5
0 0.453704 -1.680722 -0.385259 0.000000 0.000000 5
0 0.453703 -1.680722 -0.640672 0.000000 0.000000 5
0 -0.284328 -1.318071 -0.487425 0.000000 0.000000 5
0 0.269198 -1.076313 -0.385259 0.000000 0.000000 5
0 -0.099819 -1.801608 -0.436342 0.000000 0.000000 5
0 0.269198 -1.076313 -0.640672 0.000000 0.000000 5
0 -0.099819 -1.801609 0.380983 0.000000 0.000000 5
0 0.147496 -2.103818 0.329900 0.000000 0.000000 5
0 0.393510 -1.982934 0.329900 0.000000 0.000000 5
0 0.146192 -1.680723 0.380983 0.000000 0.000000 5
0 -0.284328 -1.318072 0.432065 0.000000 0.000000 5
0 0.638219 -0.955429 -0.385258 0.000000 0.000000 5
0 0.638220 -0.955428 -0.640673 0.000000 0.000000 5
0 -0.397881 -2.276840 0.296134 0.000000 0.000000 10
0 -0.397881 -2.276840 -0.263530 0.000000 0.000000 10
0 0.070682 -2.276841 -0.263530 0.000000 0.000000 10
0 0.148776 -2.276841 0.022804 0.000000 0.000000 10
0 0.070682 -2.276841 0.296134 0.000000 0.000000 10
0 -0.454554 -1.685082 -0.385259 0.000000 0.000000 12
0 -0.639074 -1.685083 -0.385259 0.000000 0.000000 12
0 -0.639075 -1.685082 -0.640673 0.000000 0.000000 12
0 0.283475 -1.322431 -0.487425 0.000000 0.000000 12
0 -0.270051 -1.080665 -0.385259 0.000000 0.000000 12
0 0.098965 -1.805968 -0.436342 0.000000 0.000000 12
0 -0.639073 -0.959781 -0.640673 0.000000 0.000000 12
0 -0.147045 -1.685083 0.380983 0.000000 0.000000 12
0 -0.394361 -1.987294 0.329900 0.000000 0.000000 12
0 -0.148350 -2.108178 0.329900 0.000000 0.000000 12
0 0.098965 -1.805969 0.380983 0.000000 0.000000 12
0 -0.639072 -0.959781 -0.385258 0.000000 0.000000 12
0 -0.270050 -1.080665 -0.640673 0.000000 0.000000 12
0 0.283474 -1.322432 0.432065 0.000000 0.000000 12
0 -0.148350 -2.108177 -0.385259 0.000000 0.000000 12
0 -0.394361 -1.987294 -0.385259 0.000000 0.000000 12
0 0.037463 -1.201551 0.432066 0.000000 0.000000 12
0 0.037463 -1.201550 -0.487425 0.000000 0.000000 12
0 -0.147045 -1.685083 -0.436342 0.000000 0.000000 12
0 -0.454554 -1.685082 -0.640672 0.000000 0.000000 12
50
0.390662 -0.244939 0.754682
0.342731 -0.095328 -0.696756
-0.550562 0.264021 -0.727152
-0.556628 0.258584 0.729676
-0.946069 0.228158 0.001704
0.765895 -0.244696 -0.594583
-0.133445 -0.855713 -0.499948
0.546012 -0.199901 0.813579
0.652291 0.268457 -0.708836
0.185041 -0.083615 -0.979167
0.577349 -0.577351 -0.577351
0.577349 -0.577350 0.577352
-0.503468 -0.684390 0.527380
-0.503468 -0.684390 -0.527380
-0.799529 0.036446 -0.599520
0.163901 -0.774331 0.611185
-0.422234 -0.379052 -0.823431
-0.424103 -0.196480 -0.884043
-0.557676 -0.445615 0.700304
-0.133445 -0.855713 0.499947
0.765894 -0.244697 0.594584
0.652289 0.268457 0.708837
-0.790177 0.003034 0.612872
0.785950 -0.176957 0.592427
0.675302 0.336691 -0.656206
-0.403462 -0.369227 0.744507
-0.394260 -0.170935 -0.733805
0.550707 0.180395 -0.772908
0.990808 0.092444 0.001705
0.555620 0.105420 0.797493
0.503469 -0.684388 0.527381
-0.577349 -0.577350 0.577352
-0.577349 -0.577351 -0.577351
0.799531 0.036446 -0.599518
-0.163901 -0.774331 0.611186
0.422234 -0.379051 -0.823431
-0.675301 0.336694 -0.656205
-0.652291 0.268454 0.708836
-0.765896 -0.244697 0.594581
0.133443 -0.855713 0.499948
0.557675 -0.445614 0.700304
-0.785950 -0.176956 0.592426
0.424105 -0.196477 -0.884043
0.790177 0.003034 0.612871
0.133443 -0.855712 -0.499949
-0.765896 -0.244696 -0.594581
-0.546012 -0.199902 0.813579
-0.185040 -0.083616 -0.979167
-0.652292 0.268454 -0.708835
0.503470 -0.684388 -0.527381
86
0 0 24 23 0 24 23 1
0 0 1 24 0 1 24 1
0 2 17 24 2 17 24 1
0 18 20 19 18 20 19 1
0 18 21 20 18 21 20 1
0 22 4 3 22 4 3 1
0 5 19 20 5 19 20 1
0 5 6 19 5 6 19 1
0 21 22 7 21 22 7 1
0 21 18 22 21 18 22 1
0 7 8 21 7 8 21 1
0 7 9 8 7 9 8 1
0 10 12 11 10 12 11 1
0 10 13 12 10 13 12 1
0 14 9 2 14 9 2 1
0 4 14 2 4 14 2 1
0 7 17 9 7 17 9 1
0 7 15 17 7 15 17 1
0 7 3 0 7 3 0 1
0 15 0 23 15 0 23 1
0 23 12 15 23 12 15 1
0 23 11 12 23 11 12 1
0 18 14 22 18 14 22 1
0 18 16 14 18 16 14 1
0 15 13 17 15 13 17 1
0 15 12 13 15 12 13 1
0 8 6 5 8 6 5 1
0 8 16 6 8 16 6 1
0 17 10 24 17 10 24 1
0 17 13 10 17 13 10 1
0 16 8 9 16 8 9 1
0 21 5 20 21 5 20 1
0 21 8 5 21 8 5 1
0 2 9 17 2 9 17 1
0 16 19 6 16 19 6 1
0 16 18 19 16 18 19 1
0 16 9 14 16 9 14 1
0 11 24 10 11 24 10 1
0 11 23 24 11 23 24 1
0 7 22 3 7 22 3 1
0 4 22 14 4 22 14 1
0 2 24 1 2 24 1 1
0 15 7 0 15 7 0 1
0 36 25 41 36 25 41 1
0 26 25 36 26 25 36 1
0 42 27 36 42 27 36 1
0 37 39 38 37 39 38 1
0 37 40 39 37 40 39 1
0 28 43 29 28 43 29 1
0 44 38 39 44 38 39 1
0 44 45 38 44 45 38 1
0 40 46 43 40 46 43 1
0 40 37 46 40 37 46 1
0 47 37 48 47 37 48 1
0 47 46 37 47 46 37 1
0 49 31 30 49 31 30 1
0 49 32 31 49 32 31 1
0 47 33 27 47 33 27 1
0 33 28 27 33 28 27 1
0 34 47 42 34 47 42 1
0 34 46 47 34 46 47 1
0 29 46 25 29 46 25 1
0 25 34 41 25 34 41 1
0 31 34 30 31 34 30 1
0 31 41 34 31 41 34 1
0 35 43 33 35 43 33 1
0 35 40 43 35 40 43 1
0 30 42 49 30 42 49 1
0 30 34 42 30 34 42 1
0 35 45 44 35 45 44 1
0 35 48 45 35 48 45 1
0 49 36 32 49 36 32 1
0 49 42 36 49 42 36 1
0 48 35 47 48 35 47 1
0 48 38 45 48 38 45 1
0 48 37 38 48 37 38 1
0 47 27 42 47 27 42 1
0 40 44 39 40 44 39 1
0 40 35 44 40 35 44 1
0 47 35 33 47 35 33 1
0 41 32 36 41 32 36 1
0 41 31 32 41 31 32 1
0 43 46 29 43 46 29 1
0 43 28 33 43 28 33 1
0 36 27 26 36 27 26 1
0 46 34 25 46 34 25 1
"Mesh10" 0 10
48
0 -0.499007 -0.281430 0.984731 0.854911 0.980225 4
0 -0.501993 -0.970829 -1.197876 0.651786 0.945068 4
0 0.431444 -0.970829 -1.197876 0.305804 0.956055 4
0 -0.501993 -0.970829 -1.197876 0.714286 0.953857 4
0 -0.734293 -0.423579 0.146114 0.984375 0.470459 4
0 0.410444 -0.281430 0.984731 0.086496 0.973083 4
0 0.585962 -0.446042 0.145432 0.069475 0.967316 4
0 0.585962 -0.446042 0.145432 0.006696 0.474854 4
0 0.431444 -0.970829 -1.197876 0.357143 0.938477 4
0 -0.499007 -0.281430 0.984731 0.988839 0.980225 4
0 0.410444 -0.281430 0.984731 0.964286 0.980225 4
0 -0.734293 -0.423579 0.146114 0.912946 0.982422 4
0 -0.167599 -3.296039 0.564513 0.984375 0.479248 6
0 -0.167599 -3.296039 0.564513 0.852679 0.479248 6
0 0.279790 -3.402764 -0.314129 0.339286 0.098022 6
0 0.470253 -3.360015 0.242672 0.013393 0.099121 6
0 0.335594 -3.294581 0.557509 0.971217 0.477051 6
0 -0.155748 -3.402764 -0.314129 0.652902 0.096924 6
0 -0.318285 -3.360015 0.242672 0.877232 0.494629 6
0 0.470253 -3.360015 0.242672 0.102679 0.492432 6
0 -0.318285 -3.360015 0.242672 0.982143 0.099121 6
0 -0.155748 -3.402764 -0.314129 0.676339 0.099121 6
0 0.279790 -3.402764 -0.314129 0.370536 0.096924 6
0 0.335594 -3.294581 0.557509 0.140625 0.485840 6
0 0.501899 -0.970826 -1.197878 0.651786 0.945068 11
0 0.501899 -0.970826 -1.197878 0.714286 0.953857 11
0 -0.431538 -0.970826 -1.197878 0.305804 0.956055 11
0 0.734199 -0.423576 0.146113 0.984375 0.470459 11
0 -0.586057 -0.446039 0.145431 0.069475 0.967316 11
0 -0.410539 -0.281427 0.984729 0.086496 0.973083 11
0 -0.431538 -0.970826 -1.197878 0.357143 0.938477 11
0 -0.586057 -0.446039 0.145431 0.006696 0.474854 11
0 -0.410539 -0.281427 0.984729 0.964286 0.980225 11
0 0.498912 -0.281427 0.984729 0.988839 0.980225 11
0 0.498912 -0.281427 0.984729 0.854911 0.980225 11
0 0.734199 -0.423576 0.146113 0.912946 0.982422 11
0 -0.463089 -3.360013 0.242672 0.013393 0.099121 13
0 -0.272626 -3.402762 -0.314129 0.339286 0.098022 13
0 -0.328430 -3.294580 0.557509 0.140625 0.485840 13
0 -0.328430 -3.294580 0.557509 0.971217 0.477051 13
0 0.162911 -3.402762 -0.314129 0.652902 0.096924 13
0 0.325449 -3.360013 0.242672 0.877232 0.494629 13
0 -0.463089 -3.360013 0.242672 0.102679 0.492432 13
0 0.174762 -3.296037 0.564513 0.852679 0.479248 13
0 0.162911 -3.402762 -0.314129 0.676339 0.099121 13
0 0.325449 -3.360013 0.242672 0.982143 0.099121 13
0 0.174762 -3.296037 0.564513 0.984375 0.479248 13
0 -0.272626 -3.402762 -0.314129 0.370536 0.096924 13
48
-0.499991 0.141681 0.854362
-0.705893 0.427601 -0.564688
0.713272 0.518569 -0.471517
-0.705893 0.427601 -0.564688
-0.980883 -0.054696 0.186753
0.519822 0.247583 0.817611
0.994074 -0.074593 -0.079078
0.994074 -0.074593 -0.079078
0.713272 0.518569 -0.471517
-0.499991 0.141681 0.854362
0.519822 0.247583 0.817611
-0.980883 -0.054696 0.186753
-0.558811 0.223233 0.762774
-0.558811 0.223233 0.762774
0.475213 0.235056 -0.801717
0.993590 0.059078 -0.001164
0.694350 0.157810 0.661947
-0.470634 0.143929 -0.833188
-0.735152 0.197190 -0.001886
0.993590 0.059078 -0.001164
-0.735152 0.197190 -0.001886
-0.470634 0.143929 -0.833188
0.475213 0.235056 -0.801717
0.694350 0.157810 0.661947
0.705893 0.427601 -0.564688
0.705893 0.427601 -0.564688
-0.713272 0.518569 -0.471517
0.980883 -0.054696 0.186753
-0.994074 -0.074593 -0.079078
-0.519822 0.247583 0.817611
-0.713272 0.518569 -0.471517
-0.994074 -0.074593 -0.079078
-0.519822 0.247583 0.817611
0.499991 0.141681 0.854362
0.499991 0.141681 0.854362
0.980883 -0.054696 0.186753
-0.993590 0.059078 -0.001164
-0.475213 0.235055 -0.801717
-0.694350 0.157810 0.661947
-0.694350 0.157810 0.661947
0.470634 0.143929 -0.833188
0.735152 0.197190 -0.001885
-0.993590 0.059078 -0.001164
0.558811 0.223233 0.762774
0.470634 0.143929 -0.833188
0.735152 0.197190 -0.001885
0.558811 0.223233 0.762774
-0.475213 0.235055 -0.801717
24
0 23 6 5 23 6 5 1
0 15 8 7 15 8 7 1
0 12 10 9 12 10 9 1
0 11 13 0 11 13 0 1
0 20 1 21 20 1 21 1
0 22 3 2 22 3 2 1
0 8 15 14 8 15 14 1
0 1 20 4 1 20 4 1
0 10 12 16 10 12 16 1
0 3 22 17 3 22 17 1
0 13 11 18 13 11 18 1
0 6 23 19 6 23 19 1
0 28 38 29 28 38 29 1
0 30 36 31 30 36 31 1
0 32 46 33 32 46 33 1
0 43 35 34 43 35 34 1
0 24 45 44 24 45 44 1
0 25 47 26 25 47 26 1
0 36 30 37 36 30 37 1
0 45 24 27 45 24 27 1
0 46 32 39 46 32 39 1
0 47 25 40 47 25 40 1
0 35 43 41 35 43 41 1
0 38 28 42 38 28 42 1
"Mesh11" 0 11
12
0 0.850615 0.447222 1.976398 0.969735 0.291929 2
0 -0.000052 0.447223 2.594445 0.500000 0.291929 2
0 0.525689 -0.447222 2.423621 0.790312 0.706731 2
0 0.525689 0.447222 0.976379 0.790312 0.291929 2
0 -0.000052 1.000019 1.700000 0.500000 0.035567 2
0 0.850615 -0.447222 1.423602 0.969735 0.706731 2
0 -0.000052 -1.000019 1.700000 0.500000 0.963093 2
0 -0.000052 -0.447223 0.805556 0.500000 0.706731 2
0 -0.850720 0.447222 1.976398 0.030265 0.291929 2
0 -0.525793 -0.447222 2.423621 0.209688 0.706731 2
0 -0.525793 0.447222 0.976379 0.209688 0.291929 2
0 -0.850720 -0.447222 1.423602 0.030265 0.706731 2
12
0.850651 0.447214 0.276393
0.000000 0.447214 0.894427
0.525731 -0.447213 0.723607
0.525731 0.447213 -0.723607
0.000000 1.000000 0.000000
0.850651 -0.447214 -0.276393
0.000000 -1.000000 0.000000
0.000000 -0.447214 -0.894427
-0.850651 0.447214 0.276393
-0.525731 -0.447213 0.723607
-0.525731 0.447213 -0.723607
-0.850651 -0.447214 -0.276393
20
0 0 2 1 0 2 1 1
0 0 4 3 0 4 3 1
0 5 6 2 5 6 2 1
0 5 3 7 5 3 7 1
0 8 1 9 8 1 9 1
0 8 10 4 8 10 4 1
0 11 9 6 11 9 6 1
0 11 7 10 11 7 10 1
0 0 1 4 0 1 4 1
0 8 4 1 8 4 1 1
0 5 7 6 5 7 6 1
0 11 6 7 11 6 7 1
0 2 0 5 2 0 5 1
0 3 5 0 3 5 0 1
0 9 11 8 9 11 8 1
0 10 8 11 10 8 11 1
0 1 2 9 1 2 9 1
0 6 9 2 6 9 2 1
0 4 10 3 4 10 3 1
0 7 3 10 7 3 10 1
"Mesh12" 0 12
61
0 0.763147 0.699336 -0.240054 0.713698 0.414155 0
0 0.593036 0.827460 0.383630 0.670223 0.385494 0
0 0.005380 0.553143 -0.696924 0.500934 0.451748 0
0 0.001342 1.469147 -1.053839 0.500304 0.273554 0
0 0.674983 1.469148 -0.933855 0.686731 0.275785 0
0 -0.446336 0.827460 0.383630 0.329950 0.385494 0
0 -0.991648 1.776773 -1.182441 0.264274 0.231545 0
0 -0.967236 2.324192 -1.132441 0.259461 0.149913 0
0 -0.300531 2.324192 -1.391710 0.435651 0.141601 0
0 -1.147416 1.883299 -0.308828 0.230704 0.232645 0
0 -0.674983 1.469148 -0.933855 0.313442 0.275785 0
0 -0.714247 0.699336 -0.240054 0.286475 0.414155 0
0 0.300531 2.324192 -1.391710 0.564572 0.141601 0
0 0.967221 2.324192 -1.132441 0.740757 0.149913 0
0 0.991633 1.776773 -1.182441 0.735944 0.231545 0
0 -0.486600 0.570830 -0.608250 0.346440 0.442902 0
0 -0.672759 2.790891 -0.525648 0.335571 0.098819 0
0 0.633300 0.570830 -0.608250 0.653733 0.442902 0
0 1.152603 1.883299 -0.308828 0.770635 0.232645 0
0 0.848757 1.316317 -0.274441 0.742166 0.323401 0
0 0.283573 1.838373 -1.391710 0.563282 0.227183 0
0 -0.283573 1.838373 -1.391710 0.436940 0.227183 0
0 -0.846405 1.316317 -0.274441 0.258590 0.323401 0
0 0.000000 1.773499 -1.142145 0.500111 0.238611 0
0 0.672759 2.790891 -0.525648 0.664599 0.098819 0
0 -0.446336 0.827460 0.383630 0.000000 1.000000 0
0 0.848757 1.316317 -0.274441 0.356849 0.707078 0
0 1.152603 1.883299 -0.308828 0.000000 1.000000 0
0 0.786714 -0.510202 1.231410 0.704039 0.693923 2
0 0.751127 0.352823 0.656785 0.695605 0.480340 2
0 -0.000052 0.388340 0.771868 0.505710 0.472816 2
0 0.004704 -0.514444 1.228249 0.506837 0.694822 2
0 -0.000052 -0.105917 -0.763251 0.502315 0.602376 2
0 1.096676 0.131342 -0.080017 0.767940 0.540853 2
0 1.245342 -0.085316 0.183049 0.824594 0.603916 2
0 -1.162805 -0.079131 0.184287 0.194562 0.602606 2
0 -0.000052 0.388340 0.771868 0.500105 0.489795 2
0 -0.000052 -0.105917 -0.763251 0.501116 0.602295 2
0 1.096676 0.131342 -0.080017 0.767857 0.541321 2
0 0.898443 -0.047561 -0.585503 0.720424 0.587463 2
0 -0.701222 0.352823 0.656785 0.310596 0.491670 2
0 -0.000052 0.388340 0.771868 0.500105 0.489795 2
0 -0.848570 -0.047561 -0.585503 0.278460 0.586365 2
0 -1.046776 0.131342 -0.080017 0.231585 0.541321 2
0 0.751127 0.352823 0.656785 0.689555 0.491670 2
0 -1.046776 0.131342 -0.080017 0.230903 0.541423 2
0 -0.848570 -0.047561 -0.585503 0.277778 0.587566 2
0 -0.896381 -0.447453 -0.619921 0.245859 0.680630 2
0 -0.701222 0.352823 0.656785 0.315817 0.480340 2
0 -0.926124 -0.477541 0.969170 0.238809 0.687004 2
0 -0.736877 -0.510202 1.231410 0.307366 0.693923 2
0 0.898443 -0.047561 -0.585503 0.720486 0.587566 2
0 0.946230 -0.447453 -0.619921 0.765550 0.680630 2
0 -0.000052 -0.757553 -0.826517 0.505710 0.746322 2
0 0.076570 -1.914465 0.162791 0.523871 0.838280 2
0 0.338453 -1.476290 0.973923 0.585942 0.898577 2
0 -0.338498 -1.476290 0.973923 0.425492 0.898577 2
0 -0.076622 -1.914465 0.162791 0.487561 0.838280 2
0 -0.306885 -1.434386 -0.682431 0.432985 0.889701 2
0 0.306833 -1.434386 -0.682431 0.578448 0.889701 2
0 0.975975 -0.477541 0.969170 0.772600 0.687004 2
61
0.984403 0.129400 -0.119187
0.747167 0.119619 0.653783
-0.012774 -0.104150 -0.994480
0.000315 -0.179213 -0.983810
0.495229 -0.460625 -0.736595
-0.732589 0.099749 0.673322
-0.541105 -0.344064 -0.767350
-0.711465 0.435919 -0.551173
0.257144 0.465088 -0.847095
-0.959052 -0.273173 -0.074810
-0.476962 -0.480944 -0.735663
-0.988837 0.063957 -0.134573
-0.257141 0.465089 -0.847096
0.709420 0.436289 -0.553512
0.539359 -0.343799 -0.768696
-0.586913 0.045324 -0.808381
-0.393052 0.480021 -0.771981
0.620154 0.065842 -0.781712
0.963893 -0.252108 -0.085749
0.939057 -0.313876 -0.140192
-0.169333 -0.430635 -0.886498
0.169335 -0.430635 -0.886498
-0.936490 -0.346252 -0.055641
0.000096 -0.013523 -0.999909
0.392833 0.480235 -0.771904
-0.732589 0.099749 0.673322
0.939057 -0.313876 -0.140192
0.963893 -0.252108 -0.085749
0.389544 0.166122 0.905903
0.605098 0.544541 0.578068
-0.016918 0.499524 0.866086
0.000100 0.028529 0.999593
-0.008722 0.012795 -0.996353
0.902341 0.387258 -0.170272
0.909232 0.413907 0.044483
-0.906393 0.418623 0.056628
-0.016918 0.499524 0.866086
-0.008722 0.012795 -0.996353
0.902341 0.387258 -0.170272
0.533227 0.112382 -0.835053
-0.598335 0.574211 0.553582
-0.016918 0.499524 0.866086
-0.523483 0.151001 -0.836172
-0.896840 0.395061 -0.169927
0.605098 0.544541 0.578068
-0.896840 0.395061 -0.169927
-0.523483 0.151001 -0.836172
-0.654382 0.124021 -0.741739
-0.598335 0.574211 0.553582
-0.747219 0.151060 0.617950
-0.392540 0.172480 0.903417
0.533227 0.112382 -0.835053
0.652958 0.125680 -0.744383
-0.004533 0.001108 -0.999989
-0.495086 -0.519091 0.061945
-0.230913 -0.180751 0.868551
0.234616 -0.170642 0.867522
0.497717 -0.506287 0.041988
0.387711 -0.088796 -0.815021
-0.398345 -0.083932 -0.806681
0.755656 0.142330 0.616175
78
0 38 1 0 38 1 0 1
0 2 4 3 2 4 3 1
0 5 41 40 5 41 40 1
0 6 8 7 6 8 7 1
0 9 10 6 9 10 6 1
0 5 43 11 5 43 11 1
0 12 14 13 12 14 13 1
0 15 43 42 15 43 42 1
0 16 7 8 16 7 8 1
0 15 37 2 15 37 2 1
0 10 2 3 10 2 3 1
0 17 37 39 17 37 39 1
0 4 19 18 4 19 18 1
0 18 13 14 18 13 14 1
0 38 17 39 38 17 39 1
0 20 4 14 20 4 14 1
0 10 21 6 10 21 6 1
0 22 10 9 22 10 9 1
0 4 18 14 4 18 14 1
0 14 12 20 14 12 20 1
0 23 8 21 23 8 21 1
0 18 24 13 18 24 13 1
0 8 6 21 8 6 21 1
0 7 9 6 7 9 6 1
0 12 23 20 12 23 20 1
0 16 9 7 16 9 7 1
0 4 23 3 4 23 3 1
0 23 4 20 23 4 20 1
0 23 10 3 23 10 3 1
0 21 10 23 21 10 23 1
0 13 24 12 13 24 12 1
0 0 4 17 0 4 17 1
0 10 11 15 10 11 15 1
0 43 15 11 43 15 11 1
0 17 38 0 17 38 0 1
0 2 10 15 2 10 15 1
0 4 2 17 4 2 17 1
0 37 15 42 37 15 42 1
0 37 17 2 37 17 2 1
0 1 38 44 1 38 44 1
0 43 5 40 43 5 40 1
0 36 1 44 36 1 44 1
0 19 4 0 19 4 0 1
0 10 22 11 10 22 11 1
0 22 25 11 22 25 11 1
0 1 26 0 1 26 0 1
0 25 22 9 25 22 9 1
0 26 1 27 26 1 27 1
0 45 47 46 45 47 46 1
0 48 50 49 48 50 49 1
0 51 53 52 51 53 52 1
0 54 56 55 54 56 55 1
0 54 57 56 54 57 56 1
0 57 59 58 57 59 58 1
0 57 54 59 57 54 59 1
0 55 28 60 55 28 60 1
0 58 53 47 58 53 47 1
0 28 29 60 28 29 60 1
0 30 50 48 30 50 48 1
0 30 31 50 30 31 50 1
0 29 28 30 29 28 30 1
0 50 56 49 50 56 49 1
0 31 56 50 31 56 50 1
0 55 31 28 55 31 28 1
0 31 55 56 31 55 56 1
0 31 30 28 31 30 28 1
0 53 46 47 53 46 47 1
0 32 53 51 32 53 51 1
0 46 53 32 46 53 32 1
0 53 59 52 53 59 52 1
0 53 58 59 53 58 59 1
0 33 34 29 33 34 29 1
0 48 35 45 48 35 45 1
0 34 60 29 34 60 29 1
0 52 34 33 52 34 33 1
0 52 33 51 52 33 51 1
0 35 47 45 35 47 45 1
0 49 35 48 49 35 48 1
"Mesh13" 0 13
62
0 -0.300000 3.500000 -0.500000 0.354277 0.064754 0
0 0.000000 3.600000 -0.600000 0.500000 0.029478 0
0 0.000000 3.300000 -0.700000 0.500000 0.135307 0
0 0.700000 3.300000 -0.500000 0.887437 0.135307 0
0 0.800000 2.800000 -0.623849 0.942785 0.237220 0
0 0.300000 3.100000 -0.500796 0.645722 0.205860 0
0 0.300000 3.500000 -0.500000 0.645722 0.064754 0
0 0.800000 3.800000 -0.300000 0.942785 0.033395 0
0 -0.300000 3.100000 -0.500796 0.354277 0.205860 0
0 -0.800000 2.800000 -0.623849 0.057215 0.237220 0
0 -0.700000 3.300000 -0.500000 0.112563 0.135307 0
0 0.000000 3.000000 -0.600796 0.500000 0.241136 0
0 -0.800000 3.800000 -0.300000 0.057215 0.033395 0
0 0.300000 1.671768 -0.797349 0.162286 0.948352 1
0 0.000000 1.867422 -0.864318 0.015210 0.942187 1
0 -0.859116 1.781835 0.498899 0.199142 0.892285 1
0 1.240816 0.485633 0.741542 0.932288 0.919002 1
0 1.193750 1.503060 -0.041855 0.915856 0.898031 1
0 1.193750 1.503060 -0.041855 0.903813 0.954248 1
0 0.805204 0.470428 -0.639795 0.434397 0.957729 1
0 1.393162 0.380459 -0.053077 0.971164 0.959595 1
0 -0.805204 0.470428 -0.639795 0.217965 0.919316 1
0 -0.783109 -1.489885 -0.836073 0.225679 0.959721 1
0 -0.886153 -0.022173 0.051586 0.189703 0.929469 1
0 0.000000 2.131276 -0.208603 0.497739 0.903533 1
0 -1.283372 0.932670 -1.283910 0.817421 0.976046 1
0 -0.694202 1.012815 -0.943193 0.765731 0.947805 1
0 -0.604510 2.003336 0.078794 0.154805 0.911486 1
0 -0.805204 0.470428 -0.639795 0.546964 0.940993 1
0 -1.393161 0.380459 -0.053077 0.022460 0.938590 1
0 -0.887180 -1.109510 -1.066357 0.789851 0.957437 1
0 -1.193750 1.503060 -0.041855 0.069674 0.932467 1
0 1.283373 0.932670 -1.283910 0.259130 0.984394 1
0 -0.439076 -2.061879 1.573134 0.345790 0.971512 1
0 -1.023090 -1.381880 2.013134 0.141894 0.957496 1
0 -1.374818 -1.183492 1.185703 0.019096 0.953407 1
0 -0.362042 -0.271675 0.499201 0.372685 0.934612 1
0 -0.604510 2.003336 0.078794 0.288033 0.887718 1
0 -0.566061 -0.168161 -0.272756 0.301456 0.932478 1
0 0.439076 -2.061879 1.573134 0.652378 0.971512 1
0 0.362042 -0.271675 0.499201 0.625483 0.934612 1
0 1.374818 -1.183492 1.185703 0.979072 0.953407 1
0 0.000000 2.131276 -0.208603 0.499084 0.885081 1
0 0.694202 1.115214 -0.947411 0.225652 0.961791 1
0 0.000000 2.131276 -0.208603 0.372989 0.927481 1
0 0.886153 -0.022173 0.051586 0.808465 0.929469 1
0 0.805204 0.470428 -0.639795 0.780204 0.919316 1
0 0.887180 -1.109510 -1.066357 0.231856 0.969390 1
0 1.023090 -1.381880 2.013134 0.856274 0.957496 1
0 -1.240816 0.485633 0.741542 0.065880 0.919002 1
0 0.566061 -0.168161 -0.272756 0.696712 0.932478 1
0 0.783109 -1.489885 -0.836073 0.772490 0.959721 1
0 0.604510 2.003336 0.078794 0.710136 0.887718 1
0 0.604510 2.003336 0.078794 0.752536 0.936484 1
0 -1.193750 1.503060 -0.041855 0.082312 0.898031 1
0 0.859116 1.781835 0.498899 0.799026 0.892285 1
0 0.000000 2.157255 0.851563 0.499084 0.884546 1
0 0.000000 1.278091 1.565611 0.499084 0.902668 1
0 0.000000 1.867422 -0.864318 0.905353 0.925175 1
0 0.300000 1.671768 -0.797349 0.945250 0.914310 1
0 -0.580322 1.674850 -1.185589 0.947360 0.952520 1
0 0.580322 1.674850 -1.185589 0.053736 0.964223 1
62
-0.288678 0.164060 -0.943265
0.000000 0.316228 -0.948683
0.000000 0.001431 -0.999999
0.021012 0.189011 -0.981750
-0.107440 0.218742 -0.969850
0.221544 -0.017753 -0.974989
0.288678 0.164060 -0.943265
0.168431 0.336861 -0.926367
-0.221544 -0.017753 -0.974989
0.107440 0.218742 -0.969850
-0.021012 0.189011 -0.981750
0.000000 -0.313959 -0.949436
-0.168431 0.336861 -0.926367
-0.112961 -0.096755 -0.988877
-0.031032 0.558777 -0.828737
-0.453617 0.348827 0.719974
0.997434 0.028769 0.065552
0.806864 0.239458 -0.249597
0.806864 0.239458 -0.249597
0.719690 -0.570328 -0.395945
0.393987 -0.283778 0.874211
-0.667729 -0.620370 -0.411435
0.306794 -0.795386 -0.522722
-0.890521 -0.385021 -0.242346
0.000000 0.975162 -0.221494
-0.609452 0.106165 -0.785682
0.299957 -0.208354 -0.930921
-0.110549 0.763839 -0.137530
-0.667729 -0.620370 -0.411435
-0.393987 -0.283778 0.874211
0.911213 -0.386823 -0.141627
-0.806864 0.239457 -0.249597
0.611027 0.090162 -0.786458
-0.329622 -0.897513 -0.292951
-0.580054 -0.121077 0.805529
-0.871933 -0.465754 -0.151018
-0.119706 -0.944778 -0.305066
-0.110549 0.763839 -0.137530
-0.275887 -0.872561 -0.403143
0.329622 -0.897513 -0.292951
0.119706 -0.944778 -0.305066
0.871933 -0.465754 -0.151018
0.000000 0.975162 -0.221494
-0.361889 -0.213293 -0.907492
0.000000 0.975162 -0.221494
0.890521 -0.385021 -0.242346
0.719690 -0.570328 -0.395945
-0.909746 -0.383093 -0.160004
0.580054 -0.121077 0.805530
-0.997434 0.028769 0.065552
0.275887 -0.872561 -0.403143
-0.306793 -0.795386 -0.522722
0.124217 0.770341 -0.124763
0.124217 0.770341 -0.124763
-0.806864 0.239457 -0.249597
0.570403 0.312193 0.695960
0.000000 0.945036 0.326966
0.000000 0.471233 0.882009
-0.031032 0.558777 -0.828737
-0.112961 -0.096755 -0.988877
-0.095574 0.616566 -0.781481
-0.016019 0.525224 -0.850813
77
0 0 2 1 0 2 1 1
0 3 5 4 3 5 4 1
0 6 3 7 6 3 7 1
0 8 10 9 8 10 9 1
0 5 2 11 5 2 11 1
0 2 6 1 2 6 1 1
0 6 5 3 6 5 3 1
0 2 8 11 2 8 11 1
0 8 2 0 8 2 0 1
0 10 0 12 10 0 12 1
0 0 10 8 0 10 8 1
0 5 6 2 5 6 2 1
0 55 57 56 55 57 56 1
0 58 60 59 58 60 59 1
0 61 14 13 61 14 13 1
0 56 57 15 56 57 15 1
0 16 55 17 16 55 17 1
0 18 20 19 18 20 19 1
0 21 23 22 21 23 22 1
0 60 58 24 60 58 24 1
0 25 26 60 25 26 60 1
0 24 27 60 24 27 60 1
0 28 30 29 28 30 29 1
0 28 26 30 28 26 30 1
0 29 31 28 29 31 28 1
0 27 31 60 27 31 60 1
0 18 32 20 18 32 20 1
0 33 35 34 33 35 34 1
0 36 22 23 36 22 23 1
0 37 56 15 37 56 15 1
0 21 22 38 21 22 38 1
0 39 41 40 39 41 40 1
0 37 42 56 37 42 56 1
0 61 13 43 61 13 43 1
0 14 61 44 14 61 44 1
0 59 60 26 59 60 26 1
0 16 46 45 16 46 45 1
0 32 47 20 32 47 20 1
0 32 18 61 32 18 61 1
0 34 39 33 34 39 33 1
0 34 48 39 34 48 39 1
0 31 25 60 31 25 60 1
0 25 31 29 25 31 29 1
0 48 34 57 48 34 57 1
0 57 55 48 57 55 48 1
0 36 39 40 36 39 40 1
0 36 33 39 36 33 39 1
0 25 29 30 25 29 30 1
0 41 55 16 41 55 16 1
0 26 25 30 26 25 30 1
0 32 43 47 32 43 47 1
0 15 35 49 15 35 49 1
0 50 51 46 50 51 46 1
0 51 45 46 51 45 46 1
0 51 40 45 51 40 45 1
0 51 50 40 51 50 40 1
0 52 56 42 52 56 42 1
0 36 38 22 36 38 22 1
0 34 15 57 34 15 57 1
0 61 53 44 61 53 44 1
0 19 47 43 19 47 43 1
0 19 20 47 19 20 47 1
0 61 18 53 61 18 53 1
0 43 32 61 43 32 61 1
0 21 49 23 21 49 23 1
0 35 15 34 35 15 34 1
0 54 15 49 54 15 49 1
0 36 23 35 36 23 35 1
0 23 49 35 23 49 35 1
0 16 45 41 16 45 41 1
0 45 40 41 45 40 41 1
0 46 16 17 46 16 17 1
0 49 21 54 49 21 54 1
0 41 48 55 41 48 55 1
0 56 52 55 56 52 55 1
0 41 39 48 41 39 48 1
0 35 33 36 35 33 36 1
"Mesh14" 0 14
25
0 -0.208457 -0.536839 -0.846581 0.417861 0.963376 1
0 -0.177950 0.214960 -1.056067 0.414931 0.638520 1
0 0.000000 0.084793 -1.086881 0.497946 0.701111 1
0 0.177951 0.214960 -1.056067 0.593663 0.630812 1
0 0.208457 -0.536839 -0.846581 0.582302 0.963376 1
0 0.000000 -0.590049 -0.889182 0.500081 0.974786 1
0 0.000000 -0.600468 -0.806167 0.500081 0.944332 1
0 0.300000 1.671768 -0.797349 0.497974 0.020529 1
0 0.000000 1.057039 -1.088201 0.500081 0.050548 1
0 -0.694202 1.012815 -0.943193 0.086209 0.057571 1
0 0.000000 0.613286 -1.032924 0.500081 0.335074 1
0 0.000000 0.266781 -1.258112 0.497946 0.561067 1
0 0.000000 0.185042 -1.251959 0.500056 0.642980 1
0 -0.654630 0.800323 -0.864184 0.100371 0.258342 1
0 -0.805204 0.470428 -0.639795 0.010730 0.397245 1
0 0.694202 1.115214 -0.947411 0.913953 0.057571 1
0 -0.625328 0.015288 -0.866548 0.134368 0.741721 1
0 -0.566061 -0.168161 -0.272756 0.110127 0.739375 1
0 0.362042 -0.271675 0.499201 0.724315 0.782113 1
0 -0.362042 -0.271675 0.499201 0.275847 0.782113 1
0 0.566061 -0.168161 -0.272756 0.878037 0.742241 1
0 0.625329 0.015288 -0.866548 0.878037 0.742241 1
0 0.566061 -0.168161 -0.272756 0.901749 0.732336 1
0 0.654631 0.800323 -0.864184 0.899792 0.258342 1
0 0.805204 0.470428 -0.639795 0.989432 0.397245 1
25
-0.512592 -0.706087 -0.488559
-0.516781 -0.115323 -0.848315
0.000000 -0.471062 -0.882100
0.516781 -0.115323 -0.848315
0.512592 -0.706087 -0.488559
0.000000 -0.760808 -0.648977
0.000000 -0.997992 0.063335
-0.112961 -0.096755 -0.988877
-0.000910 -0.004447 -0.999990
0.299957 -0.208354 -0.930921
0.000000 0.157045 -0.987592
0.000000 0.247937 -0.968776
0.000000 -0.564687 -0.825305
-0.394997 -0.134362 -0.908804
-0.667729 -0.620370 -0.411435
-0.361889 -0.213293 -0.907492
-0.747289 -0.291232 -0.597279
-0.275887 -0.872561 -0.403143
0.119706 -0.944778 -0.305066
-0.119706 -0.944778 -0.305066
0.275887 -0.872561 -0.403143
0.747290 -0.291232 -0.597279
0.275887 -0.872561 -0.403143
0.428255 -0.098020 -0.898326
0.719690 -0.570328 -0.395945
37
0 0 2 1 0 2 1 1
0 2 4 3 2 4 3 1
0 2 0 5 2 0 5 1
0 6 5 0 6 5 0 1
0 4 2 5 4 2 5 1
0 5 6 4 5 6 4 1
0 7 9 8 7 9 8 1
0 1 11 10 1 11 10 1
0 12 11 1 12 11 1 1
0 2 12 1 2 12 1 1
0 3 10 11 3 10 11 1
0 12 2 3 12 2 3 1
0 3 11 12 3 11 12 1
0 13 9 14 13 9 14 1
0 13 1 10 13 1 10 1
0 9 13 8 9 13 8 1
0 15 7 8 15 7 8 1
0 8 13 10 8 13 10 1
0 1 13 16 1 13 16 1
0 13 14 16 13 14 16 1
0 16 14 17 16 14 17 1
0 16 17 0 16 17 0 1
0 0 1 16 0 1 16 1
0 6 19 18 6 19 18 1
0 4 18 20 4 18 20 1
0 18 4 6 18 4 6 1
0 19 6 0 19 6 0 1
0 19 0 17 19 0 17 1
0 4 22 21 4 22 21 1
0 21 23 3 21 23 3 1
0 4 21 3 4 21 3 1
0 10 3 23 10 3 23 1
0 23 15 8 23 15 8 1
0 23 8 10 23 8 10 1
0 21 22 24 21 22 24 1
0 23 21 24 23 21 24 1
0 15 23 24 15 23 24 1

Materials: 15
"Material0"
0.000000 0.000000 0.666667 1.000000
0.000000 0.000000 0.666667 1.000000
0.000000 0.000000 0.000000 1.000000
0.000000 0.000000 0.000000 1.000000
0.000000
1.000000
""
""
"Material1"
0.000000 0.000000 0.500000 1.000000
0.000000 0.500000 1.000000 1.000000
0.000000 0.000000 0.000000 1.000000
0.000000 0.000000 0.000000 1.000000
0.000000
1.000000
""
""
"Material2"
1.000000 0.792157 0.623529 1.000000
1.000000 0.792157 0.623529 1.000000
0.000000 0.000000 0.000000 1.000000
0.000000 0.000000 0.000000 1.000000
0.000000
1.000000
""
""
"Material3"
0.000000 0.000000 0.501961 1.000000
0.000000 0.501961 1.000000 1.000000
0.000000 0.000000 0.000000 1.000000
0.000000 0.000000 0.000000 1.000000
0.000000
1.000000
""
""
"Material4"
1.000000 1.000000 1.000000 1.000000
1.000000 1.000000 1.000000 1.000000
0.000000 0.000000 0.000000 1.000000
0.000000 0.000000 0.000000 1.000000
0.000000
1.000000
""
""
"Material5"
1.000000 0.792000 0.623000 1.000000
1.000000 0.792000 0.623000 1.000000
0.000000 0.000000 0.000000 1.000000
0.000000 0.000000 0.000000 1.000000
0.000000
1.000000
""
""
"Material6"
0.994350 1.000000 1.000000 1.000000
1.000000 1.000000 1.000000 1.000000
0.000000 0.000000 0.000000 1.000000
0.000000 0.000000 0.000000 1.000000
0.000000
1.000000
""
""
"Material7"
0.700000 0.700000 0.700000 1.000000
1.000000 1.000000 1.000000 1.000000
0.000000 0.000000 0.000000 1.000000
0.000000 0.000000 0.000000 1.000000
0.000000
1.000000
""
""
"Material8"
0.000000 0.000000 0.000000 1.000000
0.000000 0.000000 0.000000 1.000000
0.000000 0.000000 0.000000 1.000000
0.000000 0.000000 0.000000 1.000000
0.000000
1.000000
""
""
"Material9"
0.933333 0.933333 0.933333 1.000000
0.933333 0.933333 0.933333 1.000000
0.000000 0.000000 0.000000 1.000000
0.000000 0.000000 0.000000 1.000000
0.000000
1.000000
""
""
"Material10"
1.000000 1.000000 1.000000 1.000000
1.000000 1.000000 1.000000 1.000000
0.000000 0.000000 0.000000 1.000000
0.000000 0.000000 0.000000 1.000000
0.000000
1.000000
"t4_sabr_02.bmp"
""
"Material11"
1.000000 1.000000 1.000000 1.000000
1.000000 1.000000 1.000000 1.000000
0.000000 0.000000 0.000000 1.000000
0.000000 0.000000 0.000000 1.000000
0.000000
1.000000
"t5_sabr_00.bmp"
""
"Material12"
1.000000 1.000000 1.000000 1.000000
1.000000 1.000000 1.000000 1.000000
0.000000 0.000000 0.000000 1.000000
0.000000 0.000000 0.000000 1.000000
0.000000
1.000000
"t6_sabr_00.bmp"
""
"Material13"
1.000000 1.000000 1.000000 1.000000
1.000000 1.000000 1.000000 1.000000
0.000000 0.000000 0.000000 1.000000
0.000000 0.000000 0.000000 1.000000
0.000000
1.000000
"t7_sabr_00.bmp"
""
"Material14"
1.000000 1.000000 1.000000 1.000000
1.000000 1.000000 1.000000 1.000000
0.000000 0.000000 0.000000 1.000000
0.000000 0.000000 0.000000 1.000000
0.000000
1.000000
"face.ini"
""

Bones: 16
"torso"
""
8 0 0 0 0 0 0
0
0
"head"
""
8 0 0 0 0 0 0
0
0
"pelvis"
""
8 0 0 0 0 0 0
0
0
"r lower arm"
""
8 0 0 0 0 0 0
0
0
"r foot"
""
8 0 0 0 0 0 0
0
0
"r hand"
""
8 0 0 0 0 0 0
0
0
"r leg"
""
8 0 0 0 0 0 0
0
0
"r thigh"
""
8 0 0 0 0 0 0
0
0
"r upper arm"
""
8 0 0 0 0 0 0
0
0
"neck"
""
8 0 0 0 0 0 0
0
0
"l lower arm"
""
8 0 0 0 0 0 0
0
0
"l foot"
""
8 0 0 0 0 0 0
0
0
"l hand"
""
8 0 0 0 0 0 0
0
0
"l leg"
""
8 0 0 0 0 0 0
0
0
"l thigh"
""
8 0 0 0 0 0 0
0
0
"l upper arm"
""
8 0 0 0 0 0 0
0
0
