// MilkShape 3D ASCII

Frames: 1
Frame: 1

Meshes: 17
"Pelvis" 0 0
34
0 -0.950000 -0.150000 0.830000 0.326172 0.126953 2
0 -1.080000 -1.000000 0.980000 0.326172 0.197266 2
0 -1.350000 -0.790000 0.190000 0.376953 0.181641 2
0 0.550000 -0.870000 1.240000 0.294922 0.181641 2
0 1.090000 -1.000000 0.980000 0.326172 0.197266 2
0 0.260000 -1.650000 1.010000 0.275391 0.244141 2
0 -0.540000 -0.870000 1.240000 0.294922 0.181641 2
0 1.050000 -0.460000 -0.630000 0.435547 0.126953 2
0 1.080000 -0.940001 -0.620000 0.427734 0.193359 2
0 1.360000 -0.790000 0.190000 0.376953 0.181641 2
0 1.080000 -0.940001 -0.620000 0.423828 0.193359 2
0 1.050000 -0.460000 -0.630000 0.423828 0.126953 2
0 0.000000 -0.480000 -0.780000 0.494141 0.126953 2
0 -0.230000 -1.650000 -0.660000 0.482422 0.244141 2
0 0.000000 -1.660000 -0.690000 0.494141 0.244141 2
0 0.000000 -1.030000 -0.740000 0.494141 0.193359 2
0 0.000000 -0.860001 1.160000 0.259766 0.181641 2
0 0.000000 -1.610001 1.040000 0.259766 0.244141 2
0 0.000000 -0.110001 1.070000 0.259766 0.126953 2
0 -1.070000 -0.940001 -0.620000 0.423828 0.193359 2
0 -1.040000 -0.460000 -0.630000 0.423828 0.126953 2
0 0.090000 -1.740000 0.120000 0.365234 0.267578 2
0 0.240000 -1.650000 -0.660000 0.369141 0.275391 2
0 0.000000 -1.660000 -0.690000 0.365234 0.275391 2
0 -0.080000 -1.740000 0.120000 0.361328 0.267578 2
0 -0.250000 -1.650000 1.010000 0.357422 0.248047 2
0 0.000000 -1.610001 1.040000 0.365234 0.248047 2
0 0.240000 -1.650000 -0.660000 0.482422 0.244141 2
0 -0.250000 -1.650000 1.010000 0.302734 0.244141 2
0 0.960000 -0.150000 0.830000 0.326172 0.126953 2
0 -1.280000 -0.280000 0.080000 0.376953 0.126953 2
0 1.290000 -0.280000 0.080000 0.376953 0.126953 2
0 0.260000 -1.650000 1.010000 0.369141 0.248047 2
0 -0.230000 -1.650000 -0.660000 0.357422 0.275391 2
34
0.686327 -0.272173 -0.674445
0.631567 -0.018088 -0.775110
0.990280 -0.138104 -0.016496
-0.144759 0.021984 -0.989223
-0.631567 -0.018088 -0.775110
-0.196788 0.343902 -0.918153
0.144721 0.022376 -0.989219
-0.941065 -0.054628 0.333784
-0.940852 -0.051828 0.334831
-0.990280 -0.138104 -0.016496
-0.124918 0.055461 0.990616
-0.141631 0.011770 0.989850
0.000606 0.042262 0.999106
0.125162 0.081158 0.988811
0.002734 0.079116 0.996862
0.001288 0.078472 0.996916
-0.001322 0.019569 -0.999808
-0.000070 0.232350 -0.972632
-0.000028 -0.252861 -0.967503
0.370517 0.032524 0.928256
0.773357 -0.037262 0.632875
0.302843 0.952929 -0.014598
-0.054394 0.993076 0.104125
-0.010534 0.998564 0.052516
-0.320753 0.947047 -0.014791
-0.141914 0.981777 -0.126388
-0.012895 0.995958 -0.088892
-0.121858 0.080478 0.989279
0.197940 0.344222 -0.917786
-0.685895 -0.272654 -0.674691
0.990066 -0.139567 -0.017042
-0.990066 -0.139567 -0.017042
0.136693 0.982634 -0.125477
0.056696 0.992994 0.103673
34
0 0 1 2 0 1 2 1
0 3 4 5 3 4 5 1
0 6 1 0 6 1 0 1
0 7 8 9 7 8 9 1
0 10 11 12 10 11 12 1
0 13 14 15 13 14 15 1
0 6 16 17 6 16 17 1
0 3 16 18 3 16 18 1
0 19 13 15 19 13 15 1
0 12 20 19 12 20 19 1
0 21 22 23 21 22 23 1
0 24 25 26 24 25 26 1
0 15 14 27 15 14 27 1
0 27 10 15 27 10 15 1
0 12 15 10 12 15 10 1
0 19 15 12 19 15 12 1
0 28 1 6 28 1 6 1
0 17 28 6 17 28 6 1
0 17 16 3 17 16 3 1
0 5 17 3 5 17 3 1
0 29 4 3 29 4 3 1
0 18 29 3 18 29 3 1
0 18 16 6 18 16 6 1
0 0 18 6 0 18 6 1
0 20 30 2 20 30 2 1
0 9 4 29 9 4 29 1
0 29 31 9 29 31 9 1
0 26 32 21 26 32 21 1
0 23 26 21 23 26 21 1
0 23 33 24 23 33 24 1
0 26 23 24 26 23 24 1
0 2 30 0 2 30 0 1
0 2 19 20 2 19 20 1
0 9 31 7 9 31 7 1
"R upper leg" 0 0
22
0 -0.680000 -0.510000 0.060000 0.443359 0.283203 7
0 -1.349888 -0.789865 0.189866 0.439453 0.255859 2
0 -1.079888 -0.999865 0.979866 0.494141 0.259766 2
0 -0.370000 -0.610001 0.720000 0.287109 0.283203 7
0 -1.079888 -0.999865 0.979866 0.291016 0.259766 2
0 -0.249897 -1.649988 1.009969 0.349609 0.275391 2
0 0.720000 -1.010000 -0.030000 0.373047 0.294922 7
0 -0.079897 -1.739841 0.119968 0.373047 0.275391 2
0 -0.229803 -1.649988 -0.660031 0.349609 0.275391 2
0 -1.069888 -0.939865 -0.620134 0.287109 0.255859 2
0 -0.330000 -0.800000 -0.760000 0.291016 0.291016 7
0 -0.559999 -4.100000 -0.730000 0.376953 0.373047 7
0 -0.330000 -0.800000 -0.760000 0.376953 0.291016 7
0 0.580000 -4.100000 0.670000 0.373047 0.373047 7
0 0.510000 -0.880000 0.760000 0.345703 0.291016 7
0 0.580000 -4.100000 -0.730000 0.373047 0.373047 7
0 -0.559999 -4.100000 -0.730000 0.255859 0.373047 7
0 0.520000 -1.010000 -0.770000 0.353516 0.302734 7
0 -1.069888 -0.939865 -0.620134 0.376953 0.255859 2
0 -0.559999 -4.100000 0.670000 0.494141 0.373047 7
0 -0.370000 -0.610001 0.720000 0.494141 0.283203 7
0 -0.559999 -4.100000 0.670000 0.255859 0.373047 7
22
0.394989 0.918368 -0.024153
-0.382095 0.923905 0.020079
-0.337717 0.883786 0.323837
0.421591 0.895274 -0.144035
0.188265 0.283886 0.940194
0.544576 -0.256097 0.798656
-0.092387 -0.994734 0.044363
0.673654 -0.739038 -0.003512
0.340435 -0.563899 -0.752410
-0.159589 -0.133845 -0.978068
-0.184138 -0.242814 -0.952436
0.977669 -0.013470 0.209720
0.631915 0.775026 -0.004375
-0.646806 0.025297 -0.762235
-0.402519 -0.915357 0.010047
-0.841411 0.018351 0.540084
0.006886 0.010537 0.999921
-0.252863 -0.603417 0.756273
-0.332195 0.871618 -0.360457
0.975346 -0.004886 -0.220629
0.533677 0.836561 -0.123914
0.000000 0.014325 -0.999897
22
0 0 1 2 0 1 2 1
0 3 4 5 3 4 5 1
0 6 7 8 6 7 8 1
0 8 9 10 8 9 10 1
0 0 11 12 0 11 12 1
0 6 13 14 6 13 14 1
0 15 13 6 15 13 6 1
0 16 15 17 16 15 17 1
0 18 1 0 18 1 0 1
0 19 11 0 19 11 0 1
0 14 13 3 14 13 3 1
0 5 7 6 5 7 6 1
0 8 17 6 8 17 6 1
0 10 17 8 10 17 8 1
0 17 10 16 17 10 16 1
0 6 17 15 6 17 15 1
0 0 12 18 0 12 18 1
0 6 14 5 6 14 5 1
0 2 20 0 2 20 0 1
0 0 20 19 0 20 19 1
0 5 14 3 5 14 3 1
0 3 13 21 3 13 21 1
"R lower leg" 0 0
30
0 -0.559999 -4.099892 -0.729967 0.376953 0.255859 7
0 -0.559999 -4.099892 0.669968 0.494141 0.255859 7
0 -0.570000 -1.000000 -0.640000 0.376953 0.287109 6
0 -0.559999 -4.099892 0.669968 0.255859 0.376953 7
0 0.580000 -4.099892 0.669968 0.373047 0.376953 7
0 -0.570000 -0.450001 0.720000 0.255859 0.388672 6
0 0.580000 -4.099892 -0.729967 0.373047 0.376953 7
0 0.590000 -0.450001 0.720000 0.373047 0.388672 6
0 -0.559999 -4.099892 -0.729967 0.255859 0.376953 7
0 0.590000 -1.000000 -0.640000 0.373047 0.404297 6
0 -0.889999 -4.080000 0.610000 0.466797 0.388672 6
0 -0.910000 -4.910000 0.500000 0.470703 0.494141 6
0 -0.930000 -4.630001 -0.310000 0.416016 0.494141 6
0 0.940001 -4.630001 -0.310000 0.416016 0.494141 6
0 0.820000 -4.910000 0.500000 0.470703 0.494141 6
0 0.900000 -4.080000 0.610000 0.466797 0.388672 6
0 -0.720000 -3.619999 -0.800000 0.376953 0.388672 6
0 -0.770000 -4.250000 -1.090000 0.376953 0.494141 6
0 0.730000 -3.590000 -0.800000 0.376953 0.388672 6
0 0.900000 -4.080000 0.610000 0.373047 0.494141 6
0 -0.020000 -4.280001 1.030000 0.314453 0.494141 6
0 -0.889999 -4.080000 0.610000 0.255859 0.494141 6
0 -0.570000 -0.450001 0.720000 0.494141 0.267578 6
0 -0.889999 -4.080000 0.610000 0.494141 0.388672 6
0 -0.020000 -4.280001 1.030000 0.494141 0.388672 6
0 0.000000 -5.059999 0.850000 0.494141 0.494141 6
0 0.730000 -3.590000 -0.800000 0.373047 0.494141 6
0 -0.720000 -3.619999 -0.800000 0.255859 0.494141 6
0 0.780000 -4.250000 -1.090000 0.376953 0.494141 6
0 -0.570000 -1.000000 -0.640000 0.255859 0.404297 6
30
-0.999995 -0.003226 0.000000
-0.999995 -0.002991 0.000557
-0.055169 -0.755613 0.652690
0.000000 -0.013707 0.999906
0.447205 -0.013485 0.894330
0.940446 -0.258455 0.220821
0.894690 0.010292 -0.446569
0.551785 -0.181521 -0.813992
0.000000 0.029010 -0.999579
-0.969133 -0.209662 0.129707
0.942865 -0.034042 -0.331432
0.705518 0.116919 -0.698981
0.992232 -0.111721 0.054725
-0.997394 -0.065923 0.029313
-0.688807 0.173401 -0.703901
-0.931790 0.038051 -0.360997
0.899381 -0.241201 0.364604
0.413462 -0.401087 0.817422
-0.646047 -0.371741 0.666658
-0.949791 -0.060735 -0.306935
0.006697 -0.035321 -0.999354
0.432704 -0.010827 -0.901471
-0.046484 -0.926058 0.374508
0.994819 -0.075920 0.067606
-0.005521 0.187098 -0.982326
-0.018294 0.224377 -0.974331
-0.668452 -0.081800 0.739244
0.000637 -0.061273 0.998121
-0.639372 -0.349391 0.684930
0.000000 -0.998987 -0.044989
29
0 0 1 2 0 1 2 1
0 3 4 5 3 4 5 1
0 4 6 7 4 6 7 1
0 6 8 9 6 8 9 1
0 10 11 12 10 11 12 1
0 13 14 15 13 14 15 1
0 16 17 18 16 17 18 1
0 19 7 9 19 7 9 1
0 20 21 5 20 21 5 1
0 2 22 23 2 22 23 1
0 24 25 11 24 25 11 1
0 14 25 24 14 25 24 1
0 7 19 20 7 19 20 1
0 20 5 7 20 5 7 1
0 26 9 27 26 9 27 1
0 16 2 23 16 2 23 1
0 19 9 26 19 9 26 1
0 11 10 24 11 10 24 1
0 24 15 14 24 15 14 1
0 18 28 13 18 28 13 1
0 12 17 16 12 17 16 1
0 13 15 18 13 15 18 1
0 16 10 12 16 10 12 1
0 2 1 22 2 1 22 1
0 5 4 7 5 4 7 1
0 7 6 9 7 6 9 1
0 9 8 29 9 8 29 1
0 18 17 28 18 17 28 1
0 27 9 29 27 9 29 1
"R foot" 0 0
24
0 -0.910022 -4.909874 0.500000 0.470703 0.052734 6
0 -0.650000 -1.799999 0.450000 0.466797 0.123047 4
0 -0.770000 -1.799999 -0.440000 0.404297 0.123047 4
0 -0.000022 -5.059874 0.850000 0.494141 0.064453 6
0 0.819979 -4.909874 0.500000 0.470703 0.052734 6
0 0.660000 -1.799999 0.450000 0.466797 0.123047 4
0 1.139999 -1.100000 -1.830000 0.294922 0.072266 4
0 0.610001 -1.100000 -2.430000 0.255859 0.072266 4
0 0.860001 -1.799999 -1.980000 0.287109 0.123047 4
0 0.760000 -0.260000 -1.880000 0.291016 0.005859 4
0 -0.600000 -1.100000 -2.430000 0.255859 0.072266 4
0 0.780000 -1.799999 -0.440000 0.404297 0.123047 4
0 -0.850000 -1.799999 -1.980000 0.287109 0.123047 4
0 0.980000 -1.799999 -0.980000 0.357422 0.123047 4
0 -0.970000 -1.799999 -0.980000 0.357422 0.123047 4
0 -0.770021 -4.249884 -1.090000 0.376953 0.005859 6
0 -0.750000 -0.260000 -1.880000 0.291016 0.005859 4
0 0.779979 -4.249884 -1.090000 0.376953 0.005859 6
0 -1.139999 -1.100000 -1.830000 0.294922 0.072266 4
0 0.860001 -1.400000 -0.440000 0.404297 0.095703 4
0 0.939979 -4.629883 -0.310000 0.412109 0.033203 6
0 -0.930021 -4.629883 -0.310000 0.412109 0.033203 6
0 -0.850000 -1.400000 -0.440000 0.404297 0.095703 4
0 0.779979 -4.249884 -1.090000 0.349609 0.005859 6
24
-0.667773 0.131252 0.732702
-0.401974 0.675400 0.618265
-0.101815 0.573416 0.812914
0.012156 0.070372 0.997447
0.653784 0.117548 0.747495
0.500990 0.440205 0.745137
-0.986394 -0.022256 0.162883
-0.355959 0.098297 0.929317
-0.436623 0.795669 0.419847
-0.487458 -0.852757 0.187593
0.349241 -0.165486 0.922304
0.052242 0.633055 0.772342
0.420832 0.660210 0.622111
-0.649117 0.724144 -0.232943
0.416505 0.864514 -0.281318
-0.647383 -0.168301 -0.743350
0.443550 -0.631499 -0.635982
0.000000 -0.194230 -0.980956
0.985637 -0.015519 0.168164
0.552308 0.819469 0.153058
0.999542 0.024008 -0.018442
-0.996542 0.021459 -0.080267
-0.506963 0.382283 0.772560
0.862905 -0.123878 -0.489948
37
0 0 1 2 0 1 2 1
0 3 4 5 3 4 5 1
0 6 7 8 6 7 8 1
0 7 9 10 7 9 10 1
0 2 1 11 2 1 11 1
0 10 12 7 10 12 7 1
0 13 8 14 13 8 14 1
0 15 16 17 15 16 17 1
0 18 10 16 18 10 16 1
0 19 4 20 19 4 20 1
0 21 0 22 21 0 22 1
0 9 7 6 9 7 6 1
0 12 10 18 12 10 18 1
0 4 19 11 4 19 11 1
0 14 12 18 14 12 18 1
0 6 8 13 6 8 13 1
0 13 19 6 13 19 6 1
0 18 22 14 18 22 14 1
0 23 9 6 23 9 6 1
0 18 16 15 18 16 15 1
0 22 18 15 22 18 15 1
0 23 6 19 23 6 19 1
0 2 11 22 2 11 22 1
0 13 14 19 13 14 19 1
0 2 22 0 2 22 0 1
0 11 5 4 11 5 4 1
0 1 0 3 1 0 3 1
0 5 1 3 5 1 3 1
0 22 15 21 22 15 21 1
0 20 23 19 20 23 19 1
0 10 9 16 10 9 16 1
0 11 1 5 11 1 5 1
0 7 12 8 7 12 8 1
0 14 8 12 14 8 12 1
0 17 16 9 17 16 9 1
0 22 11 19 22 11 19 1
0 19 14 22 19 14 22 1
"L upper leg" 0 0
22
0 1.089855 -0.999832 0.979968 0.494141 0.259766 2
0 1.359855 -0.789833 0.189968 0.439453 0.255859 2
0 0.690001 -0.510000 0.060000 0.443359 0.283203 14
0 0.259850 -1.649934 1.009989 0.349609 0.275391 2
0 1.089855 -0.999832 0.979968 0.291016 0.259766 2
0 0.380000 -0.610001 0.720000 0.287109 0.283203 14
0 0.239419 -1.649996 -0.660004 0.349609 0.275391 2
0 0.089849 -1.739797 0.120005 0.373047 0.275391 2
0 -0.710000 -1.010000 -0.030000 0.373047 0.294922 14
0 0.340000 -0.800000 -0.760000 0.291016 0.291016 14
0 1.079855 -0.939833 -0.620032 0.287109 0.255859 2
0 0.340000 -0.800000 -0.760000 0.376953 0.291016 14
0 0.570000 -4.100000 -0.730000 0.376953 0.373047 14
0 -0.500000 -0.880000 0.760000 0.345703 0.291016 14
0 -0.570000 -4.100000 0.670000 0.373047 0.373047 14
0 -0.570000 -4.100000 -0.730000 0.373047 0.373047 14
0 -0.510000 -1.010000 -0.770000 0.353516 0.302734 14
0 0.570000 -4.100000 -0.730000 0.255859 0.373047 14
0 1.079855 -0.939833 -0.620032 0.376953 0.255859 2
0 0.570000 -4.100000 0.670000 0.494141 0.373047 14
0 0.570000 -4.100000 0.670000 0.255859 0.373047 14
0 0.380000 -0.610001 0.720000 0.494141 0.283203 14
22
0.337661 0.883813 0.323821
0.382073 0.923914 0.020068
-0.394999 0.918364 -0.024165
-0.544618 -0.256065 0.798638
-0.188384 0.283931 0.940157
-0.251623 0.515592 0.819055
-0.340492 -0.563940 -0.752354
-0.673671 -0.739024 -0.003347
0.092300 -0.994738 0.044463
0.184263 -0.242967 -0.952373
0.159709 -0.133957 -0.978033
-0.631903 0.775035 -0.004382
-0.977669 -0.013470 0.209721
0.143382 -0.304701 -0.941594
0.842741 0.025421 -0.537718
0.841411 0.018351 0.540084
0.252772 -0.603400 0.756317
-0.006886 0.010537 0.999921
0.332221 0.871605 -0.360464
-0.975345 -0.004886 -0.220629
-0.024493 0.019798 -0.999504
-0.533698 0.836546 -0.123926
22
0 0 1 2 0 1 2 1
0 3 4 5 3 4 5 1
0 6 7 8 6 7 8 1
0 9 10 6 9 10 6 1
0 11 12 2 11 12 2 1
0 13 14 8 13 14 8 1
0 8 14 15 8 14 15 1
0 16 15 17 16 15 17 1
0 2 1 18 2 1 18 1
0 2 12 19 2 12 19 1
0 5 20 13 5 20 13 1
0 8 7 3 8 7 3 1
0 8 16 6 8 16 6 1
0 6 16 9 6 16 9 1
0 17 9 16 17 9 16 1
0 15 16 8 15 16 8 1
0 18 11 2 18 11 2 1
0 3 13 8 3 13 8 1
0 2 21 0 2 21 0 1
0 19 21 2 19 21 2 1
0 5 13 3 5 13 3 1
0 13 20 14 13 20 14 1
"L lower leg" 0 0
30
0 0.580000 -1.000000 -0.640000 0.376953 0.287109 13
0 0.580000 -0.450001 0.720000 0.494141 0.267578 13
0 0.570225 -4.099754 -0.729813 0.376953 0.255859 14
0 0.580000 -0.450001 0.720000 0.255859 0.388672 13
0 -0.580000 -0.450001 0.720000 0.373047 0.388672 13
0 0.570225 -4.099754 0.670089 0.255859 0.376953 14
0 -0.580000 -1.000000 -0.640000 0.373047 0.404297 13
0 -0.569777 -4.099754 0.670089 0.373047 0.376953 14
0 0.580000 -1.000000 -0.640000 0.255859 0.404297 13
0 -0.569777 -4.099754 -0.729813 0.373047 0.376953 14
0 0.940001 -4.630001 -0.300000 0.416016 0.494141 13
0 0.920000 -4.910000 0.500000 0.470703 0.494141 13
0 0.900000 -4.080000 0.610000 0.466797 0.388672 13
0 -0.889999 -4.080000 0.610000 0.466797 0.388672 13
0 -0.809999 -4.910000 0.500000 0.470703 0.494141 13
0 -0.930000 -4.630001 -0.310000 0.416016 0.494141 13
0 -0.720000 -3.590000 -0.800000 0.376953 0.388672 13
0 -0.770000 -4.250000 -1.090000 0.376953 0.494141 13
0 0.730000 -3.619999 -0.800000 0.376953 0.388672 13
0 -0.889999 -4.080000 0.610000 0.373047 0.494141 13
0 0.900000 -4.080000 0.610000 0.255859 0.494141 13
0 0.030000 -4.280001 1.030000 0.314453 0.494141 13
0 0.900000 -4.080000 0.610000 0.494141 0.388672 13
0 0.010000 -5.059999 0.850000 0.494141 0.494141 13
0 0.030000 -4.280001 1.030000 0.494141 0.388672 13
0 0.730000 -3.619999 -0.800000 0.255859 0.494141 13
0 -0.720000 -3.590000 -0.800000 0.373047 0.494141 13
0 0.780000 -4.250000 -1.090000 0.376953 0.494141 13
0 0.570225 -4.099754 0.670089 0.494141 0.255859 14
0 0.570225 -4.099754 -0.729813 0.255859 0.376953 14
30
-0.978880 -0.153437 0.135100
0.994909 -0.093794 0.036858
0.999995 -0.002935 0.000645
-0.431573 -0.104903 -0.895958
0.861126 -0.430358 0.270655
0.000000 -0.013674 0.999906
-0.048303 -0.809633 0.584945
-0.894204 -0.008847 0.447572
-0.019472 -0.998790 -0.045163
-0.447228 0.024431 -0.894086
-0.992311 -0.111261 0.054227
-0.705443 0.116927 -0.699055
-0.942862 -0.033746 -0.331469
0.931790 0.038051 -0.360997
0.688808 0.173401 -0.703901
0.997394 -0.065922 0.029313
0.829679 -0.299565 0.471056
0.407681 -0.399607 0.821042
-0.773347 -0.311671 0.552083
0.949791 -0.060735 -0.306935
-0.432704 -0.010827 -0.901471
-0.006697 -0.035321 -0.999354
-0.994819 -0.075920 0.067607
0.018294 0.224377 -0.974331
0.005521 0.187098 -0.982326
-0.001263 -0.061027 0.998135
0.426612 -0.078479 0.901023
-0.639447 -0.362781 0.677862
0.999996 -0.002678 0.000000
0.000000 0.028962 -0.999581
29
0 0 1 2 0 1 2 1
0 3 4 5 3 4 5 1
0 4 6 7 4 6 7 1
0 6 8 9 6 8 9 1
0 10 11 12 10 11 12 1
0 13 14 15 13 14 15 1
0 16 17 18 16 17 18 1
0 6 4 19 6 4 19 1
0 3 20 21 3 20 21 1
0 22 1 0 22 1 0 1
0 11 23 24 11 23 24 1
0 24 23 14 24 23 14 1
0 21 19 4 21 19 4 1
0 4 3 21 4 3 21 1
0 25 8 26 25 8 26 1
0 22 0 18 22 0 18 1
0 26 6 19 26 6 19 1
0 24 12 11 24 12 11 1
0 14 13 24 14 13 24 1
0 15 17 16 15 17 16 1
0 18 27 10 18 27 10 1
0 16 13 15 16 13 15 1
0 10 12 18 10 12 18 1
0 2 1 28 2 1 28 1
0 5 4 7 5 4 7 1
0 7 6 9 7 6 9 1
0 9 8 29 9 8 29 1
0 18 17 27 18 17 27 1
0 26 8 6 26 8 6 1
"L foot" 0 0
23
0 0.780000 -1.799999 -0.440000 0.404297 0.123047 11
0 0.660000 -1.799999 0.450000 0.466797 0.123047 11
0 0.919758 -4.909813 0.500000 0.470703 0.052734 13
0 -0.650000 -1.799999 0.450000 0.466797 0.123047 11
0 -0.810242 -4.909813 0.500000 0.470703 0.052734 13
0 0.009758 -5.059814 0.850000 0.494141 0.064453 13
0 -0.850000 -1.799999 -1.980000 0.287109 0.123047 11
0 -0.600000 -1.100000 -2.430000 0.255859 0.072266 11
0 -1.130000 -1.100000 -1.830000 0.294922 0.072266 11
0 0.610001 -1.100000 -2.430000 0.255859 0.072266 11
0 0.760000 -0.260000 -1.880000 0.291016 0.005859 11
0 -0.770000 -1.799999 -0.440000 0.404297 0.123047 11
0 0.980000 -1.799999 -0.980000 0.357422 0.123047 11
0 0.860001 -1.799999 -1.980000 0.287109 0.123047 11
0 -0.970000 -1.799999 -0.980000 0.357422 0.123047 11
0 -0.770242 -4.249907 -1.090000 0.376953 0.005859 13
0 -0.750000 -0.260000 -1.880000 0.291016 0.005859 11
0 0.779758 -4.249907 -1.090000 0.376953 0.005859 13
0 1.150000 -1.100000 -1.830000 0.294922 0.072266 11
0 -0.930243 -4.629906 -0.310000 0.412109 0.033203 13
0 -0.850000 -1.400000 -0.440000 0.404297 0.095703 11
0 0.860001 -1.400000 -0.440000 0.404297 0.095703 11
0 0.939758 -4.629906 -0.300000 0.412109 0.033203 13
23
0.061790 0.629306 0.774697
0.485792 0.453577 0.747177
0.667687 0.131224 0.732786
-0.415627 0.667166 0.618178
-0.653763 0.117613 0.747503
-0.012153 0.070374 0.997447
0.424824 0.657414 0.622360
0.353093 -0.166071 0.920731
0.986393 -0.022229 0.162894
-0.352033 0.098506 0.930790
-0.481064 -0.855966 0.189470
-0.087118 0.578689 0.810882
-0.644747 0.727706 -0.233977
-0.432350 0.797908 0.420019
0.419117 0.863346 -0.281026
-0.645392 -0.167599 -0.745238
0.448746 -0.627684 -0.636113
0.491494 -0.184842 -0.851039
-0.985638 -0.015545 0.168153
-0.999540 0.024091 -0.018411
-0.479582 0.380216 0.790845
0.572805 0.810695 0.121113
0.996650 0.021187 -0.078993
37
0 0 1 2 0 1 2 1
0 3 4 5 3 4 5 1
0 6 7 8 6 7 8 1
0 9 10 7 9 10 7 1
0 11 3 0 11 3 0 1
0 7 6 9 7 6 9 1
0 12 13 14 12 13 14 1
0 15 16 17 15 16 17 1
0 10 9 18 10 9 18 1
0 19 4 20 19 4 20 1
0 21 2 22 21 2 22 1
0 8 7 16 8 7 16 1
0 18 9 13 18 9 13 1
0 11 20 4 11 20 4 1
0 18 13 12 18 13 12 1
0 14 6 8 14 6 8 1
0 8 20 14 8 20 14 1
0 12 21 18 12 21 18 1
0 8 16 15 8 16 15 1
0 17 10 18 17 10 18 1
0 17 18 21 17 18 21 1
0 20 8 15 20 8 15 1
0 21 20 0 21 20 0 1
0 20 21 14 20 21 14 1
0 2 21 0 2 21 0 1
0 4 3 11 4 3 11 1
0 5 2 1 5 2 1 1
0 5 1 3 5 1 3 1
0 22 17 21 22 17 21 1
0 20 15 19 20 15 19 1
0 7 10 16 7 10 16 1
0 0 3 1 0 3 1 1
0 9 6 13 9 6 13 1
0 14 13 6 14 13 6 1
0 17 16 10 17 16 10 1
0 0 20 11 0 20 11 1
0 14 21 12 14 21 12 1
"Torso" 0 0
93
0 -1.020000 1.059999 0.730000 0.548828 0.666016 0
0 -0.950000 -0.150885 0.830000 0.548828 0.744141 2
0 -1.280000 -0.280884 0.080000 0.505859 0.744141 2
0 -1.270000 0.910000 0.010000 0.494141 0.658203 0
0 -1.280000 -0.280884 0.080000 0.494141 0.744141 2
0 -1.040000 -0.460884 -0.630000 0.455078 0.744141 2
0 0.520000 3.170000 -0.900000 0.626953 0.744141 0
0 0.760000 3.860000 -1.110000 0.626953 0.626953 0
0 0.640000 3.680000 -0.070000 0.693359 0.744141 0
0 0.000000 -0.480885 -0.780000 0.376953 0.744141 2
0 0.000000 0.710000 -0.900000 0.376953 0.666016 0
0 1.050000 -0.460884 -0.630000 0.294922 0.744141 2
0 1.290000 -0.280884 0.080000 0.255859 0.744141 2
0 1.280000 0.910000 0.010000 0.255859 0.658203 0
0 1.380000 2.540000 0.870000 0.537109 0.568359 0
0 0.000000 2.600000 1.230000 0.623047 0.568359 0
0 0.770000 3.720000 0.880000 0.564453 0.505859 0
0 0.570000 3.850000 0.670000 0.744141 0.744141 0
0 -0.510000 3.170000 -0.900000 0.255859 0.814453 0
0 0.000000 2.630000 -1.170000 0.314453 0.873047 0
0 0.000000 3.580000 -0.600000 0.314453 0.771484 0
0 1.010000 0.760000 -0.730000 0.294922 0.666016 0
0 1.190000 2.340000 -0.980000 0.291016 0.576172 0
0 0.520000 3.170000 -0.900000 0.373047 0.814453 0
0 -0.630000 3.680000 -0.070000 0.693359 0.744141 0
0 -0.860000 3.870000 -1.110000 0.626953 0.626953 0
0 -0.510000 3.170000 -0.900000 0.626953 0.744141 0
0 -0.630000 3.680000 -0.070000 0.255859 0.755859 0
0 0.640000 3.680000 -0.070000 0.373047 0.755859 0
0 0.000000 2.630000 -1.170000 0.373047 0.556641 0
0 -1.180000 2.340000 -0.980000 0.458984 0.576172 0
0 1.160000 3.460000 -0.540000 0.619141 0.474609 0
0 1.210000 3.740000 -0.110000 0.623047 0.447266 0
0 1.450000 3.270000 -0.970000 0.623047 0.478516 0
0 0.520000 3.170000 -0.900000 0.333984 0.517578 0
0 -1.440000 3.270000 -0.970000 0.505859 0.478516 0
0 -1.200000 3.740000 -0.110000 0.505859 0.447266 0
0 -1.150000 3.460000 -0.540000 0.509766 0.474609 0
0 -0.510000 3.170000 -0.900000 0.416016 0.517578 0
0 -1.000000 0.760000 -0.730000 0.455078 0.666016 0
0 0.760000 3.860000 -1.110000 0.744141 0.505859 0
0 1.450000 3.270000 -0.970000 0.744141 0.623047 0
0 1.210000 3.740000 -0.110000 0.689453 0.623047 0
0 1.160000 3.460000 -0.540000 0.287109 0.505859 0
0 -1.150000 3.460000 -0.540000 0.462891 0.505859 0
0 0.760000 3.860000 -1.110000 0.603516 0.400391 0
0 0.520000 3.170000 -0.900000 0.591797 0.494141 0
0 -0.510000 3.170000 -0.900000 0.537109 0.494141 0
0 -0.860000 3.870000 -1.110000 0.521484 0.400391 0
0 -1.200000 3.740000 -0.110000 0.689453 0.623047 0
0 -1.440000 3.270000 -0.970000 0.744141 0.623047 0
0 -0.860000 3.870000 -1.110000 0.744141 0.505859 0
0 -0.670000 4.340000 0.780000 0.626953 0.505859 0
0 0.680000 4.340000 0.780000 0.626953 0.505859 0
0 -0.760000 3.720000 0.880000 0.564453 0.505859 0
0 -1.360000 2.540000 0.880000 0.537109 0.568359 0
0 0.000000 -0.110884 1.070000 0.623047 0.744141 2
0 0.000000 1.070000 0.950000 0.623047 0.662109 0
0 1.030000 1.059999 0.730000 0.548828 0.666016 0
0 -1.560000 2.490000 0.620000 0.529297 0.568359 0
0 1.570000 2.490000 0.620000 0.529297 0.568359 0
0 0.770000 3.720000 0.880000 0.626953 0.623047 0
0 -1.220000 3.620000 0.800000 0.533203 0.513672 0
0 -1.360000 3.570000 0.750000 0.533203 0.517578 0
0 -1.200000 3.740000 -0.110000 0.533203 0.505859 0
0 -1.520000 2.390000 -0.520000 0.494141 0.580078 0
0 1.290000 -0.280884 0.080000 0.505859 0.744141 2
0 0.960000 -0.150885 0.830000 0.548828 0.744141 2
0 1.280000 0.910000 0.010000 0.505859 0.666016 0
0 -1.270000 0.910000 0.010000 0.505859 0.666016 0
0 1.530000 2.390000 -0.520000 0.505859 0.595703 0
0 -1.520000 2.390000 -0.520000 0.505859 0.595703 0
0 1.530000 2.390000 -0.520000 0.255859 0.580078 0
0 -0.760000 3.720000 0.880000 0.638672 0.623047 0
0 1.210000 3.740000 -0.110000 0.533203 0.505859 0
0 1.370000 3.570000 0.680000 0.533203 0.517578 0
0 1.230000 3.620000 0.730000 0.533203 0.513672 0
0 0.010000 4.340000 1.020000 0.658203 0.505859 0
0 0.680000 4.340000 0.780000 0.685547 0.505859 0
0 0.770000 3.720000 0.880000 0.685547 0.623047 0
0 0.000000 3.710000 0.970000 0.623047 0.509766 0
0 -0.560000 3.850000 0.670000 0.744141 0.744141 0
0 0.010000 4.340000 1.020000 0.564453 0.376953 0
0 -0.670000 4.340000 0.780000 0.533203 0.376953 0
0 -0.560000 3.850000 0.670000 0.537109 0.439453 0
0 -1.440000 3.270000 -0.970000 0.474609 0.505859 0
0 1.450000 3.270000 -0.970000 0.275391 0.505859 0
0 -0.760000 3.720000 0.880000 0.626953 0.623047 0
0 0.570000 3.850000 0.670000 0.591797 0.439453 0
0 0.680000 4.340000 0.780000 0.595703 0.376953 0
0 0.000000 3.710000 0.970000 0.658203 0.623047 0
0 -0.670000 4.340000 0.780000 0.744141 0.626953 0
0 0.680000 4.340000 0.780000 0.744141 0.626953 0
89
0.665833 0.082103 -0.741570
0.645651 -0.025704 -0.763200
0.931144 -0.003793 -0.364633
0.944008 0.089321 0.317601
0.948107 0.010717 0.317770
0.641338 0.053051 0.765422
0.948152 -0.312982 0.055232
0.975288 -0.202598 0.088130
0.979602 -0.183805 0.081219
0.000678 0.100258 0.994961
0.000719 0.122905 0.992418
-0.640758 0.053102 0.765904
-0.948107 0.010717 0.317770
-0.944008 0.089321 0.317601
-0.460319 0.013268 -0.887654
-0.000845 -0.061676 -0.998096
-0.275795 -0.426370 -0.861479
0.983770 -0.146084 0.104188
0.120368 -0.679374 0.723852
-0.000866 -0.514496 0.857493
0.000858 -0.684543 0.728972
-0.681475 0.155374 0.715158
-0.437480 -0.068498 0.896616
-0.118588 -0.679904 0.723649
-0.925216 -0.352590 0.140200
-0.936467 -0.318743 0.146397
-0.901905 -0.413794 0.123863
0.320415 -0.785726 0.529121
-0.315435 -0.787493 0.529486
0.000800 -0.065571 0.997848
0.438268 -0.068750 0.896211
-0.219452 0.829043 -0.514324
-0.146816 0.917572 0.369467
-0.443323 0.167559 0.880562
0.146762 0.915513 0.374562
0.219452 0.829043 -0.514324
0.444716 0.166545 0.880051
0.681942 0.155323 0.714724
-0.628387 -0.753752 0.192324
-0.659650 -0.721564 0.210255
-0.784348 -0.620289 -0.006366
-0.765723 0.166077 0.621359
0.765723 0.166077 0.621359
0.042421 0.277366 0.959827
-0.043760 0.266936 0.962720
0.814313 -0.578866 -0.042538
0.728116 -0.666292 0.160941
0.688890 -0.710859 0.141811
0.747368 -0.457596 -0.481713
-0.829133 -0.544513 -0.126666
0.229039 -0.412938 -0.881489
0.433010 0.032557 -0.900801
0.001123 -0.084501 -0.996423
0.000068 0.075364 -0.997156
-0.665609 0.081419 -0.741846
0.822568 0.136770 -0.551975
-0.829092 0.114173 -0.547332
-0.894862 -0.194681 -0.401649
0.484884 -0.527702 -0.697436
0.449050 -0.565813 -0.691527
0.301271 -0.946190 -0.118151
0.862343 0.064530 0.502196
-0.931144 -0.003793 -0.364633
-0.644700 -0.025825 -0.763999
-0.960993 0.153869 -0.229819
0.960993 0.153869 -0.229819
-0.984686 0.173262 0.019352
0.984686 0.173262 0.019352
-0.862343 0.064530 0.502196
0.894862 -0.194681 -0.401649
-0.312406 -0.941414 -0.127050
-0.450045 -0.588217 -0.671908
-0.514483 -0.548850 -0.658841
-0.000729 -0.061608 -0.998100
-0.330627 -0.196865 -0.923000
-0.227328 -0.059172 -0.972019
0.000720 -0.228061 -0.973647
-0.949983 -0.269925 0.157077
0.001462 -0.396107 0.918203
-0.319956 -0.275336 0.906542
-0.164233 -0.439677 0.883013
0.129305 0.871830 -0.472433
-0.129305 0.871830 -0.472433
0.225765 -0.060839 -0.972280
0.166424 -0.440086 0.882399
0.324137 -0.275902 0.904883
0.000756 0.079104 -0.996866
-0.955248 -0.249955 0.158188
0.965532 -0.239586 0.101716
83
0 0 1 2 0 1 2 1
0 3 4 5 3 4 5 1
0 6 7 8 6 7 8 1
0 5 9 10 5 9 10 1
0 11 12 13 11 12 13 1
0 14 15 16 14 15 16 1
0 17 8 7 17 8 7 1
0 18 19 20 18 19 20 1
0 10 21 22 10 21 22 1
0 20 19 23 20 19 23 1
0 24 25 26 24 25 26 1
0 18 20 27 18 20 27 1
0 28 20 23 28 20 23 1
0 10 29 30 10 29 30 1
0 31 32 33 31 31 32 1
0 34 29 22 33 29 22 1
0 35 36 37 34 35 35 1
0 30 29 38 30 29 36 1
0 10 9 11 10 9 11 1
0 11 21 10 11 21 10 1
0 10 39 5 10 37 5 1
0 40 41 42 38 39 40 1
0 34 22 43 33 22 41 1
0 38 44 30 36 42 30 1
0 33 45 46 32 43 43 1
0 47 48 35 44 44 34 1
0 49 50 51 45 46 47 1
0 49 51 52 45 47 48 1
0 53 40 42 49 38 40 1
0 54 15 55 50 15 51 1
0 56 57 58 52 53 54 1
0 56 1 0 52 1 0 1
0 0 59 55 0 55 51 1
0 14 60 58 14 56 54 1
0 55 15 57 51 15 53 1
0 57 15 14 53 15 14 1
0 61 53 42 57 49 40 1
0 62 63 64 58 59 60 1
0 39 65 3 37 61 3 1
0 66 67 58 62 63 54 1
0 68 58 60 64 54 56 1
0 0 2 69 0 2 65 1
0 60 70 68 56 66 64 1
0 69 71 59 65 67 55 1
0 30 44 65 30 42 61 1
0 65 39 30 61 37 30 1
0 72 43 22 68 41 22 1
0 72 22 21 68 22 21 1
0 68 66 58 64 62 54 1
0 13 72 21 13 68 21 1
0 69 59 0 65 55 0 1
0 49 52 73 45 48 69 1
0 74 75 76 70 71 72 1
0 77 78 79 73 74 75 1
0 80 16 15 76 16 15 1
0 25 24 81 25 24 77 1
0 82 83 84 78 79 80 1
0 44 38 85 42 36 81 1
0 86 34 43 82 33 41 1
0 87 52 77 83 48 73 1
0 15 54 80 15 50 76 1
0 76 16 74 72 16 70 1
0 76 75 60 72 71 56 1
0 14 16 76 14 16 72 1
0 64 54 62 60 50 58 1
0 59 63 62 55 59 58 1
0 60 14 76 56 14 72 1
0 62 55 59 58 51 55 1
0 55 62 54 51 58 50 1
0 5 39 3 5 37 3 1
0 13 21 11 13 21 11 1
0 88 89 82 84 85 78 1
0 82 84 88 78 80 84 1
0 77 90 87 73 86 83 1
0 79 90 77 75 86 73 1
0 30 39 10 30 37 10 1
0 22 29 10 22 29 10 1
0 81 91 25 77 87 25 1
0 7 92 17 7 88 17 1
0 14 58 57 14 54 53 1
0 57 0 55 53 0 51 1
0 58 67 56 54 63 52 1
0 0 57 56 0 53 52 1
"R upper arm" 0 0
26
0 -1.199557 3.740257 -0.109880 0.677734 0.005859 0
0 -1.359869 3.570002 0.750015 0.728516 0.005859 0
0 -0.630000 0.000000 0.670000 0.744141 0.037109 8
0 -0.630000 0.000000 0.670000 0.607422 0.025391 8
0 -1.359869 3.570002 0.750015 0.599609 0.005859 0
0 -1.559434 2.489933 0.620169 0.505859 0.005859 0
0 0.430000 -0.410000 0.550000 0.505859 0.060547 8
0 -1.519440 2.390056 -0.519982 0.505859 0.005859 0
0 -1.149625 3.459810 -0.540243 0.591797 0.005859 0
0 -0.520000 0.000000 -0.460000 0.599609 0.021484 8
0 -0.559999 -0.470000 0.100000 0.681641 0.091797 8
0 -0.490000 -3.020000 0.160000 0.681641 0.353516 8
0 -0.340000 -0.330000 -0.320000 0.634766 0.076172 8
0 0.450000 -0.389999 -0.280000 0.505859 0.056641 8
0 0.510000 -2.990000 -0.230000 0.505859 0.244141 8
0 -0.250000 -2.980000 -0.310000 0.623047 0.244141 8
0 -0.520000 0.000000 -0.460000 0.626953 0.029297 8
0 -1.149625 3.459810 -0.540243 0.630859 0.005859 0
0 -0.380000 -0.380000 0.580000 0.732422 0.080078 8
0 -0.300000 -3.030000 0.700000 0.736328 0.353516 8
0 0.480000 -3.010000 0.650000 0.505859 0.244141 8
0 -0.300000 -3.030000 0.700000 0.623047 0.244141 8
0 -0.340000 -0.330000 -0.320000 0.580078 0.052734 8
0 -0.800000 0.000000 0.070000 0.681641 0.033203 8
0 -0.380000 -0.380000 0.580000 0.583984 0.056641 8
0 -0.250000 -2.980000 -0.310000 0.630859 0.353516 8
26
0.983062 0.149712 0.105717
0.957480 0.190904 0.216303
0.924544 0.336236 -0.179341
-0.907669 -0.333718 0.254498
-0.243094 -0.071381 0.967373
-0.835115 -0.426454 -0.347446
-0.750767 -0.253895 -0.609825
-0.830949 -0.556110 -0.016312
0.008058 -0.021720 -0.999732
-0.221622 0.307126 0.925504
0.941724 0.335950 0.017102
0.976088 0.030694 0.215197
0.834981 0.220649 0.504104
-0.495352 -0.059609 0.866645
-0.913664 -0.011890 0.406296
-0.077463 0.009388 0.996951
0.864881 0.340543 0.368797
0.983849 0.178986 -0.002487
0.871624 0.304675 -0.383984
0.939448 0.015173 -0.342355
-0.716687 -0.040560 -0.696215
-0.050803 -0.042970 -0.997784
-0.034742 0.195902 0.980008
0.951801 0.290049 0.099731
-0.255953 -0.107465 -0.960697
0.889049 0.031917 0.456699
26
0 0 1 2 0 1 2 1
0 3 4 5 3 4 5 1
0 6 5 7 6 5 7 1
0 7 8 9 7 8 9 1
0 10 11 12 10 11 12 1
0 13 14 6 13 14 6 1
0 15 14 13 15 14 13 1
0 16 17 0 16 17 0 1
0 18 19 10 18 19 10 1
0 6 20 21 6 20 21 1
0 13 9 22 13 9 22 1
0 16 23 10 16 23 10 1
0 10 23 2 10 23 2 1
0 5 6 24 5 6 24 1
0 0 23 16 0 23 16 1
0 2 23 0 2 23 0 1
0 2 18 10 2 18 10 1
0 10 12 16 10 12 16 1
0 9 13 7 9 13 7 1
0 13 22 15 13 22 15 1
0 21 24 6 21 24 6 1
0 7 13 6 7 13 6 1
0 24 3 5 24 3 5 1
0 12 11 25 12 11 25 1
0 6 14 20 6 14 20 1
0 10 19 11 10 19 11 1
"R lower arm" 0 0
26
0 -0.540000 -0.410000 0.000000 0.685547 0.384766 3
0 -0.489775 -3.019923 0.159989 0.685547 0.353516 8
0 -0.340000 -0.430000 0.520000 0.732422 0.384766 3
0 -0.340000 -0.430000 0.520000 0.623047 0.283203 3
0 -0.299892 -3.029917 0.699989 0.623047 0.255859 8
0 0.430000 -0.400000 0.470000 0.505859 0.279297 3
0 0.479515 -3.009703 0.649989 0.505859 0.255859 8
0 0.460000 -0.389999 -0.400000 0.505859 0.279297 3
0 0.509516 -2.989935 -0.229965 0.505859 0.255859 8
0 -0.300000 -0.380000 -0.490000 0.623047 0.279297 3
0 -0.340000 -2.029999 -0.670000 0.533203 0.494141 3
0 -0.610001 -2.059999 0.000000 0.505859 0.435547 3
0 0.520000 -2.040001 -0.560000 0.623047 0.486328 3
0 -0.610001 -2.059999 0.000000 0.685547 0.494141 3
0 -0.300000 -0.380000 -0.490000 0.642578 0.380859 3
0 -0.250484 -2.979708 -0.310005 0.642578 0.353516 8
0 -0.340000 -2.029999 -0.670000 0.623047 0.373047 3
0 0.520000 -2.040001 -0.560000 0.505859 0.373047 3
0 0.490000 -2.049999 0.590000 0.505859 0.373047 3
0 -0.389999 -2.080000 0.660000 0.744141 0.494141 3
0 -0.299892 -3.029917 0.699989 0.732422 0.353516 8
0 -0.250484 -2.979708 -0.310005 0.623047 0.255859 8
0 -0.389999 -2.080000 0.660000 0.525391 0.376953 3
0 0.490000 -2.049999 0.590000 0.623047 0.380859 3
0 -0.340000 -2.029999 -0.670000 0.626953 0.494141 3
0 -0.389999 -2.080000 0.660000 0.623047 0.373047 3
26
0.072585 -0.277736 -0.957911
-0.996350 -0.011746 0.084546
-0.942953 -0.046178 0.329708
-0.076039 -0.086748 -0.993324
0.061994 0.069863 0.995628
-0.694673 0.011321 0.719237
0.887326 0.048442 0.458592
0.638308 -0.189272 0.746149
0.529788 -0.046947 -0.846829
0.099049 -0.227729 -0.968674
0.005607 0.998880 0.046986
0.001655 0.999237 0.039022
-0.010050 0.999540 0.028627
0.983430 -0.050086 0.174233
0.920085 -0.147211 0.363004
-0.892312 -0.046362 -0.449032
-0.122848 -0.102586 0.987109
-0.914322 -0.073789 0.398209
-0.489587 -0.083922 -0.867906
0.939553 -0.049507 -0.338805
-0.943294 0.008422 0.331851
0.103615 -0.066735 -0.992376
-0.017878 0.999651 0.019440
-0.033450 0.999410 0.007816
0.926655 -0.062895 0.370613
-0.076250 -0.082004 -0.993711
23
0 0 1 2 0 1 2 1
0 3 4 5 3 4 5 1
0 5 6 7 5 6 7 1
0 7 8 9 7 8 9 1
0 10 11 12 10 11 12 1
0 0 13 14 0 13 14 1
0 14 15 0 14 15 0 1
0 9 16 7 9 16 7 1
0 7 17 5 7 17 5 1
0 5 18 3 5 18 3 1
0 2 19 0 2 19 0 1
0 2 1 20 2 1 20 1
0 5 4 6 5 4 6 1
0 7 6 8 7 6 8 1
0 9 8 21 9 8 21 1
0 12 22 23 12 22 23 1
0 12 11 22 12 11 22 1
0 14 13 24 14 13 24 1
0 0 15 1 0 15 1 1
0 7 16 17 7 16 17 1
0 5 17 18 5 17 18 1
0 3 18 25 3 18 25 1
0 0 19 13 0 19 13 1
"L upper arm" 0 0
26
0 0.720000 0.000000 0.670000 0.744141 0.037109 15
0 1.369295 3.570037 0.680033 0.728516 0.005859 0
0 1.209435 3.740073 -0.109953 0.677734 0.005859 0
0 1.369295 3.570037 0.680033 0.599609 0.005859 0
0 0.720000 0.000000 0.670000 0.607422 0.025391 15
0 0.390000 -0.380000 0.580000 0.583984 0.056641 15
0 1.529818 2.389792 -0.520133 0.505859 0.005859 0
0 1.569051 2.490000 0.620342 0.505859 0.005859 0
0 -0.420000 -0.410000 0.550000 0.505859 0.060547 15
0 0.530000 0.000000 -0.460000 0.599609 0.021484 15
0 1.159584 3.459873 -0.540212 0.591797 0.005859 0
0 0.350000 -0.330000 -0.320000 0.634766 0.076172 15
0 0.260000 -2.980000 -0.310000 0.630859 0.353516 15
0 0.570000 -0.470000 0.100000 0.681641 0.091797 15
0 -0.470000 -3.010000 0.650000 0.505859 0.244141 15
0 -0.440000 -0.389999 -0.280000 0.505859 0.056641 15
0 -0.500000 -2.990000 -0.230000 0.505859 0.244141 15
0 0.260000 -2.980000 -0.310000 0.623047 0.244141 15
0 1.159584 3.459873 -0.540212 0.630859 0.005859 0
0 0.530000 0.000000 -0.460000 0.623047 0.029297 15
0 0.500000 -3.020000 0.160000 0.681641 0.353516 15
0 0.390000 -0.380000 0.580000 0.732422 0.080078 15
0 0.310000 -3.030000 0.700000 0.623047 0.244141 15
0 0.350000 -0.330000 -0.320000 0.580078 0.052734 15
0 0.810000 0.000000 0.070000 0.681641 0.033203 15
0 0.310000 -3.030000 0.700000 0.736328 0.353516 15
26
-0.924589 0.364382 -0.111183
-0.957350 0.173467 0.231064
-0.979308 0.145871 0.140280
0.961983 -0.241715 0.127133
0.322146 -0.055934 -0.945036
0.232681 -0.072677 -0.969834
0.830914 -0.556170 -0.015996
0.836387 -0.547879 0.016879
0.646064 -0.291540 -0.705412
0.221301 0.307233 0.925545
-0.008369 -0.021654 -0.999730
-0.793935 0.314114 0.520576
-0.884956 0.033427 0.464474
-0.920433 0.354544 0.164626
0.889378 -0.036003 -0.455752
0.641974 -0.057178 0.764592
0.754542 -0.004793 0.656234
0.077463 0.009388 0.996951
-0.983851 0.178970 -0.002560
-0.864890 0.340538 0.368782
-0.996321 0.023745 -0.082343
-0.895506 0.243201 -0.372722
0.050803 -0.042970 -0.997784
0.034742 0.195902 0.980008
-0.943269 0.290498 0.160791
-0.943305 0.013459 -0.331654
26
0 0 1 2 0 1 2 1
0 3 4 5 3 4 5 1
0 6 7 8 6 7 8 1
0 9 10 6 9 10 6 1
0 11 12 13 11 12 13 1
0 8 14 15 8 14 15 1
0 15 16 17 15 16 17 1
0 2 18 19 2 18 19 1
0 13 20 21 13 20 21 1
0 22 14 8 22 14 8 1
0 23 9 15 23 9 15 1
0 13 24 19 13 24 19 1
0 0 24 13 0 24 13 1
0 5 8 7 5 8 7 1
0 19 24 2 19 24 2 1
0 2 24 0 2 24 0 1
0 13 21 0 13 21 0 1
0 19 11 13 19 11 13 1
0 6 15 9 6 15 9 1
0 17 23 15 17 23 15 1
0 8 5 22 8 5 22 1
0 8 15 6 8 15 6 1
0 5 7 3 5 7 3 1
0 13 12 20 13 12 20 1
0 15 14 16 15 14 16 1
0 21 20 25 21 20 25 1
"Neck" 0 0
18
0 -0.320000 1.710000 -0.120000 0.279297 0.880859 9
0 -0.320000 1.790000 0.280000 0.255859 0.876953 9
0 -0.410000 1.320000 0.520000 0.255859 0.916016 9
0 -0.630000 3.679772 -0.069927 0.279297 0.986328 0
0 -0.400000 1.050000 -0.040000 0.279297 0.939453 9
0 0.330000 1.790000 0.280000 0.255859 0.876953 9
0 0.570000 3.849771 0.670035 0.255859 0.974609 0
0 -0.560000 3.849771 0.670035 0.255859 0.974609 0
0 0.420000 1.320000 0.520000 0.255859 0.916016 9
0 0.330000 1.710000 -0.120000 0.349609 0.880859 9
0 0.410000 1.050000 -0.040000 0.349609 0.939453 9
0 0.420000 1.320000 0.520000 0.373047 0.916016 9
0 0.640000 3.679772 -0.069927 0.349609 0.986328 0
0 0.000000 0.860001 -0.480000 0.314453 0.955078 9
0 0.000000 3.579808 -0.599965 0.314453 0.994141 0
0 0.000000 1.670000 -0.420000 0.314453 0.884766 9
0 0.330000 1.790000 0.280000 0.373047 0.876953 9
0 0.570000 3.849771 0.670035 0.373047 0.974609 0
18
0.909530 -0.092337 0.405252
0.680347 -0.432433 -0.591717
-0.007965 -0.932286 -0.361634
-0.932844 -0.071329 -0.353149
-0.065881 -0.920764 0.384518
0.000000 -0.454777 -0.890605
0.000000 -0.059204 0.998246
-0.424889 -0.078678 0.901820
0.000000 -0.460167 0.887833
-0.906778 -0.092250 0.411393
0.064929 -0.920754 0.384704
0.024175 -0.876375 0.481022
0.931001 -0.071379 -0.357971
0.014595 -0.999021 -0.041757
-0.003879 -0.044065 -0.999021
0.007660 -0.073870 0.997239
-0.984663 -0.171080 0.034216
0.991915 -0.065269 0.108830
20
0 0 1 2 0 1 2 1
0 3 4 2 3 4 2 1
0 1 5 2 1 5 2 1
0 6 7 8 6 7 8 1
0 9 10 11 9 10 11 1
0 11 10 12 11 10 12 1
0 0 4 13 0 4 13 1
0 3 14 13 3 14 13 1
0 9 15 13 9 15 13 1
0 12 10 13 12 10 13 1
0 13 4 3 13 4 3 1
0 13 14 12 13 14 12 1
0 13 15 0 13 15 0 1
0 13 10 9 13 10 9 1
0 11 16 9 11 16 9 1
0 2 4 0 2 4 0 1
0 12 17 11 12 17 11 1
0 2 7 3 2 7 3 1
0 2 5 8 2 5 8 1
0 8 7 2 8 7 2 1
"L lower arm" 0 0
26
0 0.350000 -0.430000 0.520000 0.732422 0.384766 10
0 0.309881 -3.029917 0.699876 0.732422 0.353516 15
0 0.550000 -0.410000 0.000000 0.685547 0.384766 10
0 -0.420000 -0.400000 0.470000 0.505859 0.279297 10
0 -0.469932 -3.009679 0.650202 0.505859 0.255859 15
0 0.350000 -0.430000 0.520000 0.623047 0.283203 10
0 -0.450000 -0.389999 -0.400000 0.505859 0.279297 10
0 -0.499932 -2.989916 -0.229886 0.505859 0.255859 15
0 0.310000 -0.380000 -0.490000 0.623047 0.279297 10
0 0.260069 -2.979916 -0.310124 0.623047 0.255859 15
0 -0.510000 -2.040001 -0.560000 0.623047 0.486328 10
0 -0.480000 -2.049999 0.590000 0.623047 0.380859 10
0 0.350000 -2.029999 -0.670000 0.533203 0.494141 10
0 0.310000 -0.380000 -0.490000 0.642578 0.380859 10
0 0.350000 -2.029999 -0.670000 0.626953 0.494141 10
0 0.500069 -3.019679 0.160026 0.685547 0.353516 15
0 -0.510000 -2.040001 -0.560000 0.505859 0.373047 10
0 -0.480000 -2.049999 0.590000 0.505859 0.373047 10
0 0.400000 -2.080000 0.660000 0.623047 0.373047 10
0 0.620000 -2.059999 0.000000 0.685547 0.494141 10
0 0.309881 -3.029917 0.699876 0.623047 0.255859 15
0 0.400000 -2.080000 0.660000 0.525391 0.376953 10
0 0.620000 -2.059999 0.000000 0.505859 0.435547 10
0 0.260069 -2.979916 -0.310124 0.642578 0.353516 15
0 0.350000 -2.029999 -0.670000 0.623047 0.373047 10
0 0.400000 -2.080000 0.660000 0.744141 0.494141 10
26
-0.944456 -0.084584 -0.317565
0.938267 0.006397 0.345853
0.021305 -0.249325 0.968186
-0.692396 -0.062652 -0.718793
-0.483565 0.069462 0.872548
-0.062152 0.057222 0.996425
0.645735 -0.202087 -0.736334
-0.915548 -0.008704 -0.402114
0.125674 -0.263538 0.956427
-0.110225 -0.064638 -0.991803
-0.010482 0.999905 0.008967
0.010342 0.999689 0.022680
0.013441 0.999534 0.027397
0.874709 -0.160027 -0.457467
-0.913156 -0.054340 0.403973
0.978569 -0.032505 -0.203337
0.535633 -0.102580 0.838197
0.889461 -0.063342 -0.452600
0.068953 -0.078818 -0.994501
-0.993007 -0.047592 -0.108036
-0.061611 0.069835 0.995654
0.025398 0.999007 0.036603
0.019637 0.999129 0.036824
0.887933 -0.048697 -0.457387
0.127374 -0.104512 0.986333
-0.946709 -0.055607 -0.317255
23
0 0 1 2 0 1 2 1
0 3 4 5 3 4 5 1
0 6 7 3 6 7 3 1
0 8 9 6 8 9 6 1
0 10 11 12 10 11 12 1
0 13 14 2 13 14 2 1
0 2 15 13 2 15 13 1
0 6 16 8 6 16 8 1
0 3 17 6 3 17 6 1
0 5 18 3 5 18 3 1
0 2 19 0 2 19 0 1
0 2 1 15 2 1 15 1
0 5 4 20 5 4 20 1
0 3 7 4 3 7 4 1
0 6 9 7 6 9 7 1
0 12 21 22 12 21 22 1
0 12 11 21 12 11 21 1
0 2 14 19 2 14 19 1
0 13 15 23 13 15 23 1
0 8 16 24 8 16 24 1
0 6 17 16 6 17 16 1
0 3 18 17 3 18 17 1
0 0 19 25 0 19 25 1
"Head" 0 0
70
0 0.830000 1.000000 0.240000 0.576172 0.802734 1
0 0.550000 0.891830 0.777577 0.607422 0.810547 1
0 0.730000 1.403694 0.830712 0.623047 0.771484 1
0 -0.730000 0.460000 0.230000 0.572266 0.841797 1
0 -0.820000 1.000000 0.240000 0.576172 0.802734 1
0 -0.540000 0.891830 0.777577 0.607422 0.810547 1
0 0.619130 2.129149 -0.034012 0.732422 0.775391 1
0 0.029130 2.233605 0.046849 0.689453 0.767578 1
0 0.019130 2.242310 -0.559603 0.689453 0.783203 1
0 -0.450870 1.928942 -0.751645 0.654297 0.814453 1
0 -0.630870 2.129149 -0.034012 0.638672 0.775391 1
0 -0.830870 1.833191 -0.286699 0.626953 0.806641 1
0 0.720000 1.865041 0.347414 0.736328 0.966797 1
0 0.000000 1.664455 0.947608 0.685547 0.974609 1
0 -0.000000 2.091362 0.367629 0.685547 0.947266 1
0 -0.630870 2.129149 -0.034012 0.642578 0.884766 1
0 0.029130 2.233605 0.046849 0.689453 0.876953 1
0 0.040000 2.094111 0.376140 0.689453 0.919922 1
0 0.649565 1.725876 -0.767338 0.740234 0.837891 1
0 0.469130 1.928942 -0.741538 0.720703 0.814453 1
0 0.004565 1.596681 -1.020823 0.685547 0.849609 1
0 -0.830870 1.833191 -0.286699 0.626953 0.912109 1
0 -0.690000 1.865041 0.347414 0.634766 0.966797 1
0 0.619130 2.129149 -0.034012 0.728516 0.884766 1
0 0.009130 1.972466 -0.974011 0.689453 0.818359 1
0 -0.650435 1.725876 -0.767338 0.630859 0.837891 1
0 0.819130 1.815781 -0.286699 0.744141 0.806641 1
0 -0.730000 1.612606 -0.390434 0.634766 0.982422 1
0 -0.650435 1.725876 -0.767338 0.646484 0.974609 1
0 -0.650435 1.725876 -0.767338 0.634766 0.943359 1
0 -0.860000 1.664834 0.003759 0.626953 0.974609 1
0 0.000000 1.664455 0.947608 0.564453 0.876953 1
0 0.000000 1.200880 0.984802 0.564453 0.912109 1
0 -0.720000 1.403694 0.830712 0.505859 0.896484 1
0 0.649565 1.725876 -0.767338 0.736328 0.943359 1
0 0.649565 1.725876 -0.767338 0.724609 0.974609 1
0 0.740000 1.612606 -0.390434 0.736328 0.982422 1
0 0.870000 1.664834 0.003759 0.744141 0.974609 1
0 0.819130 1.815781 -0.286699 0.744141 0.912109 1
0 0.730000 1.403694 0.830712 0.623047 0.896484 1
0 -0.720000 1.403694 0.830712 0.634766 0.994141 1
0 0.730000 1.403694 0.830712 0.736328 0.994141 1
0 0.740000 0.460000 0.230000 0.572266 0.841797 1
0 0.520000 0.090000 0.180000 0.568359 0.873047 1
0 0.460000 0.050000 0.620000 0.599609 0.873047 1
0 -0.540000 0.891830 0.777577 0.517578 0.935547 1
0 0.550000 0.891830 0.777577 0.611328 0.935547 1
0 -0.450000 0.050000 0.620000 0.599609 0.873047 1
0 0.000000 0.640727 0.825399 0.564453 0.955078 1
0 0.000000 0.060000 0.680000 0.564453 0.994141 1
0 -0.450000 0.050000 0.620000 0.525391 0.994141 1
0 0.460000 0.050000 0.620000 0.603516 0.994141 1
0 0.830000 1.040000 0.000000 0.548828 0.798828 1
0 0.720000 1.180000 -0.450000 0.505859 0.787109 1
0 0.660000 0.280000 -0.250000 0.521484 0.857422 1
0 -0.820000 1.040000 0.000000 0.548828 0.798828 1
0 -0.710000 1.180000 -0.450000 0.505859 0.787109 1
0 -0.730000 1.612606 -0.390434 0.509766 0.759766 1
0 0.990000 0.960000 0.130000 0.564453 0.806641 1
0 0.890000 0.530000 0.090000 0.560547 0.837891 1
0 0.740000 1.612606 -0.390434 0.509766 0.759766 1
0 0.870000 1.664834 0.003759 0.552734 0.755859 1
0 0.750000 0.470000 0.000000 0.548828 0.841797 1
0 -0.720000 1.403694 0.830712 0.623047 0.771484 1
0 -0.860000 1.664834 0.003759 0.552734 0.755859 1
0 -0.650000 0.280000 -0.250000 0.521484 0.857422 1
0 -0.980000 0.960000 0.130000 0.564453 0.806641 1
0 -0.510000 0.090000 0.180000 0.568359 0.873047 1
0 -0.740000 0.470000 0.000000 0.548828 0.841797 1
0 -0.880000 0.530000 0.090000 0.560547 0.837891 1
69
-0.919713 -0.051860 -0.389151
-0.879001 0.225851 -0.419940
-0.944158 0.174808 -0.279298
0.837436 0.424654 -0.344049
0.919713 -0.051860 -0.389151
0.879001 0.225851 -0.419940
-0.442175 -0.868048 0.225776
-0.008880 -0.999860 -0.014206
-0.010283 -0.952358 0.304810
0.489096 -0.624992 0.608416
0.412207 -0.880543 0.233945
0.625833 -0.686553 0.370104
-0.630803 -0.548951 -0.548399
0.004198 -0.770020 -0.638005
-0.044148 -0.362790 -0.930825
0.486403 -0.781437 -0.390856
-0.010692 -0.920863 -0.389740
-0.037096 -0.790604 -0.611204
-0.510752 -0.538936 0.669836
-0.513209 -0.615498 0.598146
-0.003792 -0.251302 0.967901
0.976557 -0.213599 -0.026689
0.712004 -0.622693 -0.324505
-0.498578 -0.793937 -0.347972
-0.008902 -0.540789 0.841111
0.491722 -0.536262 0.686027
-0.663193 -0.664142 0.345095
0.927977 0.254346 0.272336
0.000000 0.000000 0.000000
0.919562 0.283262 0.272338
0.997802 -0.058283 0.031523
0.001262 -0.079977 -0.996796
0.001671 0.130318 -0.991471
0.223872 0.055479 -0.973038
-0.934530 0.214310 0.284121
-0.938881 0.194805 0.283821
-0.994108 -0.089623 0.060970
-0.964555 -0.262038 0.031155
-0.220795 0.054882 -0.973775
0.681705 -0.549889 -0.482598
-0.698620 -0.524711 -0.486425
-0.837436 0.424654 -0.344049
-0.854398 0.516137 -0.060062
-0.894931 0.358601 -0.265524
0.214209 0.218785 -0.951971
-0.210715 0.218402 -0.952838
0.894931 0.358601 -0.265524
0.001615 0.239734 -0.970837
0.001327 0.242877 -0.970056
0.150621 0.220351 -0.963721
-0.147658 0.220274 -0.964197
-0.956119 -0.074554 0.283335
-0.964067 0.067986 0.256812
-0.942310 0.314555 0.114486
0.956119 -0.074554 0.283335
0.964067 0.067986 0.256812
0.961231 0.035381 0.273465
-0.986550 -0.163313 -0.006881
-0.811556 0.576597 0.094405
-0.961231 0.035381 0.273464
-0.997836 0.041770 0.050776
-0.809083 0.386738 0.442513
0.944158 0.174808 -0.279298
0.997836 0.041770 0.050776
0.942310 0.314555 0.114486
0.986550 -0.163313 -0.006881
0.854398 0.516137 -0.060062
0.809083 0.386738 0.442513
0.811556 0.576597 0.094405
82
0 0 1 2 0 1 2 1
0 3 4 5 3 4 5 1
0 6 7 8 6 7 8 1
0 9 10 11 9 10 11 1
0 12 13 14 12 13 14 1
0 15 16 17 15 16 17 1
0 8 7 10 8 7 10 1
0 18 19 20 18 19 20 1
0 21 15 22 21 15 22 1
0 17 16 23 17 16 23 1
0 19 6 8 19 6 8 1
0 9 20 24 9 20 24 1
0 24 20 19 24 20 19 1
0 8 10 9 8 10 9 1
0 24 8 9 24 8 9 1
0 19 8 24 19 8 24 1
0 20 9 25 20 9 25 1
0 26 6 19 26 6 19 1
0 19 18 26 19 18 26 1
0 11 25 9 11 25 9 1
0 27 28 29 27 28 29 1
0 29 21 30 29 21 30 1
0 29 30 27 29 30 27 1
0 22 15 17 22 15 17 1
0 31 32 33 31 32 33 1
0 14 13 22 14 13 22 1
0 17 14 22 17 14 22 1
0 34 35 36 34 28 35 1
0 34 36 37 34 35 36 1
0 38 34 37 37 34 36 1
0 12 23 38 12 23 37 1
0 17 23 12 17 23 12 1
0 12 14 17 12 14 17 1
0 39 32 31 38 32 31 1
0 40 22 13 39 22 13 1
0 13 12 41 13 12 40 1
0 42 43 44 41 42 43 1
0 45 33 32 44 33 32 1
0 32 39 46 32 38 45 1
0 3 5 47 3 5 46 1
0 48 49 50 47 48 49 1
0 51 49 48 50 48 47 1
0 46 48 32 45 47 32 1
0 32 48 45 32 47 44 1
0 52 53 54 51 52 53 1
0 55 56 57 54 55 56 1
0 58 59 42 57 58 41 1
0 54 43 42 53 42 41 1
0 1 0 42 1 0 41 1
0 60 53 52 59 52 51 1
0 0 2 61 0 2 60 1
0 52 61 60 51 60 59 1
0 54 62 52 53 61 51 1
0 42 62 54 41 61 53 1
0 58 52 62 57 51 61 1
0 0 52 58 0 51 57 1
0 62 42 59 61 41 58 1
0 59 58 62 58 57 61 1
0 42 0 58 41 0 57 1
0 63 5 4 62 5 4 1
0 57 64 55 56 63 54 1
0 4 55 64 4 54 63 1
0 65 56 55 64 55 54 1
0 66 55 4 65 54 4 1
0 3 67 65 3 66 64 1
0 55 68 65 54 67 64 1
0 65 68 3 64 67 3 1
0 69 3 68 68 3 67 1
0 3 69 66 3 68 65 1
0 68 55 66 67 54 65 1
0 66 4 3 65 4 3 1
0 66 69 68 65 68 67 1
0 22 40 30 22 39 30 1
0 37 41 12 36 40 12 1
0 22 30 21 22 30 21 1
0 38 37 12 37 36 12 1
0 48 46 51 47 45 50 1
0 50 45 48 49 44 47 1
0 47 67 3 46 66 3 1
0 44 1 42 43 1 41 1
0 64 63 4 63 62 4 1
0 61 52 0 60 51 0 1
"Face" 0 1
33
0 0.000000 0.360000 -1.030000 0.507812 0.664064 1
0 0.000000 0.440000 -1.220000 0.507812 0.632812 1
0 -0.170000 0.530000 -1.000000 0.398436 0.585936 1
0 0.000000 0.530000 -1.230000 0.507812 0.585936 1
0 -0.210000 -0.190000 -0.760000 0.382812 0.960936 1
0 0.000000 -0.190000 -0.840000 0.507812 0.960936 1
0 0.000000 -0.240000 -0.700000 0.507812 0.976564 1
0 0.000000 0.880000 -0.990000 0.507812 0.414064 1
0 0.570000 0.920000 -0.700000 0.789064 0.382812 1
0 0.720000 1.180000 -0.450000 0.867188 0.257812 1
0 0.570000 1.090000 -0.860000 0.789064 0.304688 1
0 0.740000 1.612606 -0.390434 0.882812 0.054688 1
0 0.180000 0.530000 -1.000000 0.601564 0.585936 1
0 0.560000 0.510000 -0.760000 0.789064 0.601564 1
0 0.220000 -0.190000 -0.760000 0.617188 0.960936 1
0 0.649565 1.725876 -0.767338 0.789064 0.023436 1
0 0.004565 1.596681 -1.020823 0.507812 0.070312 1
0 0.490000 0.000000 -0.400000 0.757812 0.851564 1
0 0.660000 0.280000 -0.250000 0.835936 0.710936 1
0 -0.480000 0.000000 -0.400000 0.242188 0.851564 1
0 -0.650000 0.280000 -0.250000 0.164064 0.710936 1
0 -0.510000 0.090000 0.180000 0.023436 0.882812 1
0 0.520000 0.090000 0.180000 0.976564 0.882812 1
0 -0.550000 0.510000 -0.760000 0.210936 0.601564 1
0 0.000000 1.050000 -1.070000 0.507812 0.320312 1
0 0.460000 0.050000 0.620000 0.976564 0.976564 1
0 -0.560000 0.920000 -0.700000 0.210936 0.382812 1
0 -0.710000 1.180000 -0.450000 0.132812 0.257812 1
0 -0.560000 1.090000 -0.860000 0.210936 0.304688 1
0 -0.650435 1.725876 -0.767338 0.210936 0.023436 1
0 -0.730000 1.612606 -0.390434 0.117188 0.054688 1
0 -0.450000 0.050000 0.620000 0.023436 0.976564 1
0 0.000000 0.060000 0.680000 0.507812 0.976564 1
33
0.011075 0.518787 0.854832
0.016276 0.637440 0.770328
0.650065 0.080147 0.755640
0.014962 -0.262357 0.964855
0.510549 0.684538 0.520334
0.005566 0.711987 0.702170
0.003094 0.999817 -0.018882
0.006387 0.137023 0.990547
-0.689112 0.106886 0.716728
-0.928450 0.080260 0.362684
-0.690803 0.195697 0.696056
-0.952856 0.039668 0.300820
-0.638149 0.080885 0.765652
-0.804925 0.168216 0.569033
-0.503392 0.687718 0.523107
-0.740779 -0.005195 0.671728
0.000329 -0.092666 0.995697
-0.801981 0.576582 0.156140
-0.920519 0.345065 0.183233
0.801981 0.576582 0.156140
0.920519 0.345065 0.183233
0.554362 0.827573 -0.088351
-0.550514 0.830044 -0.089229
0.804925 0.168216 0.569033
0.002811 0.174048 0.984733
-0.285681 0.952036 -0.109604
0.690902 0.108230 0.714802
0.928450 0.080260 0.362684
0.693730 0.198588 0.692316
0.746132 0.009102 0.665736
0.955557 0.049747 0.290580
0.289185 0.950895 -0.110323
0.000072 0.977176 -0.212430
50
0 0 1 2 0 1 2 1
0 1 3 2 1 3 2 1
0 0 2 4 0 2 4 1
0 5 4 6 5 4 6 1
0 3 7 2 3 7 2 1
0 8 9 10 8 9 10 1
0 10 9 11 10 9 11 1
0 7 8 10 7 8 10 1
0 0 12 1 0 12 1 1
0 13 12 14 13 12 14 1
0 15 16 10 15 16 10 1
0 9 8 13 9 8 13 1
0 17 18 13 17 18 13 1
0 19 20 21 19 20 21 1
0 4 19 21 4 19 21 1
0 22 18 17 22 18 17 1
0 17 13 14 17 13 14 1
0 19 23 20 19 23 20 1
0 14 12 0 14 12 0 1
0 5 6 14 5 6 14 1
0 24 10 16 24 10 16 1
0 24 7 10 24 7 10 1
0 12 8 7 12 8 7 1
0 25 22 6 25 22 6 1
0 3 12 7 3 12 7 1
0 12 3 1 12 3 1 1
0 23 26 27 23 26 27 1
0 2 26 23 2 26 23 1
0 28 7 24 28 7 24 1
0 16 28 24 16 28 24 1
0 7 26 2 7 26 2 1
0 13 8 12 13 8 12 1
0 2 23 4 2 23 4 1
0 28 26 7 28 26 7 1
0 16 29 28 16 29 28 1
0 28 29 30 28 29 30 1
0 26 28 27 26 28 27 1
0 6 22 14 6 22 14 1
0 23 19 4 23 19 4 1
0 31 32 6 31 32 6 1
0 14 22 17 14 22 17 1
0 6 4 21 6 4 21 1
0 27 20 23 27 20 23 1
0 13 18 9 13 18 9 1
0 11 15 10 11 15 10 1
0 30 27 28 30 27 28 1
0 6 21 31 6 21 31 1
0 6 32 25 6 32 25 1
0 4 5 0 4 5 0 1
0 0 5 14 0 5 14 1
"R hand" 0 0
37
0 0.550000 -0.630000 -0.770000 0.435547 0.931641 5
0 0.550000 -0.630000 -0.450000 0.435547 0.931641 5
0 0.380000 0.000000 0.390000 0.427734 0.888672 5
0 0.380000 0.000000 -0.290000 0.427734 0.888672 5
0 0.160000 -0.740000 -0.770000 0.412109 0.939453 5
0 -0.190000 0.000000 -0.290000 0.388672 0.888672 5
0 0.030000 -1.270000 0.500000 0.404297 0.970703 5
0 0.290000 -1.530000 0.430000 0.419922 0.990234 5
0 -0.210000 -1.370000 0.500000 0.388672 0.978516 5
0 -0.140000 -0.840000 -0.580000 0.439453 0.943359 5
0 0.030000 -1.270000 -0.510000 0.455078 0.974609 5
0 -0.140000 -0.840000 0.560000 0.439453 0.943359 5
0 0.030000 -1.640000 -0.450000 0.404297 0.994141 5
0 0.030000 -1.640000 0.430000 0.404297 0.994141 5
0 0.290000 -1.530000 -0.450000 0.419922 0.990234 5
0 -0.400000 -0.950000 0.560000 0.376953 0.951172 5
0 -0.190000 0.000000 0.390000 0.388672 0.888672 5
0 0.030000 0.220000 0.050000 0.404297 0.876953 5
0 0.350000 -1.270000 -0.770000 0.423828 0.970703 5
0 0.350000 -1.270000 -0.450000 0.423828 0.970703 5
0 0.550000 -1.270000 -0.770000 0.435547 0.970703 5
0 -0.140000 -0.840000 -0.580000 0.392578 0.943359 5
0 -0.400000 -0.950000 -0.580000 0.376953 0.951172 5
0 0.380000 0.000000 0.390000 0.482422 0.876953 5
0 0.550000 -0.630000 -0.450000 0.494141 0.923828 5
0 0.160000 -0.740000 -0.450000 0.462891 0.931641 5
0 0.550000 -1.270000 -0.450000 0.494141 0.974609 5
0 0.350000 -1.270000 -0.450000 0.478516 0.974609 5
0 -0.210000 -1.370000 -0.510000 0.388672 0.978516 5
0 0.350000 -1.270000 -0.770000 0.478516 0.974609 5
0 0.030000 -1.270000 -0.510000 0.404297 0.970703 5
0 0.550000 -1.270000 -0.450000 0.435547 0.970703 5
0 -0.140000 -0.840000 0.560000 0.392578 0.943359 5
0 0.290000 -1.530000 -0.450000 0.474609 0.994141 5
0 0.030000 -1.270000 0.500000 0.455078 0.974609 5
0 0.160000 -0.740000 -0.770000 0.462891 0.931641 5
0 0.290000 -1.530000 0.430000 0.474609 0.994141 5
36
-0.773263 -0.330128 0.541369
-0.991329 -0.131401 0.000000
-0.654227 -0.638956 -0.404626
-0.461049 -0.785873 0.412114
0.188648 -0.192483 0.962997
0.437765 -0.590319 0.678148
-0.059161 0.141379 -0.988186
-0.226339 0.536154 -0.813209
0.554019 0.463641 -0.691448
-0.906331 0.422569 0.000000
-0.871797 -0.489867 0.000000
-0.895673 0.441322 -0.054807
0.081352 0.692840 0.716488
0.179410 0.944340 -0.275741
-0.354903 0.838863 0.412738
0.532573 0.068671 -0.843594
0.622646 -0.538189 -0.568036
0.054032 -0.998539 0.000000
0.000000 0.707107 0.707107
0.000000 1.000000 0.000000
-0.333333 0.666667 0.666667
0.157722 -0.073461 0.984747
0.893071 0.049794 0.447152
-0.581447 0.679963 -0.446732
-0.078523 0.278401 -0.957250
0.146164 0.835591 -0.529550
0.000000 0.000000 -1.000000
0.420980 0.150917 -0.894427
0.517490 0.506742 0.689504
0.941339 0.337461 0.000000
-0.063903 0.152547 0.986228
-0.894427 0.447214 0.000000
0.010637 -0.092102 -0.995693
-0.707107 -0.707107 0.000000
-0.796113 -0.605148 0.000000
0.136912 0.990583 0.000000
46
0 0 1 2 0 1 2 1
0 3 0 2 3 0 2 1
0 4 0 5 4 0 5 1
0 6 7 8 6 7 8 1
0 9 10 11 9 10 11 1
0 12 13 14 12 13 14 1
0 8 15 6 8 15 6 1
0 16 5 17 16 5 17 1
0 18 19 20 18 19 20 1
0 21 5 22 21 5 22 1
0 3 2 17 3 2 17 1
0 2 16 17 2 16 17 1
0 5 3 17 5 3 17 1
0 23 24 25 23 24 25 1
0 26 27 24 26 27 24 1
0 28 22 8 28 22 8 1
0 27 29 25 27 29 25 1
0 28 12 30 28 12 30 1
0 18 20 4 18 20 4 1
0 30 21 28 30 21 28 1
0 22 5 16 22 5 16 1
0 21 4 5 21 4 5 1
0 8 13 28 8 13 28 1
0 21 22 28 21 22 28 1
0 1 0 31 1 0 31 1
0 15 16 32 15 16 32 1
0 15 22 16 15 22 16 1
0 0 3 5 0 3 5 1
0 11 23 25 11 23 25 1
0 10 33 34 10 33 34 1
0 16 2 32 16 2 32 1
0 25 35 11 25 35 11 1
0 8 7 13 8 7 13 1
0 11 10 34 11 10 34 1
0 14 13 7 14 13 7 1
0 6 15 32 6 15 32 1
0 20 19 31 20 19 31 1
0 24 27 25 24 27 25 1
0 8 22 15 8 22 15 1
0 25 29 35 25 29 35 1
0 30 12 14 30 12 14 1
0 4 20 0 4 20 0 1
0 28 13 12 28 13 12 1
0 31 0 20 31 0 20 1
0 34 33 36 34 33 33 1
0 11 35 9 11 35 9 1
"L hand" 0 0
40
0 -0.370000 0.000000 0.390000 0.427734 0.888672 12
0 -0.540000 -0.630000 -0.450000 0.435547 0.931641 12
0 -0.540000 -0.630000 -0.770000 0.435547 0.931641 12
0 -0.370000 0.000000 -0.290000 0.427734 0.888672 12
0 0.200000 0.000000 -0.290000 0.388672 0.888672 12
0 -0.150000 -0.740000 -0.770000 0.412109 0.939453 12
0 0.220000 -1.370000 0.500000 0.388672 0.978516 12
0 -0.020000 -1.640000 0.430000 0.404297 0.994141 12
0 -0.020000 -1.270000 0.500000 0.404297 0.970703 12
0 0.150000 -0.840000 0.560000 0.439453 0.943359 12
0 -0.020000 -1.270000 0.500000 0.455078 0.974609 12
0 0.150000 -0.840000 -0.580000 0.439453 0.943359 12
0 -0.280000 -1.530000 -0.450000 0.419922 0.990234 12
0 -0.280000 -1.530000 0.430000 0.419922 0.990234 12
0 -0.020000 -1.640000 -0.450000 0.404297 0.994141 12
0 0.150000 -0.840000 0.560000 0.392578 0.943359 12
0 -0.020000 0.220000 0.050000 0.404297 0.876953 12
0 0.200000 0.000000 0.390000 0.388672 0.888672 12
0 -0.540000 -1.270000 -0.770000 0.435547 0.970703 12
0 -0.540000 -1.270000 -0.450000 0.435547 0.970703 12
0 -0.340000 -1.270000 -0.770000 0.423828 0.970703 12
0 0.410000 -0.950000 -0.580000 0.376953 0.951172 12
0 0.150000 -0.840000 -0.580000 0.392578 0.943359 12
0 -0.150000 -0.740000 -0.450000 0.462891 0.931641 12
0 -0.540000 -0.630000 -0.450000 0.494141 0.923828 12
0 -0.370000 0.000000 0.390000 0.482422 0.876953 12
0 -0.540000 -1.270000 -0.450000 0.494141 0.974609 12
0 0.410000 -0.950000 0.560000 0.376953 0.951172 12
0 0.220000 -1.370000 -0.510000 0.388672 0.978516 12
0 -0.150000 -0.740000 -0.770000 0.462891 0.931641 12
0 -0.340000 -1.270000 -0.450000 0.478516 0.974609 12
0 -0.020000 -1.270000 -0.510000 0.404297 0.970703 12
0 0.200000 0.000000 -0.290000 0.406250 0.888672 12
0 -0.150000 -0.740000 -0.770000 0.425781 0.939453 12
0 0.150000 -0.840000 -0.580000 0.410156 0.943359 12
0 -0.280000 -1.530000 0.430000 0.474609 0.994141 12
0 -0.020000 -1.270000 -0.510000 0.455078 0.974609 12
0 -0.340000 -1.270000 -0.450000 0.423828 0.970703 12
0 -0.340000 -1.270000 -0.770000 0.478516 0.974609 12
0 -0.280000 -1.530000 -0.450000 0.474609 0.994141 12
37
0.654227 -0.638956 -0.404626
0.996163 -0.087515 0.000000
0.572630 -0.332028 0.749568
0.461049 -0.785873 0.412114
-0.401286 -0.651701 0.643627
-0.071944 -0.255074 0.964241
-0.519195 0.504065 -0.690185
-0.072822 0.704654 -0.705805
0.068417 0.163251 -0.984209
0.888035 0.451540 -0.086641
0.871797 -0.489867 0.000000
0.906331 0.422569 0.000000
0.219521 0.519886 0.825548
0.355984 0.841417 -0.406563
-0.183516 0.942639 0.278844
0.004600 -0.038962 -0.999230
-0.054032 -0.998539 0.000000
-0.622646 -0.538189 -0.568036
0.816497 0.408248 0.408248
0.447214 0.894427 0.000000
0.000000 0.707107 0.707107
-0.834868 -0.056094 0.547585
-0.006073 -0.013637 0.999889
0.166429 0.766303 -0.620549
0.119343 0.423124 -0.898178
0.581447 0.679963 -0.446732
0.000000 0.000000 -1.000000
-0.811123 0.153160 -0.564466
-0.461071 0.414412 0.784651
-0.694326 0.719660 0.000000
-0.841960 0.301835 -0.447214
0.062215 0.149316 0.986830
-0.574890 -0.236235 0.783387
0.707107 -0.707107 0.000000
0.796113 -0.605148 0.000000
0.000000 1.000000 0.000000
-0.941339 0.337461 0.000000
46
0 0 1 2 0 1 2 1
0 0 2 3 0 2 3 1
0 4 2 5 4 2 5 1
0 6 7 8 6 7 8 1
0 9 10 11 9 10 11 1
0 12 13 14 12 13 14 1
0 8 15 6 8 15 6 1
0 16 4 17 16 4 17 1
0 18 19 20 18 19 20 1
0 21 4 22 21 4 22 1
0 16 0 3 16 0 3 1
0 16 17 0 16 17 0 1
0 16 3 4 16 3 4 1
0 23 24 25 23 24 25 1
0 24 23 26 24 23 26 1
0 6 27 28 6 27 28 1
0 23 29 30 23 29 30 1
0 31 12 28 31 12 28 1
0 5 2 20 5 2 20 1
0 28 22 31 28 22 31 1
0 17 4 21 17 4 21 1
0 32 33 34 32 32 32 1
0 28 14 6 28 14 6 1
0 28 21 22 28 21 22 1
0 19 18 1 19 18 1 1
0 15 17 27 15 17 27 1
0 17 21 27 17 21 27 1
0 4 3 2 4 3 2 1
0 23 25 9 23 25 9 1
0 10 35 36 10 33 34 1
0 15 0 17 15 0 17 1
0 9 11 23 9 11 23 1
0 8 7 13 8 7 13 1
0 11 10 36 11 10 34 1
0 14 13 7 14 13 7 1
0 6 15 27 6 15 27 1
0 20 19 37 20 19 35 1
0 26 23 30 26 23 30 1
0 28 27 21 28 27 21 1
0 30 29 38 30 29 36 1
0 28 12 14 28 12 14 1
0 20 2 18 20 2 18 1
0 6 14 7 6 14 7 1
0 1 18 2 1 18 2 1
0 36 35 39 34 33 33 1
0 23 11 29 23 11 29 1

Materials: 2
"Vram"
0.200000 0.200000 0.200000 1.000000
0.800000 0.800000 0.800000 1.000000
0.000000 0.000000 0.000000 1.000000
1.000000 1.000000 1.000000 1.000000
0.000000
1.000000
".\johnny.bmp"
""
"Face"
0.200000 0.200000 0.200000 1.000000
0.800000 0.800000 0.800000 1.000000
0.000000 0.000000 0.000000 1.000000
1.000000 1.000000 1.000000 1.000000
0.000000
1.000000
".\face.ini"
""

Bones: 16
"torso"
""
8 0.000000 0.000000 0.000000 0.000000 0.000000 0.000000
0
0
"head"
""
8 0.000000 0.000000 0.000000 0.000000 0.000000 0.000000
0
0
"pelvis"
""
8 0.000000 0.000000 0.000000 0.000000 0.000000 0.000000
0
0
"r lower arm"
""
8 0.000000 0.000000 0.000000 0.000000 0.000000 0.000000
0
0
"r foot"
""
8 0.000000 0.000000 0.000000 0.000000 0.000000 0.000000
0
0
"r hand"
""
8 0.000000 0.000000 0.000000 0.000000 0.000000 0.000000
0
0
"r leg"
""
8 0.000000 0.000000 0.000000 0.000000 0.000000 0.000000
0
0
"r thigh"
""
8 0.000000 0.000000 0.000000 0.000000 0.000000 0.000000
0
0
"r upper arm"
""
8 0.000000 0.000000 0.000000 0.000000 0.000000 0.000000
0
0
"neck"
""
8 0.000000 0.000000 0.000000 0.000000 0.000000 0.000000
0
0
"l lower arm"
""
8 0.000000 0.000000 0.000000 0.000000 0.000000 0.000000
0
0
"l foot"
""
8 0.000000 0.000000 0.000000 0.000000 0.000000 0.000000
0
0
"l hand"
""
8 0.000000 0.000000 0.000000 0.000000 0.000000 0.000000
0
0
"l leg"
""
8 0.000000 0.000000 0.000000 0.000000 0.000000 0.000000
0
0
"l thigh"
""
8 0.000000 0.000000 0.000000 0.000000 0.000000 0.000000
0
0
"l upper arm"
""
8 0.000000 0.000000 0.000000 0.000000 0.000000 0.000000
0
0
