// MilkShape 3D ASCII

Frames: 1
Frame: 1

Meshes: 14
"Mesh0" 0 0
25
0 0.765500 3.457417 -0.414000 0.000000 0.000000 0
0 1.174109 3.521060 -0.503432 0.000000 0.000000 0
0 1.179957 3.548252 0.451452 0.000000 0.000000 0
0 0.765500 3.457417 0.414000 0.000000 0.000000 0
0 1.348446 2.688468 0.519645 0.000000 0.000000 0
0 0.765500 2.705076 0.414000 0.000000 0.000000 0
0 0.765500 2.705076 -0.414000 0.000000 0.000000 0
0 1.365585 2.624617 -0.646822 0.000000 0.000000 0
0 -0.765500 3.457417 0.414000 0.000000 0.000000 0
0 -1.179957 3.548252 0.451452 0.000000 0.000000 0
0 -1.174109 3.521060 -0.503432 0.000000 0.000000 0
0 -0.765500 3.457417 -0.414000 0.000000 0.000000 0
0 -0.765500 2.705076 0.414000 0.000000 0.000000 0
0 -1.348446 2.688468 0.519644 0.000000 0.000000 0
0 -1.365585 2.624617 -0.646823 0.000000 0.000000 0
0 -0.765500 2.705076 -0.414000 0.000000 0.000000 0
0 0.108718 -2.393917 -0.092127 0.000000 0.000000 15
0 0.093556 -3.019619 -0.355609 0.000000 0.000000 15
0 0.293971 -3.028481 0.125979 0.000000 0.000000 15
0 0.097415 -3.037342 0.607568 0.000000 0.000000 15
0 0.108718 -2.393917 0.387724 0.000000 0.000000 15
0 -0.328992 -3.037342 0.607544 0.000000 0.000000 15
0 -0.436748 -2.393917 0.387724 0.000000 0.000000 15
0 -0.436748 -2.393917 -0.092127 0.000000 0.000000 15
0 -0.332851 -3.019619 -0.355632 0.000000 0.000000 15
25
0.555631 -0.040951 -0.830420
0.962961 0.251133 -0.098180
0.978388 0.205890 -0.019151
0.460758 -0.026167 0.887140
-0.112306 -0.532182 0.623678
0.980445 -0.182596 0.073394
0.975932 -0.153024 -0.155369
0.112666 -0.675464 -0.522792
-0.460758 -0.026166 0.887140
-0.978388 0.205890 -0.019151
-0.962961 0.251133 -0.098181
-0.555631 -0.040951 -0.830420
-0.980445 -0.182596 0.073394
0.177564 -0.446879 0.663656
-0.045122 -0.615498 -0.560047
-0.975932 -0.153024 -0.155369
-0.649018 -0.753272 -0.106572
-0.076412 -0.841076 -0.535492
0.982823 -0.184496 -0.004550
-0.804122 -0.490664 0.335614
-0.003981 -0.988652 0.150171
0.282991 -0.327182 0.204473
-0.092935 -0.923756 0.371535
0.869867 -0.486392 -0.082182
-0.102432 -0.653023 -0.131488
19
0 0 2 1 0 2 1 1
0 0 3 2 0 3 2 1
0 3 4 2 3 4 2 1
0 3 5 4 3 5 4 1
0 6 1 7 6 1 7 1
0 6 0 1 6 0 1 1
0 8 10 9 8 10 9 1
0 8 11 10 8 11 10 1
0 12 9 13 12 9 13 1
0 12 8 9 12 8 9 1
0 11 14 10 11 14 10 1
0 11 15 14 11 15 14 1
0 16 18 17 16 18 17 1
0 16 19 18 16 19 18 1
0 19 16 20 19 16 20 1
0 21 20 22 21 20 22 1
0 16 24 23 16 24 23 1
0 20 21 19 20 21 19 1
0 24 16 17 24 16 17 1
"Mesh1" 0 1
158
0 0.765500 3.457417 0.414000 0.000000 0.000000 0
0 0.765500 2.705076 0.414000 0.000000 0.000000 0
0 1.307601 2.705076 0.414000 0.000000 0.000000 0
0 1.307601 2.705076 -0.414000 0.000000 0.000000 0
0 0.765500 2.705076 -0.414000 0.000000 0.000000 0
0 0.765500 3.457417 -0.414000 0.000000 0.000000 0
0 1.357601 3.344917 0.414000 0.000000 0.000000 0
0 1.357601 3.344917 -0.414000 0.000000 0.000000 0
0 -1.307601 2.705076 0.414000 0.000000 0.000000 0
0 -0.765500 2.705076 0.414000 0.000000 0.000000 0
0 -0.765500 3.457417 0.414000 0.000000 0.000000 0
0 -0.765500 3.457417 -0.414000 0.000000 0.000000 0
0 -0.765500 2.705076 -0.414000 0.000000 0.000000 0
0 -1.307601 2.705076 -0.414000 0.000000 0.000000 0
0 -1.407601 3.344917 0.414000 0.000000 0.000000 0
0 -1.407601 3.344917 -0.414000 0.000000 0.000000 0
0 -1.407601 3.344917 0.414000 0.000000 0.000000 0
0 -1.407601 3.344917 -0.414000 0.000000 0.000000 0
0 -1.307601 2.705076 0.414000 0.000000 0.000000 0
0 -1.307601 2.705076 -0.414000 0.000000 0.000000 0
0 0.672117 3.545894 -0.452334 0.000000 0.000000 0
0 0.000000 3.421274 -0.900723 0.000000 0.000000 0
0 -0.672559 3.561176 -0.421945 0.000000 0.000000 0
0 0.675235 3.740818 0.299928 0.000000 0.000000 0
0 -0.675235 3.740818 0.299927 0.000000 0.000000 0
0 0.000000 3.573495 0.874257 0.000000 0.000000 0
0 0.000000 3.573495 0.874257 0.000000 0.000000 0
0 1.357601 3.344917 -0.414000 0.000000 0.000000 0
0 1.357601 3.344917 0.414000 0.000000 0.000000 0
0 1.307601 2.705076 0.414000 0.000000 0.000000 0
0 1.307601 2.705076 -0.414000 0.000000 0.000000 0
0 -0.286446 -1.460621 -0.764421 0.000000 0.000000 2
0 -0.132623 -1.583330 0.087990 0.000000 0.000000 2
0 -0.321030 -1.483333 1.168152 0.000000 0.000000 2
0 -1.012560 -0.133333 0.868152 0.000000 0.000000 2
0 -1.012560 -0.133333 0.868152 0.000000 0.000000 2
0 -0.980736 -0.333333 -0.766151 0.000000 0.000000 2
0 -1.354269 -0.083333 0.137988 0.000000 0.000000 2
0 0.286447 -1.460621 -0.764421 0.000000 0.000000 2
0 0.132623 -1.583330 0.087990 0.000000 0.000000 2
0 0.321030 -1.483333 1.168152 0.000000 0.000000 2
0 1.012560 -0.133333 0.868152 0.000000 0.000000 2
0 1.012560 -0.133333 0.868152 0.000000 0.000000 2
0 0.980736 -0.333333 -0.766151 0.000000 0.000000 2
0 1.354269 -0.083333 0.137988 0.000000 0.000000 2
0 0.413593 -0.827267 -0.266706 0.000000 0.000000 3
0 -0.119288 -0.827267 -0.346299 0.000000 0.000000 3
0 -0.119288 -0.827267 0.265591 0.000000 0.000000 3
0 0.413593 -0.827267 0.197781 0.000000 0.000000 3
0 -0.043313 -1.400653 0.477095 0.000000 0.000000 5
0 0.219494 -1.670652 0.363683 0.000000 0.000000 5
0 0.439101 -1.562653 0.316876 0.000000 0.000000 5
0 0.176294 -1.292653 0.430287 0.000000 0.000000 5
0 0.275275 -1.562653 -0.451748 0.000000 0.000000 5
0 0.055668 -1.670652 -0.404941 0.000000 0.000000 5
0 0.023291 -0.860654 0.520294 0.000000 0.000000 5
0 -0.196316 -0.968654 0.567101 0.000000 0.000000 5
0 0.381471 -1.292653 -0.761363 0.000000 0.000000 5
0 0.439980 -1.292653 -0.486854 0.000000 0.000000 5
0 0.275275 -1.292653 -0.451748 0.000000 0.000000 5
0 0.216765 -1.292653 -0.726256 0.000000 0.000000 5
0 0.439980 -0.644654 -0.486853 0.000000 0.000000 5
0 0.110570 -0.752653 -0.416643 0.000000 0.000000 5
0 -0.406950 -0.968653 -0.421129 0.000000 0.000000 5
0 -0.230542 -1.400653 -0.401333 0.000000 0.000000 5
0 0.052060 -0.752654 -0.691151 0.000000 0.000000 5
0 -0.010936 -1.292653 -0.448140 0.000000 0.000000 5
0 0.381471 -0.644654 -0.761363 0.000000 0.000000 5
0 -0.187343 -0.860654 -0.467937 0.000000 0.000000 5
0 -0.355631 -0.776206 -0.923188 0.000000 0.000000 7
0 0.356786 -1.619045 -0.816667 0.000000 0.000000 7
0 0.563555 -1.738922 -0.118920 0.000000 0.000000 7
0 0.343798 -1.620465 0.280311 0.000000 0.000000 7
0 -0.830039 0.045732 -0.049297 0.000000 0.000000 7
0 -0.379397 -0.754268 0.519855 0.000000 0.000000 7
0 -0.379397 -0.754268 0.519855 0.000000 0.000000 7
0 0.328992 -3.037342 0.607544 0.000000 0.000000 8
0 0.436748 -2.393917 0.387724 0.000000 0.000000 8
0 0.436749 -2.393917 -0.092127 0.000000 0.000000 8
0 -0.108718 -2.393917 0.387724 0.000000 0.000000 8
0 -0.059010 -3.028418 0.387724 0.000000 0.000000 8
0 0.452363 -3.028418 0.387724 0.000000 0.000000 8
0 0.452363 -3.028418 -0.092127 0.000000 0.000000 8
0 -0.059010 -3.028418 -0.092127 0.000000 0.000000 8
0 -0.108718 -2.393917 -0.092127 0.000000 0.000000 8
0 0.332851 -3.019619 -0.355632 0.000000 0.000000 8
0 0.651276 -3.028481 0.125956 0.000000 0.000000 8
0 -0.218573 -0.774411 -0.290102 0.000000 0.000000 8
0 -0.218573 -0.774411 0.537898 0.000000 0.000000 8
0 0.452363 -3.028418 -0.092127 0.000000 0.000000 8
0 -0.059010 -3.028418 0.387724 0.000000 0.000000 8
0 0.371268 -0.774412 0.491894 0.000000 0.000000 8
0 0.452363 -3.028418 0.387724 0.000000 0.000000 8
0 -0.059010 -3.028418 -0.092127 0.000000 0.000000 8
0 0.371268 -0.774412 -0.244099 0.000000 0.000000 8
0 -0.505084 0.664034 -0.129467 0.000000 0.000000 9
0 0.506593 0.656101 -0.129374 0.000000 0.000000 9
0 0.000000 0.658613 0.486568 0.000000 0.000000 9
0 0.000000 1.579060 0.410034 0.000000 0.000000 9
0 -0.505084 0.664034 -0.129467 0.000000 0.000000 9
0 0.000000 0.658613 0.486568 0.000000 0.000000 9
0 0.000000 0.658613 0.486568 0.000000 0.000000 9
0 -0.468135 1.553474 -0.135219 0.000000 0.000000 9
0 0.000000 1.511180 -0.564316 0.000000 0.000000 9
0 0.000000 0.514871 -0.612408 0.000000 0.000000 9
0 0.506593 0.656101 -0.129374 0.000000 0.000000 9
0 0.468135 1.553474 -0.135219 0.000000 0.000000 9
0 0.000000 0.514871 -0.612408 0.000000 0.000000 9
0 0.119288 -0.827267 0.265591 0.000000 0.000000 10
0 0.119288 -0.827267 -0.346299 0.000000 0.000000 10
0 -0.413593 -0.827267 0.197781 0.000000 0.000000 10
0 -0.413593 -0.827267 -0.266706 0.000000 0.000000 10
0 -0.218775 -1.292651 -0.726256 0.000000 0.000000 12
0 -0.277285 -1.292651 -0.451748 0.000000 0.000000 12
0 -0.441989 -1.292651 -0.486853 0.000000 0.000000 12
0 -0.383480 -1.292651 -0.761363 0.000000 0.000000 12
0 -0.112580 -0.752652 -0.416642 0.000000 0.000000 12
0 -0.441989 -0.644652 -0.486853 0.000000 0.000000 12
0 0.228533 -1.400651 -0.401333 0.000000 0.000000 12
0 0.404940 -0.968652 -0.421129 0.000000 0.000000 12
0 -0.054070 -0.752652 -0.691151 0.000000 0.000000 12
0 0.008926 -1.292651 -0.448140 0.000000 0.000000 12
0 -0.383480 -0.644652 -0.761363 0.000000 0.000000 12
0 0.185333 -0.860652 -0.467937 0.000000 0.000000 12
0 -0.178304 -1.292651 0.430287 0.000000 0.000000 12
0 -0.441111 -1.562651 0.316876 0.000000 0.000000 12
0 -0.221504 -1.670650 0.363683 0.000000 0.000000 12
0 0.041303 -1.400651 0.477095 0.000000 0.000000 12
0 -0.057678 -1.670650 -0.404941 0.000000 0.000000 12
0 -0.277285 -1.562651 -0.451748 0.000000 0.000000 12
0 0.194306 -0.968652 0.567101 0.000000 0.000000 12
0 -0.025301 -0.860652 0.520294 0.000000 0.000000 12
0 -0.356785 -1.619045 -0.816667 0.000000 0.000000 14
0 0.355631 -0.776206 -0.923188 0.000000 0.000000 14
0 -0.563555 -1.738922 -0.118920 0.000000 0.000000 14
0 -0.343798 -1.620465 0.280311 0.000000 0.000000 14
0 0.379397 -0.754268 0.519855 0.000000 0.000000 14
0 0.830039 0.045732 -0.049297 0.000000 0.000000 14
0 0.379397 -0.754268 0.519855 0.000000 0.000000 14
0 -0.452363 -3.028418 -0.092127 0.000000 0.000000 15
0 0.218573 -0.774411 0.537898 0.000000 0.000000 15
0 0.218573 -0.774411 -0.290102 0.000000 0.000000 15
0 -0.371268 -0.774412 0.491894 0.000000 0.000000 15
0 -0.452363 -3.028418 0.387724 0.000000 0.000000 15
0 0.059010 -3.028418 -0.092127 0.000000 0.000000 15
0 0.059010 -3.028418 0.387724 0.000000 0.000000 15
0 -0.371268 -0.774412 -0.244099 0.000000 0.000000 15
0 -0.436748 -2.393917 -0.092127 0.000000 0.000000 15
0 -0.436748 -2.393917 0.387724 0.000000 0.000000 15
0 -0.328992 -3.037342 0.607544 0.000000 0.000000 15
0 -0.452363 -3.028418 0.387724 0.000000 0.000000 15
0 0.059010 -3.028418 0.387724 0.000000 0.000000 15
0 0.108718 -2.393917 0.387724 0.000000 0.000000 15
0 0.108718 -2.393917 -0.092127 0.000000 0.000000 15
0 0.059010 -3.028418 -0.092127 0.000000 0.000000 15
0 -0.452363 -3.028418 -0.092127 0.000000 0.000000 15
0 -0.651276 -3.028481 0.125956 0.000000 0.000000 15
0 -0.332851 -3.019619 -0.355632 0.000000 0.000000 15
158
0.460758 -0.026167 0.887140
0.980445 -0.182596 0.073394
-0.019442 -0.010149 0.999519
-0.019442 -0.010149 -0.999519
0.975932 -0.153024 -0.155369
0.555631 -0.040951 -0.830420
0.420963 0.290371 0.707107
0.420963 0.290371 -0.707107
0.019442 -0.010149 0.999519
-0.980445 -0.182596 0.073394
-0.460758 -0.026166 0.887140
-0.555631 -0.040951 -0.830420
-0.975932 -0.153024 -0.155369
0.019442 -0.010149 -0.999519
-0.420963 0.290371 0.707107
-0.420962 0.290371 -0.707107
-0.420963 0.290371 0.707107
-0.420962 0.290371 -0.707107
0.019442 -0.010149 0.999519
0.019442 -0.010149 -0.999519
0.386708 0.620383 -0.656596
-0.011314 0.343909 -0.875242
-0.397128 0.621197 -0.650951
0.561818 0.781878 0.239642
-0.564741 0.778997 0.243205
0.000000 0.552046 0.800695
0.000000 0.552046 0.800695
0.420963 0.290371 -0.707107
0.420963 0.290371 0.707107
-0.019442 -0.010149 0.999519
-0.019442 -0.010149 -0.999519
0.056617 -0.334211 -0.853279
0.548797 -0.551352 0.037016
0.195458 -0.298638 0.931685
-0.501292 0.316384 0.756433
-0.501292 0.316384 0.756433
-0.670786 0.081339 -0.736990
-0.938356 0.309882 0.022214
-0.056617 -0.334211 -0.853279
-0.548797 -0.551352 0.037016
-0.195459 -0.298637 0.931685
0.501075 0.316891 0.756225
0.501075 0.316891 0.756225
0.670736 0.081581 -0.737006
0.938062 0.310344 0.022535
0.757515 -0.007550 -0.652775
-0.394189 0.040936 -0.918117
-0.401946 0.026319 0.915285
0.750367 -0.013414 0.660885
-0.375909 -0.471146 0.797943
0.008076 -0.867783 0.496878
0.868009 -0.200800 0.454136
0.764900 0.302761 0.568563
0.607391 -0.200799 -0.768606
-0.195233 -0.867782 -0.456988
0.704345 -0.190888 0.683710
-0.642504 0.000388 0.766282
0.444310 -0.577352 -0.685021
0.685019 -0.577351 0.444314
-0.382469 -0.684391 0.620747
-0.602345 -0.684391 -0.410840
0.891206 -0.176725 0.417756
0.287482 -0.772453 0.566278
-0.900460 -0.031470 -0.433799
-0.565903 -0.398445 -0.721800
-0.556502 -0.281985 -0.781531
0.466585 0.302761 -0.831044
0.523413 0.253511 -0.813493
0.001316 -0.161314 -0.986902
-0.265526 0.058917 -0.962302
0.744578 0.376264 -0.551388
0.910188 0.413034 0.031003
0.734344 0.279135 0.618726
-0.997129 0.060288 0.045818
-0.298060 0.005276 0.954533
-0.298060 0.005276 0.954533
-0.282991 -0.327182 0.204473
0.092935 -0.923756 0.371535
-0.869867 -0.486392 -0.082182
0.003981 -0.988652 0.150171
-0.705966 -0.002383 0.706267
0.469781 0.015636 0.882256
0.473664 0.022423 -0.879823
-0.705945 0.005604 -0.705624
0.649018 -0.753272 -0.106572
0.102432 -0.653023 -0.131488
0.996433 -0.058955 -0.007471
-0.413035 -0.090073 -0.906250
-0.413035 -0.090073 0.906250
0.473664 0.022423 -0.879823
-0.705966 -0.002383 0.706267
0.077693 -0.040555 0.996152
0.469781 0.015636 0.882256
-0.705945 0.005604 -0.705624
0.077693 -0.040556 -0.996152
-0.675464 0.717303 -0.170952
0.670055 0.721519 -0.174461
-0.001551 0.806216 0.591619
-0.000292 0.070037 0.997544
-0.675464 0.717303 -0.170952
-0.001551 0.806216 0.591619
-0.001551 0.806216 0.591619
-0.931609 0.045679 -0.360580
0.000000 0.048215 -0.998837
-0.001480 0.572946 -0.819592
0.670055 0.721519 -0.174461
0.931441 0.046273 -0.360937
-0.001480 0.572946 -0.819592
0.401946 0.026319 0.915285
0.394189 0.040936 -0.918117
-0.750367 -0.013414 0.660885
-0.757514 -0.007550 -0.652775
0.602344 -0.684392 -0.410840
0.382468 -0.684391 0.620747
-0.685019 -0.577351 0.444314
-0.444310 -0.577352 -0.685021
-0.287482 -0.772453 0.566278
-0.891206 -0.176724 0.417756
0.565903 -0.398445 -0.721800
0.900460 -0.031471 -0.433799
0.556502 -0.281985 -0.781530
-0.466585 0.302761 -0.831044
-0.523413 0.253511 -0.813493
-0.001316 -0.161314 -0.986902
-0.764900 0.302761 0.568563
-0.868010 -0.200800 0.454135
-0.008077 -0.867783 0.496878
0.375909 -0.471147 0.797943
0.195233 -0.867782 -0.456988
-0.607392 -0.200799 -0.768606
0.642504 0.000388 0.766282
-0.704346 -0.190888 0.683710
-0.744578 0.376264 -0.551388
0.265526 0.058917 -0.962302
-0.910188 0.413034 0.031003
-0.734344 0.279135 0.618726
0.298060 0.005276 0.954533
0.997129 0.060288 0.045818
0.298060 0.005276 0.954533
-0.473664 0.022423 -0.879823
0.413035 -0.090073 0.906250
0.413035 -0.090073 -0.906250
-0.077693 -0.040555 0.996152
-0.469781 0.015636 0.882256
0.705945 0.005604 -0.705624
0.705965 -0.002383 0.706267
-0.077693 -0.040556 -0.996152
0.869867 -0.486392 -0.082182
-0.092935 -0.923756 0.371535
0.282991 -0.327182 0.204473
-0.469781 0.015636 0.882256
0.705965 -0.002383 0.706267
-0.003981 -0.988652 0.150171
-0.649018 -0.753272 -0.106572
0.705945 0.005604 -0.705624
-0.473664 0.022423 -0.879823
-0.996433 -0.058955 -0.007471
-0.102432 -0.653023 -0.131488
148
0 0 2 1 0 2 1 1
0 3 5 4 3 5 4 1
0 2 0 6 2 0 6 1
0 5 3 7 5 3 7 1
0 0 7 6 0 7 6 1
0 0 5 7 0 5 7 1
0 8 10 9 8 10 9 1
0 11 13 12 11 13 12 1
0 10 8 14 10 8 14 1
0 13 11 15 13 11 15 1
0 11 14 15 11 14 15 1
0 11 10 14 11 10 14 1
0 46 90 47 46 90 47 1
0 46 93 90 46 93 90 1
0 47 92 48 47 92 48 1
0 46 89 93 46 89 93 1
0 89 46 45 89 46 45 1
0 92 47 90 92 47 90 1
0 49 51 50 49 51 50 1
0 49 52 51 49 52 51 1
0 53 50 51 53 50 51 1
0 53 54 50 53 54 50 1
0 52 56 55 52 56 55 1
0 52 49 56 52 49 56 1
0 57 59 58 57 59 58 1
0 57 60 59 57 60 59 1
0 61 59 62 61 59 62 1
0 61 58 59 61 58 59 1
0 49 63 56 49 63 56 1
0 49 64 63 49 64 63 1
0 62 60 65 62 60 65 1
0 62 59 60 62 59 60 1
0 66 54 53 66 54 53 1
0 66 64 54 66 64 54 1
0 65 57 67 65 57 67 1
0 65 60 57 65 60 57 1
0 64 66 68 64 66 68 1
0 64 50 54 64 50 54 1
0 64 49 50 64 49 50 1
0 64 68 63 64 68 63 1
0 58 67 57 58 67 57 1
0 58 61 67 58 61 67 1
0 52 53 51 52 53 51 1
0 52 66 53 52 66 53 1
0 55 66 52 55 66 52 1
0 55 68 66 55 68 66 1
0 69 70 31 69 70 31 1
0 70 32 31 70 32 31 1
0 70 71 32 70 71 32 1
0 71 33 32 71 33 32 1
0 71 72 33 71 72 33 1
0 73 34 74 73 34 74 1
0 33 75 35 33 75 35 1
0 36 69 31 36 69 31 1
0 34 73 37 34 73 37 1
0 72 75 33 72 75 33 1
0 87 16 88 87 16 88 1
0 87 17 16 87 17 16 1
0 88 18 91 88 18 91 1
0 87 19 17 87 19 17 1
0 19 87 94 19 87 94 1
0 18 88 16 18 88 16 1
0 76 78 77 76 78 77 1
0 79 81 80 79 81 80 1
0 82 84 83 82 84 83 1
0 78 86 85 78 86 85 1
0 78 76 86 78 76 86 1
0 81 79 77 81 79 77 1
0 84 82 78 84 82 78 1
0 84 80 83 84 80 83 1
0 84 79 80 84 79 80 1
0 102 107 103 102 107 103 1
0 97 102 98 97 102 98 1
0 97 99 102 97 99 102 1
0 20 104 21 20 104 21 1
0 105 98 106 105 98 106 1
0 105 97 98 105 97 98 1
0 104 22 21 104 22 21 1
0 107 106 103 107 106 103 1
0 104 95 22 104 95 22 1
0 96 104 20 96 104 20 1
0 99 107 102 99 107 102 1
0 107 105 106 107 105 106 1
0 23 96 20 23 96 20 1
0 95 24 22 95 24 22 1
0 24 100 25 24 100 25 1
0 101 23 26 101 23 26 1
0 100 24 95 100 24 95 1
0 23 101 96 23 101 96 1
0 144 108 145 144 108 145 1
0 144 109 108 144 109 108 1
0 143 108 110 143 108 110 1
0 139 109 144 139 109 144 1
0 109 139 111 109 139 111 1
0 108 143 145 108 143 145 1
0 124 126 125 124 126 125 1
0 124 127 126 124 127 126 1
0 128 125 126 128 125 126 1
0 128 129 125 128 129 125 1
0 127 131 130 127 131 130 1
0 127 124 131 127 124 131 1
0 112 114 113 112 114 113 1
0 112 115 114 112 115 114 1
0 114 116 113 114 116 113 1
0 114 117 116 114 117 116 1
0 118 130 119 118 130 119 1
0 118 127 130 118 127 130 1
0 113 120 112 113 120 112 1
0 113 116 120 113 116 120 1
0 118 129 128 118 129 128 1
0 118 121 129 118 121 129 1
0 112 122 115 112 122 115 1
0 112 120 122 112 120 122 1
0 121 118 123 121 118 123 1
0 127 128 126 127 128 126 1
0 127 118 128 127 118 128 1
0 123 118 119 123 118 119 1
0 117 115 122 117 115 122 1
0 117 114 115 117 114 115 1
0 121 125 129 121 125 129 1
0 121 124 125 121 124 125 1
0 123 124 121 123 124 121 1
0 123 131 124 123 131 124 1
0 132 133 38 132 133 38 1
0 134 38 39 134 38 39 1
0 134 132 38 134 132 38 1
0 135 39 40 135 39 40 1
0 135 134 39 135 134 39 1
0 41 137 136 41 137 136 1
0 138 40 42 138 40 42 1
0 133 43 38 133 43 38 1
0 137 41 44 137 41 44 1
0 138 135 40 138 135 40 1
0 27 140 28 27 140 28 1
0 27 141 140 27 141 140 1
0 29 140 142 29 140 142 1
0 30 141 27 30 141 27 1
0 141 30 146 141 30 146 1
0 140 29 28 140 29 28 1
0 147 149 148 147 149 148 1
0 150 152 151 150 152 151 1
0 153 155 154 153 155 154 1
0 149 157 156 149 157 156 1
0 149 147 157 149 147 157 1
0 152 150 148 152 150 148 1
0 155 153 147 155 153 147 1
0 152 154 151 152 154 151 1
0 152 153 154 152 153 154 1
"Mesh2" 0 2
0
0
0
"Mesh3" 0 3
0
0
0
"Mesh4" 0 4
58
0 -0.653702 0.151976 1.252756 0.000000 0.000000 1
0 -0.980868 2.141604 0.413036 0.000000 0.000000 1
0 -1.324054 0.549354 1.760563 0.000000 0.000000 1
0 -1.689830 1.695481 1.461799 0.000000 0.000000 1
0 0.980868 2.141604 0.413036 0.000000 0.000000 1
0 0.875935 3.041607 1.163036 0.000000 0.000000 1
0 1.689830 1.695481 1.461799 0.000000 0.000000 1
0 -0.623885 2.691606 0.263036 0.000000 0.000000 1
0 -0.875935 3.041607 1.163036 0.000000 0.000000 1
0 0.000000 2.791607 1.913036 0.000000 0.000000 1
0 0.000000 0.632766 2.922630 0.000000 0.000000 1
0 0.623885 2.691606 0.263036 0.000000 0.000000 1
0 0.000000 0.632766 2.922630 0.000000 0.000000 1
0 -0.571348 0.490474 0.903904 0.000000 0.000000 1
0 0.000000 0.990476 1.053903 0.000000 0.000000 1
0 1.324054 0.549353 1.760563 0.000000 0.000000 1
0 0.571348 0.490474 0.903903 0.000000 0.000000 1
0 -0.571348 0.490474 0.903904 0.000000 0.000000 1
0 0.571348 0.490474 0.903903 0.000000 0.000000 1
0 1.170165 1.276759 -0.429029 0.000000 0.000000 1
0 0.659736 2.142985 -0.035740 0.000000 0.000000 1
0 0.888841 1.341729 0.509082 0.000000 0.000000 1
0 0.864338 0.848110 0.145678 0.000000 0.000000 1
0 0.755381 0.339071 -0.011105 0.000000 0.000000 1
0 0.729868 1.892965 -1.157048 0.000000 0.000000 1
0 0.000000 2.369741 -0.135760 0.000000 0.000000 1
0 0.000000 -0.127450 0.274819 0.000000 0.000000 1
0 -0.864338 0.848110 0.145678 0.000000 0.000000 1
0 -0.888842 1.341729 0.509082 0.000000 0.000000 1
0 -0.329868 2.192965 -0.757048 0.000000 0.000000 1
0 0.944460 1.105140 -1.204887 0.000000 0.000000 1
0 0.659053 0.217314 -1.002727 0.000000 0.000000 1
0 0.479526 1.017418 -1.004411 0.000000 0.000000 1
0 -0.659736 2.142985 -0.035740 0.000000 0.000000 1
0 -0.755381 0.339071 -0.011105 0.000000 0.000000 1
0 -1.028230 1.676760 -0.279029 0.000000 0.000000 1
0 -0.840935 0.897087 -0.196025 0.000000 0.000000 1
0 0.000000 1.667522 -1.056096 0.000000 0.000000 1
0 -0.912648 0.957201 -0.549376 0.000000 0.000000 1
0 -0.840935 0.297086 -0.546025 0.000000 0.000000 1
0 -1.059582 0.986923 -0.412527 0.000000 0.000000 1
0 -0.684361 1.617317 -0.702727 0.000000 0.000000 1
0 0.840935 0.897087 -0.196024 0.000000 0.000000 1
0 1.901106 -1.431601 2.267491 0.000000 0.000000 1
0 0.991925 -1.967066 2.389732 0.000000 0.000000 1
0 1.014667 -1.791868 1.407884 0.000000 0.000000 1
0 0.900765 -1.413522 1.049314 0.000000 0.000000 1
0 1.295167 0.164832 1.911917 0.000000 0.000000 1
0 0.061326 -1.387157 2.920520 0.000000 0.000000 1
0 0.226469 0.215365 2.967623 0.000000 0.000000 1
0 0.653702 0.151976 1.252756 0.000000 0.000000 1
0 -1.901106 -1.431602 2.267491 0.000000 0.000000 1
0 -0.900765 -1.413522 1.049314 0.000000 0.000000 1
0 -1.014667 -1.791869 1.407884 0.000000 0.000000 1
0 -0.991925 -1.967067 2.389733 0.000000 0.000000 1
0 -1.295167 0.164832 1.911917 0.000000 0.000000 1
0 -0.061326 -1.387158 2.920520 0.000000 0.000000 1
0 -0.226469 0.215366 2.967623 0.000000 0.000000 1
58
0.199151 -0.513309 -0.834777
-0.905353 0.044573 -0.422314
-0.981185 -0.178871 -0.072678
-0.964591 0.168044 0.203288
0.905353 0.044573 -0.422314
0.647461 0.743359 0.167964
0.964591 0.168044 0.203289
-0.290269 0.788403 -0.542369
-0.647461 0.743359 0.167964
0.000000 0.959058 0.283211
0.000000 -0.189010 0.981975
0.290269 0.788403 -0.542369
0.000000 -0.189010 0.981975
-0.568828 -0.778398 0.265577
0.000000 -0.931549 0.363617
0.981185 -0.178871 -0.072678
0.568828 -0.778398 0.265577
-0.568828 -0.778398 0.265577
0.568828 -0.778398 0.265577
0.994512 -0.104010 0.011323
0.775585 0.497628 -0.388375
0.981368 -0.059746 0.182614
0.895947 -0.193578 0.399757
0.865137 -0.490891 0.102782
0.309850 0.574281 -0.757756
0.026990 0.840683 -0.540854
0.000000 -0.937133 0.348973
-0.934000 -0.052221 0.353435
-0.985695 -0.018810 0.167486
-0.406088 0.689035 -0.600270
0.408952 -0.080928 -0.908960
0.330037 -0.874708 -0.354912
-0.725301 -0.296670 -0.621229
-0.726542 0.537660 -0.427853
-0.869940 -0.485081 0.088889
-0.985017 0.171002 -0.022364
-0.973806 -0.136963 -0.181504
-0.214147 -0.064071 -0.974698
0.260617 -0.141203 -0.955061
-0.702021 -0.510237 -0.496815
-0.971473 -0.082995 -0.222155
-0.609983 0.161023 -0.775882
0.874291 -0.464760 -0.140051
0.905711 -0.290754 0.308464
0.102502 -0.952376 0.287180
-0.049595 -0.899732 -0.433617
-0.151011 -0.189257 -0.970246
0.967676 0.180264 -0.176376
-0.652864 -0.656152 0.378462
-0.194566 0.207709 0.958645
-0.199151 -0.513310 -0.834777
-0.905711 -0.290754 0.308464
0.151011 -0.189257 -0.970246
0.049595 -0.899732 -0.433617
-0.102502 -0.952376 0.287180
-0.967676 0.180264 -0.176377
0.652864 -0.656152 0.378462
0.194566 0.207709 0.958645
78
0 43 45 44 43 45 44 1
0 46 43 47 46 43 47 1
0 48 44 45 48 44 45 1
0 48 46 49 48 46 49 1
0 50 49 46 50 49 46 1
0 48 43 44 48 43 44 1
0 47 50 46 47 50 46 1
0 43 49 47 43 49 47 1
0 45 43 46 45 43 46 1
0 51 53 52 51 53 52 1
0 46 48 45 46 48 45 1
0 53 51 54 53 51 54 1
0 51 52 55 51 52 55 1
0 56 52 53 56 52 53 1
0 54 56 53 54 56 53 1
0 52 56 57 52 56 57 1
0 57 0 52 57 0 52 1
0 51 56 54 51 56 54 1
0 57 51 55 57 51 55 1
0 1 3 2 1 3 2 1
0 4 6 5 4 6 5 1
0 7 8 1 7 8 1 1
0 7 9 8 7 9 8 1
0 9 10 8 9 10 8 1
0 5 11 4 5 11 4 1
0 12 14 13 12 14 13 1
0 4 16 15 4 16 15 1
0 17 1 2 17 1 2 1
0 14 12 18 14 12 18 1
0 19 21 20 19 21 20 1
0 22 23 18 22 23 18 1
0 20 25 24 20 25 24 1
0 23 26 18 23 26 18 1
0 27 28 13 27 28 13 1
0 24 25 29 24 25 29 1
0 30 32 31 30 32 31 1
0 19 30 31 19 30 31 1
0 13 18 26 13 18 26 1
0 29 25 33 29 25 33 1
0 13 26 34 13 26 34 1
0 35 27 36 35 27 36 1
0 29 37 24 29 37 24 1
0 38 40 39 38 40 39 1
0 13 34 27 13 34 27 1
0 41 29 33 41 29 33 1
0 31 42 19 31 42 19 1
0 22 19 42 22 19 42 1
0 35 41 33 35 41 33 1
0 37 29 41 37 29 41 1
0 18 13 14 18 13 14 1
0 21 22 18 21 22 18 1
0 28 35 33 28 35 33 1
0 21 19 22 21 19 22 1
0 35 28 27 35 28 27 1
0 32 42 31 32 42 31 1
0 10 3 8 10 3 8 1
0 10 6 15 10 6 15 1
0 0 55 52 0 55 52 1
0 9 11 5 9 11 5 1
0 11 9 7 11 9 7 1
0 10 9 5 10 9 5 1
0 3 1 8 3 1 8 1
0 3 10 2 3 10 2 1
0 6 10 5 6 10 5 1
0 6 4 15 6 4 15 1
0 51 57 56 51 57 56 1
0 49 43 48 49 43 48 1
0 24 19 20 24 19 20 1
0 38 36 41 38 36 41 1
0 36 40 35 36 40 35 1
0 36 38 39 36 38 39 1
0 32 24 37 32 24 37 1
0 42 32 37 42 32 37 1
0 32 30 24 32 30 24 1
0 30 19 24 30 19 24 1
0 40 41 35 40 41 35 1
0 40 36 39 40 36 39 1
0 40 38 41 40 38 41 1
"Mesh5" 0 5
9
0 -0.097415 -3.037342 0.607568 0.000000 0.000000 8
0 -0.293971 -3.028481 0.125979 0.000000 0.000000 8
0 -0.093556 -3.019619 -0.355609 0.000000 0.000000 8
0 -0.108718 -2.393917 -0.092127 0.000000 0.000000 8
0 -0.108718 -2.393917 0.387724 0.000000 0.000000 8
0 0.436748 -2.393917 0.387724 0.000000 0.000000 8
0 0.328992 -3.037342 0.607544 0.000000 0.000000 8
0 0.332851 -3.019619 -0.355632 0.000000 0.000000 8
0 0.436749 -2.393917 -0.092127 0.000000 0.000000 8
9
0.804122 -0.490664 0.335614
-0.982823 -0.184496 -0.004550
0.076412 -0.841076 -0.535492
0.649018 -0.753272 -0.106572
0.003981 -0.988652 0.150171
0.092935 -0.923756 0.371535
-0.282991 -0.327182 0.204473
0.102432 -0.653023 -0.131488
-0.869867 -0.486392 -0.082182
7
0 0 2 1 0 2 1 1
0 0 3 2 0 3 2 1
0 3 0 4 3 0 4 1
0 4 6 5 4 6 5 1
0 7 3 8 7 3 8 1
0 6 4 0 6 4 0 1
0 3 7 2 3 7 2 1
"Mesh6" 0 6
68
0 1.014073 2.019075 -0.631209 0.980787 0.981547 0
0 1.019202 2.260329 -1.319716 0.983224 0.980323 0
0 1.314114 2.624617 -0.646822 0.967669 0.591223 0
0 1.372509 2.400695 -0.065792 0.988450 0.591834 0
0 1.048003 1.891070 -0.138308 0.981934 0.982197 0
0 -0.972875 2.260329 -1.319716 0.015378 0.980323 0
0 -0.962881 2.019075 -0.631209 0.020422 0.981547 0
0 -1.314114 2.624617 -0.646823 0.032356 0.591223 0
0 -1.372509 2.400695 -0.065793 0.011575 0.591834 0
0 1.048003 1.891070 -0.138308 0.978638 0.986774 0
0 1.372509 2.400695 -0.065792 0.978740 0.590312 0
0 1.297621 2.688468 0.519645 0.978323 0.264863 0
0 0.943007 1.772820 0.300900 0.978643 0.987383 0
0 -1.118557 3.521060 -0.503432 0.023547 0.113159 0
0 -0.672559 3.561176 -0.421945 0.213528 0.187713 0
0 0.000000 3.421274 -0.900723 0.500017 0.357212 0
0 0.000000 2.355456 -1.294111 0.506364 0.979841 0
0 1.118557 3.521060 -0.503432 0.976486 0.113159 0
0 -0.675235 3.740818 0.299927 0.186889 0.108664 0
0 -1.124129 3.548252 0.451452 0.124146 0.101599 0
0 0.000000 3.573495 0.874257 0.281267 0.181461 0
0 0.000000 2.615288 1.047703 0.971108 0.262553 0
0 0.000000 1.713278 0.501891 0.971207 0.987689 0
0 -1.297621 2.688468 0.519644 0.963892 0.264863 0
0 -0.942504 1.757703 0.301897 0.963775 0.987461 0
0 0.000000 3.573495 0.874257 0.281267 0.181461 0
0 1.124129 3.548252 0.451452 0.438387 0.101599 0
0 0.675235 3.740818 0.299928 0.375645 0.108664 0
0 -1.372509 2.400695 -0.065793 0.963476 0.590312 0
0 -1.052568 1.872648 -0.138879 0.963520 0.986869 0
0 0.672117 3.545894 -0.452334 0.786317 0.194467 0
0 1.124129 3.548252 0.451452 0.978859 0.101140 0
0 0.675235 3.740818 0.299928 0.787645 0.108317 0
0 -0.505136 2.357493 -1.421203 0.251434 0.979831 0
0 0.487164 2.357332 -1.426993 0.752223 0.979831 0
0 0.000000 3.573495 0.874257 0.343765 0.168422 0
0 0.000000 2.615288 1.047703 0.343764 0.555560 0
0 1.124129 3.548252 0.451452 0.455994 0.088561 0
0 -1.124129 3.548252 0.451452 0.231536 0.088561 0
0 -0.675235 3.740818 0.299927 0.212388 0.108317 0
0 -1.124129 3.548252 0.451452 0.021174 0.101140 0
0 1.297621 2.688468 0.519645 0.451996 0.133864 0
0 -1.297621 2.688468 0.519644 0.235533 0.133864 0
0 -1.052568 1.872648 -0.138879 0.014423 0.982290 0
0 0.000001 -0.657104 -1.038803 0.500017 0.985411 2
0 0.000000 -0.061539 -1.101690 0.500021 0.580344 2
0 0.831128 0.145329 -0.811178 0.944403 0.578191 2
0 0.980736 -0.333333 -0.766151 0.991160 0.986556 2
0 0.856297 0.446202 0.468825 0.941950 0.581813 2
0 1.012560 -0.133333 0.868152 0.957706 0.982157 2
0 1.354269 -0.083333 0.137988 0.979561 0.981857 2
0 0.980736 -0.333333 -0.766151 0.952606 0.983415 2
0 0.831128 0.145329 -0.811178 0.937644 0.581333 2
0 1.039731 0.399831 -0.105796 0.978894 0.581739 2
0 -0.859011 0.446202 0.468824 0.059103 0.581813 2
0 -0.980736 -0.333333 -0.766151 0.008873 0.986556 2
0 -0.831128 0.144809 -0.812298 0.055627 0.578190 2
0 -1.012560 -0.133333 0.868152 0.963361 0.979031 2
0 -0.859011 0.446202 0.468824 0.976740 0.584942 2
0 -1.039731 0.399832 -0.105797 0.944820 0.584869 2
0 -1.354269 -0.083333 0.137988 0.944238 0.978736 2
0 -0.980736 -0.333333 -0.766151 0.967824 0.980268 2
0 -0.831128 0.144809 -0.812298 0.980915 0.584469 2
0 -1.012560 -0.133333 0.868152 0.013232 0.982157 2
0 0.000001 -0.243764 1.133647 0.500030 0.982850 2
0 0.000000 0.472864 0.586127 0.500028 0.581855 2
0 1.012560 -0.133333 0.868152 0.986827 0.982157 2
0 0.856297 0.446202 0.468825 0.939560 0.581813 2
68
0.763178 -0.521681 -0.381325
0.632347 -0.347933 -0.692156
0.696989 -0.376969 -0.610001
0.621551 -0.782680 -0.032961
0.904624 -0.425980 0.014017
-0.617190 -0.359713 -0.699774
-0.745838 -0.517046 -0.419988
-0.666971 -0.403902 -0.626110
-0.615354 -0.785905 -0.060765
0.904624 -0.425980 0.014017
0.621551 -0.782680 -0.032961
0.355759 -0.379854 0.853901
0.632354 -0.461991 0.621846
-0.249226 0.768181 -0.589732
-0.397128 0.621197 -0.650951
-0.011314 0.343909 -0.875242
-0.011259 0.157602 -0.987439
0.252323 0.770047 -0.585970
-0.564741 0.778997 0.243205
-0.278966 0.667622 0.690260
0.000000 0.552046 0.800695
0.000000 -0.064549 0.997914
0.002915 -0.360306 0.932830
-0.355531 -0.376457 0.855499
-0.630584 -0.452993 0.630207
0.000000 0.552046 0.800695
0.278966 0.667622 0.690260
0.561818 0.781878 0.239642
-0.615354 -0.785905 -0.060765
-0.913050 -0.407328 -0.020598
0.386708 0.620383 -0.656596
0.278966 0.667622 0.690260
0.561818 0.781878 0.239642
0.044162 0.137154 -0.989565
-0.049708 0.137321 -0.989279
0.000000 0.552046 0.800695
0.000000 -0.064549 0.997914
0.278966 0.667622 0.690260
-0.278966 0.667622 0.690260
-0.564741 0.778997 0.243205
-0.278966 0.667622 0.690260
0.355759 -0.379854 0.853901
-0.355531 -0.376457 0.855499
-0.913050 -0.407328 -0.020598
0.000050 -0.172444 -0.985019
0.000345 0.085880 -0.986161
0.627877 0.164031 -0.753019
0.670736 0.081581 -0.737006
0.563978 0.587335 0.569303
0.501075 0.316891 0.756225
0.938062 0.310344 0.022535
0.670736 0.081581 -0.737006
0.627877 0.164031 -0.753019
0.898592 0.412804 -0.105546
-0.565563 0.591577 0.564585
-0.670786 0.081339 -0.736990
-0.627820 0.163414 -0.753133
-0.501292 0.316384 0.756433
-0.565563 0.591577 0.564585
-0.896317 0.417565 -0.104138
-0.938356 0.309882 0.022214
-0.670786 0.081339 -0.736990
-0.627820 0.163414 -0.753133
-0.501292 0.316384 0.756433
0.000000 0.231538 0.972826
0.000153 0.495798 0.860258
0.501075 0.316891 0.756225
0.563978 0.587335 0.569303
50
0 0 2 1 0 2 1 1
0 0 3 2 0 3 2 1
0 0 4 3 0 4 3 1
0 5 7 6 5 7 6 1
0 8 6 7 8 6 7 1
0 9 11 10 9 11 10 1
0 9 12 11 9 12 11 1
0 5 13 7 5 13 7 1
0 14 16 15 14 16 15 1
0 2 17 1 2 17 1 1
0 18 20 19 18 20 19 1
0 21 11 22 21 11 22 1
0 23 21 22 23 21 22 1
0 12 22 11 12 22 11 1
0 22 24 23 22 24 23 1
0 25 27 26 25 27 26 1
0 24 28 23 24 28 23 1
0 24 29 28 24 29 28 1
0 16 30 15 16 30 15 1
0 31 32 17 31 32 17 1
0 16 14 33 16 14 33 1
0 30 16 34 30 16 34 1
0 33 13 5 33 13 5 1
0 17 34 1 17 34 1 1
0 35 37 36 35 37 36 1
0 38 35 36 38 35 36 1
0 39 40 13 39 40 13 1
0 33 14 13 33 14 13 1
0 32 30 17 32 30 17 1
0 14 39 13 14 39 13 1
0 41 36 37 41 36 37 1
0 36 42 38 36 42 38 1
0 30 34 17 30 34 17 1
0 43 6 8 43 6 8 1
0 58 60 59 58 60 59 1
0 61 59 60 61 59 60 1
0 59 61 62 59 61 62 1
0 63 65 64 63 65 64 1
0 66 65 67 66 65 67 1
0 44 46 45 44 46 45 1
0 44 47 46 44 47 46 1
0 48 50 49 48 50 49 1
0 65 66 64 65 66 64 1
0 51 53 52 51 53 52 1
0 53 51 50 53 51 50 1
0 50 48 53 50 48 53 1
0 65 63 54 65 63 54 1
0 55 45 56 55 45 56 1
0 55 44 45 55 44 45 1
0 60 58 57 60 58 57 1
"Mesh7" 0 7
24
0 -0.599088 1.026937 0.084149 0.348752 0.657260 0
0 -0.611839 1.063267 -0.632423 0.335165 0.651177 0
0 0.000000 1.034431 -0.846046 0.505100 0.509613 0
0 -1.052568 1.872648 -0.138879 0.037883 0.584511 0
0 -0.962881 2.019075 -0.631209 0.020431 0.448764 0
0 0.000000 1.761772 -0.873699 0.300581 0.325705 0
0 1.014073 2.019075 -0.631209 0.433946 0.029314 0
0 0.611586 1.061504 -0.631908 0.659247 0.353975 0
0 0.000000 1.031491 0.347544 0.505926 0.510356 0
0 0.600149 1.057172 0.082154 0.657440 0.357853 0
0 0.741481 1.081446 -0.210824 0.687996 0.317331 0
0 -0.751112 1.044602 -0.211966 0.303576 0.689779 0
0 0.000000 1.713278 0.501891 0.314217 0.337967 0
0 -0.942504 1.757703 0.301897 0.052440 0.586798 0
0 0.943007 1.772820 0.300900 0.578143 0.108869 0
0 1.048003 1.891070 -0.138308 0.572663 0.053425 0
0 0.000000 0.472864 0.586127 0.663005 0.651605 2
0 -1.039731 0.399832 -0.105797 0.346040 0.923027 2
0 0.856297 0.446202 0.468825 0.896986 0.450018 2
0 -0.831128 0.144809 -0.812298 0.535422 0.936759 2
0 0.831128 0.145329 -0.811178 0.974931 0.532217 2
0 0.000000 -0.061539 -1.101690 0.813272 0.786728 2
0 1.039731 0.399831 -0.105796 0.974167 0.340211 2
0 -0.859011 0.446202 0.468824 0.443300 0.867335 2
24
-0.756666 0.034980 0.652865
-0.743580 0.020539 -0.668332
0.000564 0.154068 -0.988060
-0.913050 -0.407328 -0.020598
-0.745838 -0.517046 -0.419988
-0.004114 -0.522003 -0.852934
0.763178 -0.521681 -0.381325
0.755142 0.006196 -0.655532
-0.001190 0.298929 0.954274
0.761876 0.021178 0.647377
0.997148 0.024535 0.071366
-0.996497 0.039496 0.073710
0.002915 -0.360306 0.932830
-0.630584 -0.452993 0.630207
0.632354 -0.461991 0.621846
0.904624 -0.425980 0.014017
0.000153 0.495798 0.860258
-0.896317 0.417565 -0.104138
0.563978 0.587335 0.569303
-0.627820 0.163414 -0.753133
0.627877 0.164031 -0.753019
0.000345 0.085880 -0.986161
0.898592 0.412804 -0.105546
-0.565563 0.591577 0.564585
32
0 17 0 23 17 0 23 1
0 19 2 1 19 2 1 1
0 3 1 4 3 1 4 1
0 5 7 6 5 7 6 1
0 20 2 21 20 2 21 1
0 22 7 20 22 7 20 1
0 5 1 2 5 1 2 1
0 1 17 19 1 17 19 1
0 23 8 16 23 8 16 1
0 8 18 16 8 18 16 1
0 9 22 18 9 22 18 1
0 10 7 22 10 7 22 1
0 1 11 17 1 11 17 1
0 0 12 8 0 12 8 1
0 12 9 8 12 9 8 1
0 2 20 7 2 20 7 1
0 2 19 21 2 19 21 1
0 8 23 0 8 23 0 1
0 18 8 9 18 8 9 1
0 3 0 11 3 0 11 1
0 13 12 0 13 12 0 1
0 12 14 9 12 14 9 1
0 9 15 10 9 15 10 1
0 7 15 6 7 15 6 1
0 7 5 2 7 5 2 1
0 1 5 4 1 5 4 1
0 15 7 10 15 7 10 1
0 15 9 14 15 9 14 1
0 22 9 10 22 9 10 1
0 0 17 11 0 17 11 1
0 0 3 13 0 3 13 1
0 1 3 11 1 3 11 1
"Mesh8" 0 8
36
0 0.000000 1.761772 -0.873699 0.483574 0.495171 0
0 0.000000 2.355456 -1.294111 0.483574 0.039590 0
0 0.487164 2.357332 -1.426993 0.719476 0.038248 0
0 -0.962881 2.019075 -0.631209 0.017311 0.480244 0
0 -0.972875 2.260329 -1.319716 0.012472 0.046136 0
0 1.019202 2.260329 -1.319716 0.977109 0.046136 0
0 -0.505136 2.357493 -1.421203 0.238968 0.038132 0
0 1.014073 2.019075 -0.631209 0.974625 0.480244 0
0 0.329621 -4.028666 0.579268 0.166537 0.983206 7
0 0.292809 -2.743693 0.427931 0.160714 0.619873 7
0 -0.596584 -2.747265 -0.101179 0.050231 0.619929 7
0 0.292809 -2.743693 0.427931 0.785714 0.619873 7
0 -0.291723 -2.742698 -0.727336 0.296594 0.618138 7
0 0.271588 -2.743693 -0.739801 0.751816 0.618528 7
0 0.296542 -4.028666 -0.764733 0.765492 0.983206 7
0 0.329621 -4.028666 0.579268 0.791537 0.983206 7
0 0.565494 -4.028666 -0.133962 0.977252 0.983206 7
0 0.524199 -2.744105 -0.121235 0.955957 0.618690 7
0 -0.321169 -4.028666 -0.764733 0.279135 0.983206 7
0 -0.644753 -4.028666 -0.133963 0.024360 0.983206 7
0 -0.321169 -4.028666 0.579268 0.107260 0.983206 7
0 -0.296090 -2.743587 0.411032 0.121190 0.618487 7
0 -0.329621 -4.028666 0.579268 0.791537 0.983206 14
0 0.644753 -4.028666 -0.133962 0.024360 0.983206 14
0 0.321169 -4.028666 -0.764733 0.279135 0.983206 14
0 0.296090 -2.743587 0.411032 0.121190 0.618487 14
0 0.321169 -4.028666 0.579268 0.107260 0.983206 14
0 -0.329621 -4.028666 0.579268 0.166537 0.983206 14
0 -0.292809 -2.743693 0.427931 0.160714 0.619873 14
0 0.596584 -2.747265 -0.101179 0.050231 0.619929 14
0 -0.292809 -2.743693 0.427931 0.785714 0.619873 14
0 -0.296542 -4.028666 -0.764733 0.765492 0.983206 14
0 -0.271588 -2.743693 -0.739801 0.751816 0.618528 14
0 0.291723 -2.742698 -0.727336 0.296594 0.618138 14
0 -0.524199 -2.744105 -0.121235 0.955957 0.618690 14
0 -0.565494 -4.028666 -0.133963 0.977252 0.983206 14
36
-0.004114 -0.522003 -0.852934
-0.011259 0.157602 -0.987439
-0.049708 0.137321 -0.989279
-0.745838 -0.517046 -0.419988
-0.617190 -0.359713 -0.699774
0.632347 -0.347933 -0.692156
0.044162 0.137154 -0.989565
0.763178 -0.521681 -0.381325
0.559577 0.130370 0.817686
0.542800 0.032512 0.839233
-0.998567 -0.022387 0.048604
0.542800 0.032512 0.839233
-0.545106 -0.012530 -0.838274
0.527454 -0.065932 -0.847021
0.452997 0.105436 -0.875957
0.559577 0.130370 0.817686
0.990348 0.110444 -0.020332
0.999948 -0.008104 0.006181
-0.516589 0.116681 -0.846342
-0.991141 0.119832 -0.018141
-0.442968 0.148304 0.877352
-0.497073 0.049245 0.866310
-0.559577 0.130370 0.817686
0.991141 0.119832 -0.018140
0.516590 0.116681 -0.846342
0.497072 0.049245 0.866310
0.442968 0.148305 0.877352
-0.559577 0.130370 0.817686
-0.542800 0.032512 0.839233
0.998567 -0.022387 0.048604
-0.542800 0.032512 0.839233
-0.452997 0.105436 -0.875957
-0.527454 -0.065932 -0.847021
0.545106 -0.012530 -0.838274
-0.999948 -0.008104 0.006180
-0.990348 0.110444 -0.020332
30
0 0 2 1 0 2 1 1
0 0 4 3 0 4 3 1
0 0 5 2 0 5 2 1
0 6 0 1 6 0 1 1
0 4 0 6 4 0 6 1
0 5 0 7 5 0 7 1
0 12 14 13 12 14 13 1
0 15 17 16 15 17 16 1
0 12 19 18 12 19 18 1
0 19 21 20 19 21 20 1
0 17 14 16 17 14 16 1
0 21 8 20 21 8 20 1
0 14 12 18 14 12 18 1
0 8 21 9 8 21 9 1
0 19 12 10 19 12 10 1
0 21 19 10 21 19 10 1
0 14 17 13 14 17 13 1
0 17 15 11 17 15 11 1
0 31 33 32 31 33 32 1
0 34 22 35 34 22 35 1
0 23 33 24 23 33 24 1
0 25 23 26 25 23 26 1
0 31 34 35 31 34 35 1
0 27 25 26 27 25 26 1
0 33 31 24 33 31 24 1
0 25 27 28 25 27 28 1
0 33 23 29 33 23 29 1
0 23 25 29 23 25 29 1
0 34 31 32 34 31 32 1
0 22 34 30 22 34 30 1
"Mesh9" 0 9
272
0 -0.672559 3.561176 -0.421945 0.418816 0.169361 0
0 -0.675235 3.740818 0.299927 0.418245 0.131675 0
0 -0.675235 4.190818 0.299927 0.418245 0.037270 0
0 -0.672559 4.111176 -0.421945 0.418816 0.053978 0
0 0.000000 3.421274 -0.900723 0.953023 0.419158 0
0 -0.672559 3.561176 -0.421945 0.665741 0.347082 0
0 -0.672559 4.111176 -0.421945 0.665741 0.063726 0
0 0.000000 3.971273 -0.900723 0.953023 0.135802 0
0 0.000000 3.573495 0.874257 0.562492 0.166777 0
0 0.000000 4.123495 0.874257 0.562492 0.051394 0
0 0.675235 3.740818 0.299928 0.706740 0.131675 0
0 0.675235 4.190818 0.299928 0.706740 0.037270 0
0 0.672117 3.545894 -0.452334 0.661991 0.354955 0
0 0.000000 3.421274 -0.900723 0.953023 0.434539 0
0 0.000000 3.971273 -0.900723 0.953023 0.151183 0
0 0.672117 4.095894 -0.452334 0.661991 0.071599 0
0 0.672117 3.545894 -0.452334 0.706074 0.172567 0
0 0.672117 4.095894 -0.452334 0.706074 0.057184 0
0 -1.297621 2.688468 0.519644 0.954827 0.421450 0
0 -1.124129 3.548252 0.451452 0.953362 0.037680 0
0 -1.179957 3.548252 0.451452 0.935784 0.039860 0
0 -1.348446 2.688468 0.519644 0.935784 0.421450 0
0 1.124129 3.548252 0.451452 0.936384 0.111206 0
0 1.297621 2.688468 0.519645 0.935268 0.494629 0
0 1.348446 2.688468 0.519645 0.952009 0.493530 0
0 1.179957 3.548252 0.451452 0.950893 0.109009 0
0 1.372509 2.400695 -0.065792 0.935268 0.540771 0
0 1.314114 2.624617 -0.646822 0.935268 0.292480 0
0 1.365585 2.624617 -0.646822 0.950893 0.294678 0
0 1.426267 2.400695 -0.065792 0.953125 0.539673 0
0 -1.314114 2.624617 -0.646823 0.954827 0.421450 0
0 -1.372509 2.400695 -0.065793 0.956684 0.753683 0
0 -1.426267 2.400695 -0.065793 0.937249 0.753683 0
0 -1.365585 2.624617 -0.646823 0.935784 0.421450 0
0 1.297621 2.688468 0.519645 0.935268 0.292480 0
0 1.348446 2.688468 0.519645 0.950893 0.294678 0
0 -1.118557 3.521060 -0.503432 0.953362 0.037680 0
0 -1.174109 3.521060 -0.503432 0.935784 0.039860 0
0 1.314114 2.624617 -0.646822 0.935268 0.494629 0
0 1.118557 3.521060 -0.503432 0.936384 0.111206 0
0 1.174109 3.521060 -0.503432 0.950893 0.109009 0
0 1.365585 2.624617 -0.646822 0.952009 0.493530 0
0 1.118557 3.521060 -0.503432 0.936458 0.508838 0
0 1.124129 3.548252 0.451452 0.935417 0.077148 0
0 1.179957 3.548252 0.451452 0.952083 0.077148 0
0 1.174109 3.521060 -0.503432 0.954167 0.508838 0
0 -1.124129 3.548252 0.451452 0.949669 0.072087 0
0 -1.118557 3.521060 -0.503432 0.949219 0.507813 0
0 -1.174109 3.521060 -0.503432 0.936198 0.506531 0
0 -1.179957 3.548252 0.451452 0.937500 0.074585 0
0 -1.365585 2.624617 -0.646823 0.955078 0.032928 0
0 -1.426267 2.400695 -0.065793 0.955078 0.032928 0
0 -1.348446 2.688468 0.519644 0.951172 0.371307 0
0 -1.426267 2.400695 -0.065793 0.951172 0.371307 0
0 -1.348446 2.688468 0.519644 0.951172 0.371307 0
0 1.365585 2.624617 -0.646822 0.955078 0.032928 0
0 1.348446 2.688468 0.519645 0.951172 0.371307 0
0 1.426267 2.400695 -0.065792 0.955078 0.032928 0
0 1.426267 2.400695 -0.065792 0.951172 0.371307 0
0 1.348446 2.688468 0.519645 0.951172 0.371307 0
0 -1.324054 0.549354 1.760563 0.106250 0.643164 1
0 -1.295167 0.164832 1.911917 0.378125 0.646240 1
0 -0.226469 0.215366 2.967623 0.389481 0.814192 1
0 0.000000 0.632766 2.922630 0.111423 0.815581 1
0 0.623885 2.691606 0.263036 0.381250 0.963086 1
0 -0.980868 2.141604 0.413036 0.303125 0.836963 1
0 -0.659736 2.142985 -0.035740 0.128125 0.658545 1
0 -0.888842 1.341729 0.509082 0.125000 0.840039 1
0 -0.623885 2.691606 0.263036 0.375000 0.667773 1
0 -0.623885 2.691606 0.263036 0.371875 0.218652 1
0 0.000000 2.369741 -0.135760 0.125000 0.652393 1
0 -0.659736 2.142985 -0.035740 0.125000 0.218652 1
0 0.659736 2.142985 -0.035740 0.131250 0.969238 1
0 0.623885 2.691606 0.263036 0.381250 0.963086 1
0 -0.571348 0.490474 0.903904 0.125000 0.975391 1
0 0.571348 0.490474 0.903903 0.128125 0.664697 1
0 0.000000 1.667522 -1.056096 0.386161 0.373779 1
0 0.840935 0.897087 -0.196024 0.240276 0.953029 1
0 0.684687 0.609318 -0.564840 0.127232 0.876953 1
0 -0.636076 1.040179 -0.648519 0.127232 0.134278 1
0 -0.840935 0.897087 -0.196025 0.127232 0.039795 1
0 -0.684361 1.617317 -0.702727 0.388393 0.035400 1
0 0.000000 0.806045 -0.874837 0.125000 0.534180 1
0 0.653702 0.151976 1.252756 0.392501 0.707288 1
0 0.571348 0.490474 0.903903 0.113848 0.710600 1
0 1.324054 0.549353 1.760563 0.121875 0.212500 1
0 -1.295167 0.164832 1.911917 0.393750 0.215576 1
0 1.295167 0.164832 1.911917 0.393750 0.215576 1
0 0.888841 1.341729 0.509082 0.125000 0.750830 1
0 0.659736 2.142985 -0.035740 0.128125 0.963086 1
0 0.980868 2.141604 0.413036 0.315625 0.753906 1
0 0.226469 0.215365 2.967623 0.389419 0.819069 1
0 1.295167 0.164832 1.911917 0.378125 0.646240 1
0 1.324054 0.549353 1.760563 0.106250 0.643164 1
0 -1.324054 0.549354 1.760563 0.121875 0.212500 1
0 -0.571348 0.490474 0.903904 0.113862 0.709351 1
0 -0.653702 0.151976 1.252756 0.392516 0.706322 1
0 0.000000 0.632766 2.922630 0.111423 0.815581 1
0 -0.192214 -2.083800 -0.761086 0.742415 0.196309 3
0 0.341058 -2.083801 -0.761113 0.737092 0.460140 3
0 0.332811 -2.083801 0.698134 0.737174 0.456060 3
0 -0.197346 -2.083801 0.698152 0.742467 0.193770 3
0 0.314513 -0.611844 -0.498602 0.758929 0.035400 3
0 -0.121890 -0.611827 -0.498579 0.845982 0.397949 3
0 -0.121818 -0.172473 -0.508641 0.953125 0.397949 3
0 -0.125398 -0.618419 0.446543 0.837054 0.035400 3
0 0.311006 -0.618431 0.446521 0.767857 0.397949 3
0 -0.125846 -0.190195 0.454535 0.953125 0.035400 3
0 0.643539 -0.606947 -0.056387 0.784099 0.329300 3
0 0.311006 -0.618431 0.446521 0.781174 0.615542 3
0 0.840008 -2.083801 -0.094645 0.729545 0.640941 3
0 0.314513 -0.611844 -0.498602 0.116521 0.438999 3
0 -0.365479 -0.598384 -0.039283 0.124557 0.113874 3
0 -0.599112 -2.083801 -0.094601 0.743467 0.113578 3
0 -0.125398 -0.618419 0.446543 0.123686 0.135979 3
0 -0.197346 -2.083801 0.698152 0.742467 0.132094 3
0 0.332811 -2.083801 0.698134 0.737174 0.168979 3
0 -0.125398 -0.618419 0.446543 0.835829 0.610823 3
0 -0.125846 -0.190195 0.454535 0.953029 0.613967 3
0 -0.360417 -0.303245 -0.027053 0.956890 0.359948 3
0 -0.121890 -0.611827 -0.498579 0.120871 0.223093 3
0 -0.599112 -2.083801 -0.094601 0.743467 0.062101 3
0 0.314513 -0.611844 -0.498602 0.782668 0.077606 3
0 -0.121818 -0.172473 -0.508641 0.955252 0.105316 3
0 -0.121890 -0.611827 -0.498579 0.835056 0.111733 3
0 -0.365479 -0.598384 -0.039283 0.876096 0.354232 3
0 0.643539 -0.606947 -0.056387 0.118710 0.642367 3
0 -0.365479 -0.598384 -0.039283 0.124557 0.064206 3
0 0.311006 -0.618431 0.446521 0.119334 0.166341 3
0 0.840008 -2.083801 -0.094645 0.729545 0.194978 3
0 0.643539 -0.606947 -0.056387 0.118710 0.195178 3
0 0.455932 0.002651 0.256362 0.344292 0.978471 5
0 0.439980 -0.644654 -0.486853 0.234807 0.891735 5
0 0.381471 -0.644654 -0.761363 0.239758 0.877094 5
0 0.297998 0.002650 -0.484623 0.357658 0.938949 5
0 -0.218686 0.003346 -0.374497 0.388878 0.842531 5
0 0.381471 -0.644654 -0.761363 0.232833 0.899442 5
0 0.052060 -0.752654 -0.691151 0.240331 0.809860 5
0 0.021039 0.221064 0.006513 0.409637 0.890950 5
0 -0.218686 0.003346 -0.374497 0.401505 0.809744 5
0 -0.234270 0.003347 0.058645 0.402824 0.805844 5
0 -0.406950 -0.968653 -0.421129 0.232024 0.699594 5
0 -0.187343 -0.860654 -0.467937 0.240805 0.741043 5
0 -0.060750 0.003347 0.366489 0.388139 0.849266 5
0 0.110570 -0.752653 -0.416643 0.244193 0.795498 5
0 0.023291 -0.860654 0.520294 0.233087 0.759852 5
0 -0.196316 -0.968654 0.567101 0.233180 0.691092 5
0 0.297998 0.002650 -0.484623 0.348450 0.961637 5
0 -0.187343 -0.860654 -0.467937 0.250913 0.707143 5
0 0.052060 -0.752654 -0.691151 0.249145 0.780856 5
0 0.566467 -0.917153 0.113616 0.671875 0.373230 8
0 0.651276 -3.028481 0.125956 0.951066 0.331306 8
0 -0.544109 -0.299662 0.575098 0.955078 0.032928 8
0 -0.515924 -1.126127 0.581369 0.650391 0.046387 8
0 0.349276 -0.960268 0.586581 0.671875 0.373230 8
0 -0.516399 -1.126279 -0.366370 0.607422 0.373230 8
0 0.354464 -0.971047 -0.338672 0.443359 0.405490 8
0 0.332851 -3.019619 -0.355632 0.951172 0.428843 8
0 -0.093556 -3.019619 -0.355609 0.953125 0.090464 8
0 -0.516399 -1.126279 -0.366370 0.441396 0.066571 8
0 0.332851 -3.019619 -0.355632 0.951409 0.055599 8
0 -0.515924 -1.126127 0.581369 0.440983 0.404423 8
0 -0.097415 -3.037342 0.607568 0.953084 0.374845 8
0 0.328992 -3.037342 0.607544 0.953125 0.035317 8
0 0.349276 -0.960268 0.586581 0.441406 0.065969 8
0 0.566467 -0.917153 0.113616 0.441406 0.223605 8
0 -0.516399 -1.126279 -0.366370 0.441396 0.949531 8
0 -0.093556 -3.019619 -0.355609 0.953125 0.971948 8
0 0.328992 -3.037342 0.607544 0.951409 0.612195 8
0 -0.532750 -0.233519 -0.379486 0.951172 0.371307 8
0 0.354464 -0.971047 -0.338672 0.650391 0.046387 8
0 0.328992 -3.037342 0.607544 0.953125 0.397949 8
0 0.349276 -0.960268 0.586581 0.607422 0.373230 8
0 0.566467 -0.917153 0.113616 0.689453 0.042542 8
0 0.332851 -3.019619 -0.355632 0.953125 0.035400 8
0 -0.293971 -3.028481 0.125979 0.953105 0.809524 8
0 -0.097415 -3.037342 0.607568 0.953084 0.647101 8
0 -0.515924 -1.126127 0.581369 0.440983 0.674851 8
0 -0.516399 -1.126279 -0.366370 0.623047 0.031006 8
0 -0.515924 -1.126127 0.581369 0.625000 0.380921 8
0 -0.544109 -0.299662 0.575098 0.953125 0.384766 8
0 -0.532750 -0.233519 -0.379486 0.955078 0.031006 8
0 0.651276 -3.028481 0.125956 0.952148 0.209008 8
0 0.332851 -3.019619 -0.355632 0.951172 0.382700 8
0 0.354464 -0.971047 -0.338672 0.443359 0.359347 8
0 -0.643539 -0.606947 -0.056387 0.784099 0.329300 10
0 -0.314513 -0.611844 -0.498603 0.116521 0.438999 10
0 -0.840008 -2.083800 -0.094645 0.729545 0.640941 10
0 0.125398 -0.618419 0.446543 0.123686 0.135979 10
0 0.599112 -2.083801 -0.094601 0.743467 0.113578 10
0 0.365479 -0.598383 -0.039283 0.124557 0.113874 10
0 0.197346 -2.083801 0.698152 0.742467 0.132094 10
0 -0.332811 -2.083800 0.698134 0.737174 0.168979 10
0 0.360417 -0.303245 -0.027053 0.956890 0.359948 10
0 0.125846 -0.190195 0.454535 0.953029 0.613967 10
0 0.125398 -0.618419 0.446543 0.835829 0.610823 10
0 0.599112 -2.083801 -0.094601 0.743467 0.062101 10
0 0.121890 -0.611827 -0.498579 0.120871 0.223093 10
0 -0.314513 -0.611844 -0.498603 0.782668 0.077606 10
0 0.121890 -0.611827 -0.498579 0.835056 0.111733 10
0 0.121818 -0.172472 -0.508641 0.955252 0.105316 10
0 0.365479 -0.598383 -0.039283 0.876096 0.354232 10
0 -0.643539 -0.606947 -0.056387 0.118710 0.642367 10
0 0.365479 -0.598383 -0.039283 0.124557 0.064206 10
0 -0.643539 -0.606947 -0.056387 0.118710 0.195178 10
0 -0.840008 -2.083800 -0.094645 0.729545 0.194978 10
0 -0.311006 -0.618431 0.446521 0.119334 0.166341 10
0 0.197346 -2.083801 0.698152 0.742467 0.193770 10
0 -0.332811 -2.083800 0.698134 0.737174 0.456060 10
0 -0.341058 -2.083800 -0.761113 0.737092 0.460140 10
0 0.192214 -2.083800 -0.761086 0.742415 0.196309 10
0 0.121818 -0.172472 -0.508641 0.953125 0.397949 10
0 0.121890 -0.611827 -0.498579 0.845982 0.397949 10
0 -0.314513 -0.611844 -0.498603 0.758929 0.035400 10
0 0.125846 -0.190195 0.454535 0.953125 0.035400 10
0 -0.311006 -0.618431 0.446521 0.767857 0.397949 10
0 0.125398 -0.618419 0.446543 0.837054 0.035400 10
0 -0.311006 -0.618431 0.446521 0.781174 0.615542 10
0 0.232260 0.003348 0.058645 0.402824 0.805844 12
0 0.216676 0.003348 -0.374497 0.401505 0.809744 12
0 -0.023049 0.221065 0.006513 0.409637 0.890950 12
0 0.185333 -0.860652 -0.467937 0.240805 0.741043 12
0 0.404940 -0.968652 -0.421129 0.232024 0.699594 12
0 0.058741 0.003348 0.366489 0.388139 0.849266 12
0 -0.112580 -0.752652 -0.416642 0.244193 0.795498 12
0 0.194306 -0.968652 0.567101 0.233180 0.691092 12
0 -0.025301 -0.860652 0.520294 0.233087 0.759852 12
0 -0.300007 0.002652 -0.484623 0.348450 0.961637 12
0 -0.054070 -0.752652 -0.691151 0.249145 0.780856 12
0 0.185333 -0.860652 -0.467937 0.250913 0.707143 12
0 -0.383480 -0.644652 -0.761363 0.239758 0.877094 12
0 -0.441989 -0.644652 -0.486853 0.234807 0.891735 12
0 -0.457942 0.002652 0.256362 0.344292 0.978471 12
0 -0.300007 0.002652 -0.484623 0.357658 0.938949 12
0 -0.054070 -0.752652 -0.691151 0.240331 0.809860 12
0 -0.383480 -0.644652 -0.761363 0.232833 0.899442 12
0 0.216676 0.003348 -0.374497 0.388878 0.842531 12
0 -0.332851 -3.019619 -0.355632 0.953125 0.035400 15
0 -0.328992 -3.037342 0.607544 0.951409 0.612195 15
0 -0.354464 -0.971047 -0.338672 0.650391 0.046387 15
0 -0.328992 -3.037342 0.607544 0.953125 0.397949 15
0 0.532750 -0.233519 -0.379486 0.951172 0.371307 15
0 -0.566467 -0.917153 0.113616 0.689453 0.042542 15
0 -0.349276 -0.960268 0.586581 0.607422 0.373230 15
0 0.515924 -1.126127 0.581369 0.440983 0.674851 15
0 0.097415 -3.037342 0.607568 0.953084 0.647101 15
0 0.293971 -3.028481 0.125979 0.953105 0.809524 15
0 0.532750 -0.233519 -0.379486 0.955078 0.031006 15
0 0.544109 -0.299662 0.575098 0.953125 0.384766 15
0 0.515924 -1.126127 0.581369 0.625000 0.380921 15
0 0.516399 -1.126279 -0.366370 0.623047 0.031006 15
0 -0.354464 -0.971047 -0.338672 0.443359 0.359347 15
0 -0.332851 -3.019619 -0.355632 0.951172 0.382700 15
0 -0.651276 -3.028481 0.125956 0.952148 0.209008 15
0 -0.332851 -3.019619 -0.355632 0.951409 0.055599 15
0 -0.566467 -0.917153 0.113616 0.671875 0.373230 15
0 -0.349276 -0.960268 0.586581 0.671875 0.373230 15
0 0.515924 -1.126127 0.581369 0.650391 0.046387 15
0 0.544109 -0.299662 0.575098 0.955078 0.032928 15
0 0.516399 -1.126279 -0.366370 0.607422 0.373230 15
0 0.516399 -1.126279 -0.366370 0.441396 0.066571 15
0 0.093556 -3.019619 -0.355609 0.953125 0.090464 15
0 -0.332851 -3.019619 -0.355632 0.951172 0.428843 15
0 -0.354464 -0.971047 -0.338672 0.443359 0.405490 15
0 -0.651276 -3.028481 0.125956 0.951066 0.331306 15
0 -0.349276 -0.960268 0.586581 0.441406 0.065969 15
0 -0.328992 -3.037342 0.607544 0.953125 0.035317 15
0 0.097415 -3.037342 0.607568 0.953084 0.374845 15
0 0.515924 -1.126127 0.581369 0.440983 0.404423 15
0 -0.566467 -0.917153 0.113616 0.441406 0.223605 15
0 0.093556 -3.019619 -0.355609 0.953125 0.971948 15
0 0.516399 -1.126279 -0.366370 0.441396 0.949531 15
272
-0.397128 0.621197 -0.650951
-0.564741 0.778997 0.243205
-0.908492 0.000000 0.417902
-0.887951 0.000000 -0.459939
-0.011314 0.343909 -0.875242
-0.397128 0.621197 -0.650951
-0.887951 0.000000 -0.459939
-0.015163 0.000000 -0.999885
0.000000 0.552046 0.800695
0.000000 0.000000 1.000000
0.561818 0.781878 0.239642
0.908584 0.000000 0.417703
0.386708 0.620383 -0.656596
-0.011314 0.343909 -0.875242
-0.015163 0.000000 -0.999885
0.880771 0.000000 -0.473543
0.386708 0.620383 -0.656596
0.880771 0.000000 -0.473543
-0.355531 -0.376457 0.855499
-0.278966 0.667622 0.690260
-0.978388 0.205890 -0.019151
0.177564 -0.446879 0.663656
0.278966 0.667622 0.690260
0.355759 -0.379854 0.853901
-0.112306 -0.532182 0.623678
0.978388 0.205890 -0.019151
0.621551 -0.782680 -0.032961
0.696989 -0.376969 -0.610001
0.112666 -0.675464 -0.522792
-0.666428 -0.342453 0.029960
-0.666971 -0.403902 -0.626110
-0.615354 -0.785905 -0.060765
0.666428 -0.342453 0.029960
-0.045122 -0.615498 -0.560047
0.355759 -0.379854 0.853901
-0.112306 -0.532182 0.623678
-0.249226 0.768181 -0.589732
-0.962961 0.251133 -0.098181
0.696989 -0.376969 -0.610001
0.252323 0.770047 -0.585970
0.962961 0.251133 -0.098180
0.112666 -0.675464 -0.522792
0.252323 0.770047 -0.585970
0.278966 0.667622 0.690260
0.978388 0.205890 -0.019151
0.962961 0.251133 -0.098180
-0.278966 0.667622 0.690260
-0.249226 0.768181 -0.589732
-0.962961 0.251133 -0.098181
-0.978388 0.205890 -0.019151
-0.045122 -0.615498 -0.560047
0.666428 -0.342453 0.029960
0.177564 -0.446879 0.663656
0.666428 -0.342453 0.029960
0.177564 -0.446879 0.663656
0.112666 -0.675464 -0.522792
-0.112306 -0.532182 0.623678
-0.666428 -0.342453 0.029960
-0.666428 -0.342453 0.029960
-0.112306 -0.532182 0.623678
-0.981185 -0.178871 -0.072678
-0.967676 0.180264 -0.176377
0.194566 0.207709 0.958645
0.000000 -0.189010 0.981975
0.290269 0.788403 -0.542369
-0.905353 0.044573 -0.422314
-0.726542 0.537660 -0.427853
-0.985695 -0.018810 0.167486
-0.290269 0.788403 -0.542369
-0.290269 0.788403 -0.542369
0.026990 0.840683 -0.540854
-0.726542 0.537660 -0.427853
0.775585 0.497628 -0.388375
0.290269 0.788403 -0.542369
-0.568828 -0.778398 0.265577
0.568828 -0.778398 0.265577
-0.214147 -0.064071 -0.974698
0.874291 -0.464760 -0.140051
0.733913 -0.042762 -0.677896
-0.647477 -0.125141 -0.751741
-0.973806 -0.136963 -0.181504
-0.609983 0.161023 -0.775882
-0.070534 0.099927 -0.992492
-0.199151 -0.513310 -0.834777
0.568828 -0.778398 0.265577
0.981185 -0.178871 -0.072678
-0.967676 0.180264 -0.176377
0.967676 0.180264 -0.176376
0.981368 -0.059746 0.182614
0.775585 0.497628 -0.388375
0.905353 0.044573 -0.422314
-0.194566 0.207709 0.958645
0.967676 0.180264 -0.176376
0.981185 -0.178871 -0.072678
-0.981185 -0.178871 -0.072678
-0.568828 -0.778398 0.265577
0.199151 -0.513309 -0.834777
0.000000 -0.189010 0.981975
-0.350354 -0.700646 -0.621568
0.323615 -0.693944 -0.643207
0.342111 -0.704925 0.621322
-0.368734 -0.712214 0.597316
0.591587 0.073204 -0.802911
-0.668778 0.084561 -0.738638
-0.534658 -0.030782 -0.844508
-0.683326 0.079193 0.725806
0.621487 0.082149 0.779105
-0.517526 0.000238 0.855667
0.996410 0.080277 -0.026902
0.621487 0.082149 0.779105
0.985187 -0.168697 -0.030803
0.591587 0.073204 -0.802911
-0.996112 0.087019 -0.013748
-0.990746 -0.133276 -0.025670
-0.683326 0.079193 0.725806
-0.368734 -0.712214 0.597316
0.342111 -0.704925 0.621322
-0.683326 0.079193 0.725806
-0.517526 0.000238 0.855667
-0.999952 0.003466 -0.009132
-0.668778 0.084561 -0.738638
-0.990746 -0.133276 -0.025670
0.591587 0.073204 -0.802911
-0.534658 -0.030782 -0.844508
-0.668778 0.084561 -0.738638
-0.996112 0.087019 -0.013748
0.996410 0.080277 -0.026902
-0.996112 0.087019 -0.013748
0.621487 0.082149 0.779105
0.985187 -0.168697 -0.030803
0.996410 0.080277 -0.026902
0.894005 0.261677 0.363704
0.891206 -0.176725 0.417756
0.523413 0.253511 -0.813493
0.376070 0.753009 -0.539952
-0.548969 0.458152 -0.699092
0.523413 0.253511 -0.813493
-0.556502 -0.281985 -0.781531
-0.170681 0.983040 0.067086
-0.548969 0.458152 -0.699092
-0.877332 0.432849 0.207196
-0.900460 -0.031470 -0.433799
0.001316 -0.161314 -0.986902
-0.243708 0.538287 0.806755
0.287482 -0.772453 0.566278
0.704345 -0.190888 0.683710
-0.642504 0.000388 0.766282
0.376070 0.753009 -0.539952
0.001316 -0.161314 -0.986902
-0.556502 -0.281985 -0.781531
0.999874 0.012886 0.009309
0.996433 -0.058955 -0.007471
-0.458048 -0.148747 0.876394
-0.772154 -0.074785 0.631019
0.501644 0.003368 0.865067
-0.758591 -0.081405 -0.646462
0.513449 -0.035994 -0.857365
0.102432 -0.653023 -0.131488
0.076412 -0.841076 -0.535492
-0.758591 -0.081405 -0.646462
0.102432 -0.653023 -0.131488
-0.772154 -0.074785 0.631019
0.804122 -0.490664 0.335614
-0.282991 -0.327182 0.204473
0.501644 0.003368 0.865067
0.999874 0.012886 0.009309
-0.758591 -0.081405 -0.646462
0.076412 -0.841076 -0.535492
-0.282991 -0.327182 0.204473
-0.456449 -0.196742 -0.867725
0.513449 -0.035994 -0.857365
-0.282991 -0.327182 0.204473
0.501644 0.003368 0.865067
0.999874 0.012886 0.009309
0.102432 -0.653023 -0.131488
-0.982823 -0.184496 -0.004550
0.804122 -0.490664 0.335614
-0.772154 -0.074785 0.631019
-0.758591 -0.081405 -0.646462
-0.772154 -0.074785 0.631019
-0.458048 -0.148747 0.876394
-0.456449 -0.196742 -0.867725
0.996433 -0.058955 -0.007471
0.102432 -0.653023 -0.131488
0.513449 -0.035994 -0.857365
-0.996410 0.080277 -0.026902
-0.591587 0.073204 -0.802911
-0.985187 -0.168697 -0.030803
0.683326 0.079193 0.725806
0.990746 -0.133276 -0.025670
0.996112 0.087019 -0.013748
0.368734 -0.712214 0.597316
-0.342111 -0.704925 0.621322
0.999952 0.003466 -0.009132
0.517526 0.000238 0.855667
0.683326 0.079193 0.725806
0.990746 -0.133276 -0.025670
0.668778 0.084561 -0.738638
-0.591587 0.073204 -0.802911
0.668778 0.084561 -0.738638
0.534658 -0.030782 -0.844508
0.996112 0.087019 -0.013748
-0.996410 0.080277 -0.026902
0.996112 0.087019 -0.013748
-0.996410 0.080277 -0.026902
-0.985187 -0.168697 -0.030803
-0.621487 0.082149 0.779105
0.368734 -0.712214 0.597316
-0.342111 -0.704925 0.621322
-0.323615 -0.693944 -0.643207
0.350354 -0.700646 -0.621568
0.534658 -0.030782 -0.844508
0.668778 0.084561 -0.738638
-0.591587 0.073204 -0.802911
0.517526 0.000238 0.855667
-0.621487 0.082149 0.779105
0.683326 0.079193 0.725806
-0.621487 0.082149 0.779105
0.877332 0.432849 0.207196
0.548970 0.458152 -0.699092
0.170681 0.983040 0.067086
-0.001316 -0.161314 -0.986902
0.900460 -0.031471 -0.433799
0.243708 0.538287 0.806755
-0.287482 -0.772453 0.566278
0.642504 0.000388 0.766282
-0.704346 -0.190888 0.683710
-0.376070 0.753009 -0.539953
0.556502 -0.281985 -0.781530
-0.001316 -0.161314 -0.986902
-0.523413 0.253511 -0.813493
-0.891206 -0.176724 0.417756
-0.894005 0.261677 0.363704
-0.376070 0.753009 -0.539953
0.556502 -0.281985 -0.781530
-0.523413 0.253511 -0.813493
0.548970 0.458152 -0.699092
-0.102432 -0.653023 -0.131488
0.282991 -0.327182 0.204473
-0.513449 -0.035993 -0.857365
0.282991 -0.327182 0.204473
0.456449 -0.196741 -0.867725
-0.999874 0.012886 0.009309
-0.501645 0.003367 0.865067
0.772154 -0.074785 0.631019
-0.804122 -0.490664 0.335614
0.982823 -0.184496 -0.004550
0.456449 -0.196741 -0.867725
0.458048 -0.148747 0.876394
0.772154 -0.074785 0.631019
0.758591 -0.081405 -0.646462
-0.513449 -0.035993 -0.857365
-0.102432 -0.653023 -0.131488
-0.996433 -0.058955 -0.007471
-0.102432 -0.653023 -0.131488
-0.999874 0.012886 0.009309
-0.501645 0.003367 0.865067
0.772154 -0.074785 0.631019
0.458048 -0.148747 0.876394
0.758591 -0.081405 -0.646462
0.758591 -0.081405 -0.646462
-0.076412 -0.841076 -0.535492
-0.102432 -0.653023 -0.131488
-0.513449 -0.035993 -0.857365
-0.996433 -0.058955 -0.007471
-0.501645 0.003367 0.865067
0.282991 -0.327182 0.204473
-0.804122 -0.490664 0.335614
0.772154 -0.074785 0.631019
-0.999874 0.012886 0.009309
-0.076412 -0.841076 -0.535492
0.758591 -0.081405 -0.646462
190
0 0 2 1 0 2 1 1
0 0 3 2 0 3 2 1
0 4 6 5 4 6 5 1
0 4 7 6 4 7 6 1
0 1 9 8 1 9 8 1
0 1 2 9 1 2 9 1
0 8 11 10 8 11 10 1
0 8 9 11 8 9 11 1
0 12 14 13 12 14 13 1
0 12 15 14 12 15 14 1
0 10 17 16 10 17 16 1
0 10 11 17 10 11 17 1
0 18 20 19 18 20 19 1
0 18 21 20 18 21 20 1
0 22 24 23 22 24 23 1
0 22 25 24 22 25 24 1
0 26 28 27 26 28 27 1
0 26 29 28 26 29 28 1
0 30 32 31 30 32 31 1
0 30 33 32 30 33 32 1
0 34 29 26 34 29 26 1
0 34 35 29 34 35 29 1
0 36 33 30 36 33 30 1
0 36 37 33 36 37 33 1
0 38 40 39 38 40 39 1
0 38 41 40 38 41 40 1
0 31 21 18 31 21 18 1
0 31 32 21 31 32 21 1
0 42 44 43 42 44 43 1
0 42 45 44 42 45 44 1
0 46 48 47 46 48 47 1
0 46 49 48 46 49 48 1
0 88 90 89 88 90 89 1
0 91 93 92 91 93 92 1
0 94 96 95 94 96 95 1
0 97 93 91 97 93 91 1
0 60 62 61 60 62 61 1
0 60 63 62 60 63 62 1
0 64 89 90 64 89 90 1
0 65 67 66 65 67 66 1
0 66 68 65 66 68 65 1
0 69 71 70 69 71 70 1
0 72 73 70 72 73 70 1
0 67 65 74 67 65 74 1
0 90 88 75 90 88 75 1
0 76 78 77 76 78 77 1
0 79 81 80 79 81 80 1
0 76 79 82 76 79 82 1
0 73 69 70 73 69 70 1
0 83 85 84 83 85 84 1
0 96 63 95 96 63 95 1
0 97 83 84 97 83 84 1
0 96 94 86 96 94 86 1
0 85 83 87 85 83 87 1
0 63 96 62 63 96 62 1
0 83 97 91 83 97 91 1
0 79 76 81 79 76 81 1
0 82 78 76 82 78 76 1
0 128 130 129 128 130 129 1
0 98 100 99 98 100 99 1
0 98 101 100 98 101 100 1
0 102 104 103 102 104 103 1
0 102 174 104 102 174 104 1
0 105 171 106 105 171 106 1
0 105 107 171 105 107 171 1
0 108 109 151 108 109 151 1
0 110 111 99 110 111 99 1
0 112 114 113 112 114 113 1
0 113 114 115 113 114 115 1
0 128 115 114 128 115 114 1
0 128 116 115 128 116 115 1
0 128 129 116 128 129 116 1
0 100 110 99 100 110 99 1
0 117 119 118 117 119 118 1
0 120 121 98 120 121 98 1
0 101 98 121 101 98 121 1
0 120 99 111 120 99 111 1
0 120 98 99 120 98 99 1
0 122 151 160 122 151 160 1
0 119 124 123 119 124 123 1
0 151 109 168 151 109 168 1
0 125 124 119 125 124 119 1
0 126 111 110 126 111 110 1
0 117 125 119 117 125 119 1
0 120 127 121 120 127 121 1
0 122 108 151 122 108 151 1
0 131 133 132 131 133 132 1
0 131 134 133 131 134 133 1
0 135 137 136 135 137 136 1
0 138 140 139 138 140 139 1
0 141 142 135 141 142 135 1
0 138 134 131 138 134 131 1
0 138 131 143 138 131 143 1
0 138 139 134 138 139 134 1
0 144 131 132 144 131 132 1
0 140 138 143 140 138 143 1
0 135 142 137 135 142 137 1
0 145 146 143 145 146 143 1
0 135 136 147 135 136 147 1
0 144 145 131 144 145 131 1
0 145 143 131 145 143 131 1
0 145 149 148 145 149 148 1
0 145 144 149 145 144 149 1
0 169 170 50 169 170 50 1
0 51 172 52 51 172 52 1
0 51 173 172 51 173 172 1
0 175 177 176 175 177 176 1
0 178 180 179 178 180 179 1
0 178 181 180 178 181 180 1
0 182 184 183 182 184 183 1
0 150 50 170 150 50 170 1
0 150 53 50 150 53 50 1
0 152 154 153 152 154 153 1
0 170 169 155 170 169 155 1
0 156 158 157 156 158 157 1
0 156 159 158 156 159 158 1
0 154 152 54 154 152 54 1
0 161 163 162 161 163 162 1
0 161 164 163 161 164 163 1
0 182 164 165 182 164 165 1
0 166 175 167 166 175 167 1
0 175 166 177 175 166 177 1
0 164 182 163 164 182 163 1
0 184 182 165 184 182 165 1
0 204 206 205 204 206 205 1
0 207 209 208 207 209 208 1
0 207 210 209 207 210 209 1
0 237 212 211 237 212 211 1
0 237 213 212 237 213 212 1
0 214 215 240 214 215 240 1
0 214 216 215 214 216 215 1
0 217 185 264 217 185 264 1
0 186 187 209 186 187 209 1
0 188 190 189 188 190 189 1
0 188 189 191 188 189 191 1
0 192 188 191 192 188 191 1
0 192 206 188 192 206 188 1
0 205 206 192 205 206 192 1
0 187 208 209 187 208 209 1
0 193 195 194 193 195 194 1
0 196 197 210 196 197 210 1
0 210 207 196 210 207 196 1
0 210 186 209 210 186 209 1
0 210 197 186 210 197 186 1
0 264 198 254 264 198 254 1
0 199 193 200 199 193 200 1
0 217 264 238 217 264 238 1
0 199 201 193 199 201 193 1
0 186 202 187 186 202 187 1
0 201 195 193 201 195 193 1
0 203 197 196 203 197 196 1
0 185 198 264 185 198 264 1
0 230 232 231 230 232 231 1
0 233 232 230 233 232 230 1
0 234 236 235 234 236 235 1
0 218 220 219 218 220 219 1
0 221 222 236 221 222 236 1
0 233 220 232 233 220 232 1
0 232 220 223 232 220 223 1
0 219 220 233 219 220 233 1
0 232 224 231 232 224 231 1
0 220 218 223 220 218 223 1
0 221 236 234 221 236 234 1
0 225 226 223 225 226 223 1
0 235 236 227 235 236 227 1
0 226 224 232 226 224 232 1
0 223 226 232 223 226 232 1
0 224 229 228 224 229 228 1
0 224 226 229 224 226 229 1
0 239 241 55 239 241 55 1
0 242 56 243 242 56 243 1
0 242 57 56 242 57 56 1
0 244 246 245 244 246 245 1
0 247 249 248 247 249 248 1
0 247 250 249 247 250 249 1
0 251 253 252 251 253 252 1
0 58 239 55 58 239 55 1
0 58 255 239 58 255 239 1
0 256 258 257 256 258 257 1
0 241 239 259 241 239 259 1
0 260 262 261 260 262 261 1
0 260 263 262 260 263 262 1
0 258 256 59 258 256 59 1
0 265 267 266 265 267 266 1
0 265 268 267 265 268 267 1
0 265 253 269 265 253 269 1
0 246 271 270 246 271 270 1
0 271 246 244 271 246 244 1
0 253 265 266 253 265 266 1
0 253 251 269 253 251 269 1
"Mesh10" 0 10
64
0 0.321030 -1.483333 1.168152 0.356284 0.853022 2
0 1.012560 -0.133333 0.868152 0.073089 0.485391 2
0 0.980736 -0.333333 -0.766151 0.086122 0.485391 2
0 0.286447 -1.460621 -0.764421 0.370447 0.844673 2
0 -0.132623 -1.583330 0.087990 0.430380 0.889820 2
0 -1.012560 -0.133333 0.868152 0.072128 0.485329 2
0 0.132623 -1.583330 0.087990 0.433441 0.889783 2
0 0.000001 -0.657104 -1.038803 0.487752 0.512512 2
0 0.000001 -1.483289 -0.828578 0.487752 0.853005 2
0 -0.286446 -1.460621 -0.764421 0.367753 0.844697 2
0 -0.321030 -1.483333 1.168152 0.353673 0.853050 2
0 0.000001 -1.309999 1.082943 0.487752 0.789299 2
0 0.000001 -0.243764 1.133647 0.487752 0.507608 2
0 -0.980736 -0.333333 -0.766151 0.085084 0.485329 2
0 -0.661304 -1.727455 0.799327 0.694612 0.975250 4
0 0.162441 -1.727455 0.799327 0.694612 0.975250 4
0 0.402183 -1.097286 0.860261 0.697798 0.881000 4
0 -0.778561 -1.097286 0.860260 0.697798 0.881000 4
0 0.624989 -0.964686 -0.239944 0.640264 0.861168 4
0 0.488452 -1.727455 -0.156845 0.644609 0.975250 4
0 -0.272151 -1.727455 -2.769011 0.508008 0.975250 4
0 -0.907863 -1.727455 -2.469011 0.523696 0.975250 4
0 -0.957122 -0.850736 -2.504273 0.521852 0.844125 4
0 -0.237674 -0.850736 -2.804273 0.506164 0.844125 4
0 -0.237674 -0.850736 -2.804273 0.981129 0.331521 4
0 -0.957122 -0.850736 -2.504273 0.972162 0.627422 4
0 -0.222914 -0.519525 -2.513681 0.979668 0.339599 4
0 0.814462 -1.727455 -1.113016 0.594607 0.975250 4
0 0.415267 -1.727455 -2.469011 0.523696 0.975250 4
0 0.551200 -0.850736 -2.504273 0.521852 0.844125 4
0 0.841738 -0.835691 -1.257524 0.587050 0.841875 4
0 -0.216792 -0.307412 -1.684831 0.712791 0.345797 4
0 0.841738 -0.835691 -1.257524 0.614692 0.045888 4
0 0.551200 -0.850736 -2.504273 0.982450 0.036029 4
0 -1.219846 -0.835691 -1.257524 0.601707 0.626868 4
0 -0.932345 -1.727455 -0.156845 0.644609 0.975250 4
0 -1.109066 -0.984504 -0.194832 0.642623 0.864132 4
0 -1.219846 -0.835691 -1.257524 0.587050 0.841875 4
0 -1.203386 -1.727455 -1.113017 0.594607 0.975250 4
0 0.957122 -0.850736 -2.504273 0.962143 0.627422 11
0 0.237674 -0.850736 -2.804274 0.973416 0.331521 11
0 -0.551200 -0.850736 -2.504274 0.521852 0.844125 11
0 -0.415267 -1.727455 -2.469011 0.523696 0.975250 11
0 -0.814462 -1.727455 -1.113016 0.594607 0.975250 11
0 -0.841738 -0.835691 -1.257524 0.587050 0.841875 11
0 -0.841738 -0.835691 -1.257524 0.593142 0.045888 11
0 0.216792 -0.307412 -1.684831 0.694405 0.345797 11
0 -0.551200 -0.850736 -2.504274 0.972764 0.036029 11
0 1.219846 -0.835691 -1.257524 0.579739 0.626868 11
0 0.932345 -1.727455 -0.156845 0.644609 0.975250 11
0 1.203387 -1.727455 -1.113017 0.594607 0.975250 11
0 1.219846 -0.835691 -1.257524 0.587050 0.841875 11
0 1.109066 -0.984504 -0.194832 0.642623 0.864132 11
0 0.778561 -1.097286 0.860260 0.697798 0.881000 11
0 -0.402184 -1.097286 0.860261 0.697798 0.881000 11
0 -0.162441 -1.727455 0.799327 0.694612 0.975250 11
0 0.661304 -1.727455 0.799327 0.694612 0.975250 11
0 -0.624989 -0.964686 -0.239944 0.640264 0.861168 11
0 -0.488452 -1.727455 -0.156845 0.644609 0.975250 11
0 0.237674 -0.850736 -2.804274 0.506164 0.844125 11
0 0.957122 -0.850736 -2.504273 0.521852 0.844125 11
0 0.907864 -1.727455 -2.469011 0.523696 0.975250 11
0 0.272151 -1.727455 -2.769011 0.508008 0.975250 11
0 0.222914 -0.519525 -2.513681 0.969891 0.339599 11
64
-0.195459 -0.298637 0.931685
0.501075 0.316891 0.756225
0.670736 0.081581 -0.737006
-0.056617 -0.334211 -0.853279
0.548797 -0.551352 0.037016
-0.501292 0.316384 0.756433
-0.548797 -0.551352 0.037016
0.000050 -0.172444 -0.985019
0.000000 -0.838474 -0.544942
0.056617 -0.334211 -0.853279
0.195458 -0.298638 0.931685
-0.000002 -0.738188 0.674595
0.000000 0.231538 0.972826
-0.670786 0.081339 -0.736990
-0.658206 -0.527535 0.537095
0.652309 -0.559212 0.511640
0.684241 -0.272199 0.676551
-0.576748 -0.214174 0.788347
0.913210 -0.389048 0.121196
0.553854 -0.727173 -0.405544
-0.013507 -0.518305 -0.855089
-0.658511 -0.526711 -0.537530
-0.768430 0.348419 -0.536767
-0.014000 0.331124 -0.943483
-0.014000 0.331124 -0.943483
-0.768430 0.348419 -0.536767
-0.010899 0.916950 -0.398853
0.821928 -0.561038 0.098338
0.609260 -0.567350 -0.554000
0.754463 0.316334 -0.575082
0.916490 0.290772 -0.274767
-0.012620 0.593672 -0.804608
0.916490 0.290772 -0.274767
0.754463 0.316334 -0.575082
-0.905753 0.312797 -0.285952
-0.541218 -0.731908 -0.413997
-0.937369 -0.325340 0.124470
-0.905753 0.312797 -0.285952
-0.838178 -0.537224 0.094059
0.768430 0.348419 -0.536767
0.014001 0.331124 -0.943483
-0.754463 0.316334 -0.575082
-0.609260 -0.567350 -0.554000
-0.821928 -0.561038 0.098338
-0.916490 0.290772 -0.274767
-0.916490 0.290772 -0.274767
0.012620 0.593672 -0.804608
-0.754463 0.316334 -0.575082
0.905754 0.312797 -0.285952
0.541218 -0.731908 -0.413997
0.838178 -0.537224 0.094060
0.905754 0.312797 -0.285952
0.937369 -0.325340 0.124471
0.576748 -0.214174 0.788347
-0.684241 -0.272198 0.676551
-0.652309 -0.559212 0.511640
0.658206 -0.527535 0.537095
-0.913211 -0.389048 0.121195
-0.553854 -0.727173 -0.405544
0.014001 0.331124 -0.943483
0.768430 0.348419 -0.536767
0.658511 -0.526711 -0.537530
0.013508 -0.518305 -0.855089
0.010899 0.916950 -0.398853
76
0 7 9 8 7 9 8 1
0 10 12 11 10 12 11 1
0 7 13 9 7 13 9 1
0 0 12 1 0 12 1 1
0 2 7 3 2 7 3 1
0 4 8 9 4 8 9 1
0 12 0 11 12 0 11 1
0 3 7 8 3 7 8 1
0 11 4 10 11 4 10 1
0 12 10 5 12 10 5 1
0 6 11 0 6 11 0 1
0 11 6 4 11 6 4 1
0 8 6 3 8 6 3 1
0 6 8 4 6 8 4 1
0 36 38 37 36 38 37 1
0 14 16 15 14 16 15 1
0 14 17 16 14 17 16 1
0 18 15 16 18 15 16 1
0 18 19 15 18 19 15 1
0 20 22 21 20 22 21 1
0 20 23 22 20 23 22 1
0 22 38 21 22 38 21 1
0 38 22 37 38 22 37 1
0 24 26 25 24 26 25 1
0 27 29 28 27 29 28 1
0 36 27 38 36 27 38 1
0 36 18 27 36 18 27 1
0 29 27 30 29 27 30 1
0 31 26 32 31 26 32 1
0 27 18 30 27 18 30 1
0 26 33 32 26 33 32 1
0 26 34 25 26 34 25 1
0 34 26 31 34 26 31 1
0 14 36 17 14 36 17 1
0 36 19 18 36 19 18 1
0 36 35 19 36 35 19 1
0 35 36 14 35 36 14 1
0 26 24 33 26 24 33 1
0 23 28 29 23 28 29 1
0 23 20 28 23 20 28 1
0 21 28 20 21 28 20 1
0 21 27 28 21 27 28 1
0 21 38 27 21 38 27 1
0 35 15 19 35 15 19 1
0 35 14 15 35 14 15 1
0 50 52 51 50 52 51 1
0 53 55 54 53 55 54 1
0 53 56 55 53 56 55 1
0 55 57 54 55 57 54 1
0 58 57 55 58 57 55 1
0 59 61 60 59 61 60 1
0 59 62 61 59 62 61 1
0 50 60 61 50 60 61 1
0 60 50 51 60 50 51 1
0 63 40 39 63 40 39 1
0 41 43 42 41 43 42 1
0 57 50 43 57 50 43 1
0 57 52 50 57 52 50 1
0 43 41 44 43 41 44 1
0 63 46 45 63 46 45 1
0 57 43 44 57 43 44 1
0 47 63 45 47 63 45 1
0 48 63 39 48 63 39 1
0 63 48 46 63 48 46 1
0 52 56 53 52 56 53 1
0 49 57 58 49 57 58 1
0 49 52 57 49 52 57 1
0 52 49 56 52 49 56 1
0 40 63 47 40 63 47 1
0 62 41 42 62 41 42 1
0 62 59 41 62 59 41 1
0 50 42 43 50 42 43 1
0 50 62 42 50 62 42 1
0 50 61 62 50 61 62 1
0 56 58 55 56 58 55 1
0 56 49 58 56 49 58 1
"Mesh11" 0 11
182
0 -0.980736 -0.333333 -0.766151 0.675781 0.075226 2
0 -1.354269 -0.083333 0.137988 0.952083 0.062793 2
0 0.980736 -0.333333 -0.766151 0.675781 0.075226 2
0 1.354269 -0.083333 0.137988 0.952083 0.062793 2
0 -0.216792 -0.307412 -1.684831 0.495579 0.306487 4
0 -1.219846 -0.835691 -1.257524 0.594560 0.434503 4
0 0.841738 -0.835691 -1.257524 0.687524 0.495791 4
0 -0.778561 -1.097286 0.860260 0.691522 0.590113 4
0 0.841738 -0.835691 -1.257524 0.594561 0.434503 4
0 0.402183 -1.097286 0.860261 0.691522 0.590113 4
0 -1.109066 -0.984504 -0.194832 0.952938 0.548713 4
0 0.624989 -0.964686 -0.239944 0.952938 0.548713 4
0 -1.219846 -0.835691 -1.257524 0.687524 0.495791 4
0 -1.109066 -0.984504 -0.194832 0.952938 0.533332 4
0 0.624989 -0.964686 -0.239944 0.952938 0.533332 4
0 -0.778561 -1.097286 0.860260 0.577786 0.535246 4
0 0.402183 -1.097286 0.860261 0.577786 0.535246 4
0 -0.218686 0.003346 -0.374497 0.037946 0.037597 5
0 -0.196316 -0.968654 0.567101 0.401786 0.540771 5
0 -0.060750 0.003347 0.366489 0.399554 0.039795 5
0 -0.234270 0.003347 0.058645 0.234375 0.039795 5
0 -0.406950 -0.968653 -0.421129 0.035714 0.540771 5
0 0.770426 -0.958323 -0.107720 0.951709 0.269702 6
0 0.433931 -0.638592 -0.848927 0.747923 0.198943 6
0 0.431747 -1.254095 0.779949 0.708257 0.339603 6
0 0.938620 -2.902508 -0.111492 0.951777 0.717620 6
0 1.173515 -3.675099 -0.132861 0.952163 0.895617 6
0 0.641859 -3.675099 -1.250361 0.630909 0.890460 6
0 -0.479265 -1.253612 0.779948 0.708257 0.339493 6
0 -0.796342 -3.675101 -1.250361 0.630909 0.890460 6
0 -0.388691 -0.660246 -0.848928 0.747923 0.203875 6
0 -0.789037 -0.949325 -0.107721 0.951709 0.267629 6
0 -0.796342 -3.675101 -1.250361 0.630909 0.905841 6
0 -1.310011 -3.675099 -0.132861 0.952163 0.910998 6
0 -1.073602 -2.820112 -0.110127 0.951752 0.714018 6
0 -0.388691 -0.660246 -0.848928 0.747923 0.219256 6
0 -0.796343 -3.924418 1.162648 0.597657 0.945350 6
0 0.497992 -3.924418 1.162649 0.597656 0.945350 6
0 -0.789037 -0.949325 -0.107721 0.951709 0.283010 6
0 -1.073602 -2.820112 -0.110127 0.951752 0.698637 6
0 -1.310011 -3.675099 -0.132861 0.952163 0.895617 6
0 -1.310011 -3.675099 -0.132861 0.947946 0.206868 6
0 0.497992 -3.924418 1.162649 0.640130 0.178344 6
0 -0.796343 -3.924418 1.162648 0.640130 0.178344 6
0 0.641859 -3.675099 -1.250361 0.583571 0.143034 6
0 0.641859 -3.675099 -1.250361 0.675977 0.191488 6
0 1.173515 -3.675099 -0.132861 0.947946 0.206868 6
0 0.497992 -3.924418 1.162649 0.676645 0.261280 6
0 1.173515 -3.675099 -0.132861 0.947946 0.191488 6
0 -0.796342 -3.675101 -1.250361 0.583571 0.143035 6
0 -0.796343 -3.924418 1.162648 0.676645 0.261280 6
0 -1.310011 -3.675099 -0.132861 0.947946 0.191488 6
0 -0.796342 -3.675101 -1.250361 0.675977 0.191488 6
0 0.683604 -1.781828 -0.125803 0.948661 0.635254 7
0 0.563555 -1.738922 -0.118920 0.950000 0.634961 7
0 0.563555 -1.738922 -0.118920 0.948661 0.650634 7
0 0.683604 -1.781828 -0.125803 0.950000 0.650342 7
0 0.340517 -1.665473 -0.919685 0.646484 0.638550 7
0 0.356786 -1.619045 -0.816667 0.648438 0.644318 7
0 0.356786 -1.619045 -0.816667 0.646484 0.638550 7
0 0.340517 -1.665473 -0.919685 0.650195 0.642276 7
0 -0.355631 -0.776206 -0.923188 0.658203 0.407837 7
0 0.271588 -2.743693 -0.739801 0.665179 0.967041 7
0 0.340517 -1.665473 -0.919685 0.646484 0.638550 7
0 0.683604 -1.781828 -0.125803 0.948661 0.650634 7
0 0.524199 -2.744105 -0.121235 0.953125 0.969238 7
0 -0.291723 -2.742698 -0.727336 0.665179 0.967041 7
0 0.340517 -1.665473 -0.919685 0.646484 0.638550 7
0 0.271588 -2.743693 -0.739801 0.666667 0.966675 7
0 -0.596584 -2.747265 -0.101179 0.953125 0.969238 7
0 -0.296090 -2.743587 0.411032 0.665179 0.951660 7
0 -0.379397 -0.754268 0.519855 0.658203 0.392457 7
0 -0.830039 0.045732 -0.049297 0.953125 0.377588 7
0 -0.596584 -2.747265 -0.101179 0.953125 0.953857 7
0 0.524199 -2.744105 -0.121235 0.953125 0.953857 7
0 0.683604 -1.781828 -0.125803 0.948661 0.635254 7
0 0.329118 -1.665473 0.359606 0.646484 0.623169 7
0 0.343798 -1.620465 0.280311 0.644531 0.625092 7
0 0.292809 -2.743693 0.427931 0.665179 0.951660 7
0 -0.296090 -2.743587 0.411032 0.666667 0.951294 7
0 -0.321169 -4.028666 -0.764733 0.740930 0.055629 7
0 -0.644753 -4.028666 -0.133963 0.952404 0.035494 7
0 -0.321169 -4.028666 0.579268 0.738450 0.041904 7
0 0.565494 -4.028666 -0.133962 0.952404 0.035494 7
0 -0.321169 -4.028666 -0.764733 0.740930 0.040248 7
0 -0.355631 -0.776206 -0.923188 0.658203 0.407837 7
0 -0.830039 0.045732 -0.049297 0.953125 0.392968 7
0 0.329621 -4.028666 0.579268 0.738450 0.041904 7
0 0.296542 -4.028666 -0.764733 0.740930 0.040248 7
0 -0.644753 -4.028666 -0.133963 0.952404 0.050874 7
0 -0.379397 -0.754268 0.519855 0.658203 0.392457 7
0 0.343798 -1.620465 0.280311 0.646484 0.623169 7
0 0.329118 -1.665473 0.359606 0.648438 0.628937 7
0 -0.841738 -0.835691 -1.257524 0.687524 0.495791 11
0 0.778561 -1.097286 0.860260 0.691522 0.590113 11
0 -0.841738 -0.835691 -1.257524 0.594561 0.434503 11
0 -0.402184 -1.097286 0.860261 0.691522 0.590113 11
0 1.109066 -0.984504 -0.194832 0.952938 0.548713 11
0 -0.624989 -0.964686 -0.239944 0.952938 0.548713 11
0 1.219846 -0.835691 -1.257524 0.687524 0.495791 11
0 1.109066 -0.984504 -0.194832 0.952938 0.533332 11
0 -0.624989 -0.964686 -0.239944 0.952938 0.533332 11
0 -0.402184 -1.097286 0.860261 0.577786 0.535246 11
0 0.778561 -1.097286 0.860260 0.577786 0.535246 11
0 1.219846 -0.835691 -1.257524 0.594560 0.434503 11
0 0.216792 -0.307412 -1.684831 0.495579 0.306487 11
0 0.404940 -0.968652 -0.421129 0.035714 0.540771 12
0 0.216676 0.003348 -0.374497 0.037946 0.037597 12
0 0.232260 0.003348 0.058645 0.234375 0.039795 12
0 0.058741 0.003348 0.366489 0.399554 0.039795 12
0 0.194306 -0.968652 0.567101 0.401786 0.540771 12
0 0.479265 -1.253612 0.779948 0.708257 0.339493 13
0 0.388691 -0.660246 -0.848928 0.747923 0.203875 13
0 0.796342 -3.675101 -1.250361 0.630909 0.890460 13
0 0.789037 -0.949325 -0.107721 0.951709 0.267629 13
0 1.073602 -2.820112 -0.110127 0.951752 0.714018 13
0 1.310011 -3.675099 -0.132861 0.952163 0.910998 13
0 0.796342 -3.675101 -1.250361 0.630909 0.905841 13
0 0.388691 -0.660246 -0.848928 0.747923 0.219256 13
0 0.796343 -3.924418 1.162649 0.597657 0.945350 13
0 -0.497992 -3.924418 1.162649 0.597656 0.945350 13
0 0.789037 -0.949325 -0.107721 0.951709 0.283010 13
0 1.310011 -3.675099 -0.132861 0.952163 0.895617 13
0 1.073602 -2.820112 -0.110127 0.951752 0.698637 13
0 1.310011 -3.675099 -0.132861 0.947946 0.191488 13
0 -0.497992 -3.924418 1.162649 0.640130 0.178344 13
0 -1.173515 -3.675099 -0.132861 0.947946 0.191488 13
0 -0.641859 -3.675099 -1.250361 0.583571 0.143034 13
0 -0.641859 -3.675099 -1.250361 0.675977 0.191488 13
0 0.796343 -3.924418 1.162649 0.640130 0.178344 13
0 -0.497992 -3.924418 1.162649 0.676645 0.261280 13
0 -1.173515 -3.675099 -0.132861 0.947946 0.206868 13
0 1.310011 -3.675099 -0.132861 0.947946 0.206868 13
0 0.796343 -3.924418 1.162649 0.676645 0.261280 13
0 0.796342 -3.675101 -1.250361 0.583571 0.143035 13
0 0.796342 -3.675101 -1.250361 0.675977 0.191488 13
0 -0.433931 -0.638592 -0.848927 0.747923 0.198943 13
0 -0.770426 -0.958323 -0.107720 0.951709 0.269702 13
0 -0.431747 -1.254095 0.779949 0.708257 0.339603 13
0 -0.641859 -3.675099 -1.250361 0.630909 0.890460 13
0 -1.173515 -3.675099 -0.132861 0.952163 0.895617 13
0 -0.938620 -2.902508 -0.111492 0.951777 0.717620 13
0 0.321169 -4.028666 -0.764733 0.740930 0.055629 14
0 0.644753 -4.028666 -0.133962 0.952404 0.050874 14
0 0.644753 -4.028666 -0.133962 0.952404 0.035494 14
0 0.321169 -4.028666 0.579268 0.738450 0.041904 14
0 0.830039 0.045732 -0.049297 0.953125 0.392968 14
0 0.355631 -0.776206 -0.923188 0.658203 0.407837 14
0 0.321169 -4.028666 -0.764733 0.740930 0.040248 14
0 -0.565494 -4.028666 -0.133963 0.952404 0.035494 14
0 -0.329621 -4.028666 0.579268 0.738450 0.041904 14
0 -0.296542 -4.028666 -0.764733 0.740930 0.040248 14
0 -0.343798 -1.620465 0.280311 0.644531 0.625092 14
0 -0.563555 -1.738922 -0.118920 0.950000 0.634961 14
0 -0.683604 -1.781828 -0.125803 0.948661 0.635254 14
0 -0.329118 -1.665473 0.359606 0.648438 0.628937 14
0 -0.343798 -1.620465 0.280311 0.646484 0.623169 14
0 -0.356785 -1.619045 -0.816667 0.648438 0.644318 14
0 -0.340517 -1.665473 -0.919685 0.646484 0.638550 14
0 -0.683604 -1.781828 -0.125803 0.950000 0.650342 14
0 -0.563555 -1.738922 -0.118920 0.948661 0.650634 14
0 0.355631 -0.776206 -0.923188 0.658203 0.407837 14
0 -0.340517 -1.665473 -0.919685 0.650195 0.642276 14
0 -0.356785 -1.619045 -0.816667 0.646484 0.638550 14
0 -0.524199 -2.744105 -0.121235 0.953125 0.969238 14
0 -0.683604 -1.781828 -0.125803 0.948661 0.650634 14
0 -0.340517 -1.665473 -0.919685 0.646484 0.638550 14
0 -0.271588 -2.743693 -0.739801 0.665179 0.967041 14
0 -0.271588 -2.743693 -0.739801 0.666667 0.966675 14
0 -0.340517 -1.665473 -0.919685 0.646484 0.638550 14
0 0.291723 -2.742698 -0.727336 0.665179 0.967041 14
0 0.596584 -2.747265 -0.101179 0.953125 0.969238 14
0 0.596584 -2.747265 -0.101179 0.953125 0.953857 14
0 0.830039 0.045732 -0.049297 0.953125 0.377588 14
0 0.379397 -0.754268 0.519855 0.658203 0.392457 14
0 0.296090 -2.743587 0.411032 0.665179 0.951660 14
0 -0.683604 -1.781828 -0.125803 0.948661 0.635254 14
0 -0.524199 -2.744105 -0.121235 0.953125 0.953857 14
0 -0.329118 -1.665473 0.359606 0.646484 0.623169 14
0 0.379397 -0.754268 0.519855 0.658203 0.392457 14
0 0.296090 -2.743587 0.411032 0.666667 0.951294 14
0 -0.292809 -2.743693 0.427931 0.665179 0.951660 14
182
-0.670786 0.081339 -0.736990
-0.938356 0.309882 0.022214
0.670736 0.081581 -0.737006
0.938062 0.310344 0.022535
-0.012620 0.593672 -0.804608
-0.905753 0.312797 -0.285952
0.916490 0.290772 -0.274767
-0.576748 -0.214174 0.788347
0.916490 0.290772 -0.274767
0.684241 -0.272199 0.676551
-0.937369 -0.325340 0.124470
0.913210 -0.389048 0.121196
-0.905753 0.312797 -0.285952
-0.937369 -0.325340 0.124470
0.913210 -0.389048 0.121196
-0.576748 -0.214174 0.788347
0.684241 -0.272199 0.676551
-0.548969 0.458152 -0.699092
-0.642504 0.000388 0.766282
-0.243708 0.538287 0.806755
-0.877332 0.432849 0.207196
-0.900460 -0.031470 -0.433799
0.988630 0.126444 0.081377
0.665382 0.155366 -0.730156
0.439831 0.158216 0.884034
0.983689 0.171534 -0.054154
0.974804 -0.006179 0.072597
0.558431 0.252754 -0.778599
-0.646830 0.178960 0.741340
-0.596124 0.260109 -0.748035
-0.603797 0.161100 -0.780689
-0.987462 0.151484 0.044400
-0.596124 0.260109 -0.748035
-0.978695 0.090869 0.035433
-0.974210 0.202441 -0.099659
-0.603797 0.161100 -0.780689
-0.635057 -0.075319 0.731447
0.480330 -0.076506 0.824433
-0.987462 0.151484 0.044400
-0.974210 0.202441 -0.099659
-0.978695 0.090869 0.035433
-0.978695 0.090869 0.035433
0.480330 -0.076506 0.824433
-0.635057 -0.075319 0.731447
0.558431 0.252754 -0.778599
0.558431 0.252754 -0.778599
0.974804 -0.006179 0.072597
0.480330 -0.076506 0.824433
0.974804 -0.006179 0.072597
-0.596124 0.260109 -0.748035
-0.635057 -0.075319 0.731447
-0.978695 0.090869 0.035433
-0.596124 0.260109 -0.748035
0.900616 0.431634 0.050823
0.910188 0.413034 0.031003
0.910188 0.413034 0.031003
0.900616 0.431634 0.050823
0.704262 0.366287 -0.608152
0.744578 0.376264 -0.551388
0.744578 0.376264 -0.551388
0.704262 0.366287 -0.608152
-0.265526 0.058917 -0.962302
0.527454 -0.065932 -0.847021
0.704262 0.366287 -0.608152
0.900616 0.431634 0.050823
0.999948 -0.008104 0.006181
-0.545106 -0.012530 -0.838274
0.704262 0.366287 -0.608152
0.527454 -0.065932 -0.847021
-0.998567 -0.022387 0.048604
-0.497073 0.049245 0.866310
-0.298060 0.005276 0.954533
-0.997129 0.060288 0.045818
-0.998567 -0.022387 0.048604
0.999948 -0.008104 0.006181
0.900616 0.431634 0.050823
0.687157 0.372665 0.623648
0.734344 0.279135 0.618726
0.542800 0.032512 0.839233
-0.497073 0.049245 0.866310
-0.516589 0.116681 -0.846342
-0.991141 0.119832 -0.018141
-0.442968 0.148304 0.877352
0.990348 0.110444 -0.020332
-0.516589 0.116681 -0.846342
-0.265526 0.058917 -0.962302
-0.997129 0.060288 0.045818
0.559577 0.130370 0.817686
0.452997 0.105436 -0.875957
-0.991141 0.119832 -0.018141
-0.298060 0.005276 0.954533
0.734344 0.279135 0.618726
0.687157 0.372665 0.623648
-0.916490 0.290772 -0.274767
0.576748 -0.214174 0.788347
-0.916490 0.290772 -0.274767
-0.684241 -0.272198 0.676551
0.937369 -0.325340 0.124471
-0.913211 -0.389048 0.121195
0.905754 0.312797 -0.285952
0.937369 -0.325340 0.124471
-0.913211 -0.389048 0.121195
-0.684241 -0.272198 0.676551
0.576748 -0.214174 0.788347
0.905754 0.312797 -0.285952
0.012620 0.593672 -0.804608
0.900460 -0.031471 -0.433799
0.548970 0.458152 -0.699092
0.877332 0.432849 0.207196
0.243708 0.538287 0.806755
0.642504 0.000388 0.766282
0.646830 0.178960 0.741340
0.603797 0.161100 -0.780689
0.596124 0.260109 -0.748035
0.987462 0.151484 0.044400
0.974210 0.202441 -0.099659
0.978695 0.090869 0.035433
0.596124 0.260109 -0.748035
0.603797 0.161100 -0.780689
0.635057 -0.075319 0.731447
-0.480331 -0.076506 0.824433
0.987462 0.151484 0.044400
0.978695 0.090869 0.035433
0.974210 0.202441 -0.099659
0.978695 0.090869 0.035433
-0.480331 -0.076506 0.824433
-0.974804 -0.006179 0.072597
-0.558431 0.252754 -0.778599
-0.558431 0.252754 -0.778599
0.635057 -0.075319 0.731447
-0.480331 -0.076506 0.824433
-0.974804 -0.006179 0.072597
0.978695 0.090869 0.035433
0.635057 -0.075319 0.731447
0.596124 0.260109 -0.748035
0.596124 0.260109 -0.748035
-0.665382 0.155366 -0.730156
-0.988630 0.126444 0.081377
-0.439831 0.158216 0.884034
-0.558431 0.252754 -0.778599
-0.974804 -0.006179 0.072597
-0.983689 0.171534 -0.054154
0.516590 0.116681 -0.846342
0.991141 0.119832 -0.018140
0.991141 0.119832 -0.018140
0.442968 0.148305 0.877352
0.997129 0.060288 0.045818
0.265526 0.058917 -0.962302
0.516590 0.116681 -0.846342
-0.990348 0.110444 -0.020332
-0.559577 0.130370 0.817686
-0.452997 0.105436 -0.875957
-0.734344 0.279135 0.618726
-0.910188 0.413034 0.031003
-0.900616 0.431634 0.050822
-0.687157 0.372665 0.623647
-0.734344 0.279135 0.618726
-0.744578 0.376264 -0.551388
-0.704262 0.366287 -0.608152
-0.900616 0.431634 0.050822
-0.910188 0.413034 0.031003
0.265526 0.058917 -0.962302
-0.704262 0.366287 -0.608152
-0.744578 0.376264 -0.551388
-0.999948 -0.008104 0.006180
-0.900616 0.431634 0.050822
-0.704262 0.366287 -0.608152
-0.527454 -0.065932 -0.847021
-0.527454 -0.065932 -0.847021
-0.704262 0.366287 -0.608152
0.545106 -0.012530 -0.838274
0.998567 -0.022387 0.048604
0.998567 -0.022387 0.048604
0.997129 0.060288 0.045818
0.298060 0.005276 0.954533
0.497072 0.049245 0.866310
-0.900616 0.431634 0.050822
-0.999948 -0.008104 0.006180
-0.687157 0.372665 0.623647
0.298060 0.005276 0.954533
0.497072 0.049245 0.866310
-0.542800 0.032512 0.839233
128
0 15 42 16 15 42 16 1
0 4 49 5 4 49 5 1
0 42 15 43 42 15 43 1
0 6 48 45 6 48 45 1
0 7 41 50 7 41 50 1
0 49 4 44 49 4 44 1
0 44 4 8 44 4 8 1
0 46 9 47 46 9 47 1
0 10 41 7 10 41 7 1
0 46 11 9 46 11 9 1
0 51 12 52 51 12 52 1
0 51 13 12 51 13 12 1
0 14 48 6 14 48 6 1
0 18 20 19 18 20 19 1
0 20 18 21 20 18 21 1
0 20 21 17 20 21 17 1
0 88 22 83 88 22 83 1
0 88 23 22 88 23 22 1
0 83 24 87 83 24 87 1
0 83 22 24 83 22 24 1
0 25 27 26 25 27 26 1
0 82 24 28 82 24 28 1
0 29 23 30 29 23 30 1
0 29 27 23 29 27 23 1
0 81 28 31 81 28 31 1
0 32 34 33 32 34 33 1
0 89 35 80 89 35 80 1
0 88 30 23 88 30 23 1
0 36 31 28 36 31 28 1
0 24 36 28 24 36 28 1
0 24 37 36 24 37 36 1
0 24 82 87 24 82 87 1
0 37 25 26 37 25 26 1
0 30 88 84 30 88 84 1
0 28 81 82 28 81 82 1
0 35 89 38 35 89 38 1
0 23 25 22 23 25 22 1
0 22 37 24 22 37 24 1
0 34 35 38 34 35 38 1
0 39 36 40 39 36 40 1
0 25 23 27 25 23 27 1
0 35 34 32 35 34 32 1
0 31 36 39 31 36 39 1
0 37 22 25 37 22 25 1
0 90 77 76 90 77 76 1
0 78 90 76 78 90 76 1
0 78 79 90 78 79 90 1
0 0 86 85 0 86 85 1
0 86 0 1 86 0 1 1
0 91 53 92 91 53 92 1
0 91 54 53 91 54 53 1
0 55 57 56 55 57 56 1
0 55 58 57 55 58 57 1
0 59 61 60 59 61 60 1
0 62 64 63 62 64 63 1
0 62 65 64 62 65 64 1
0 66 67 85 66 67 85 1
0 66 68 67 66 68 67 1
0 69 85 86 69 85 86 1
0 69 66 85 69 66 85 1
0 70 72 71 70 72 71 1
0 70 73 72 70 73 72 1
0 74 76 75 74 76 75 1
0 74 78 76 74 78 76 1
0 125 103 102 125 103 102 1
0 134 105 104 134 105 104 1
0 103 125 129 103 125 129 1
0 126 93 128 126 93 128 1
0 132 94 133 132 94 133 1
0 105 134 127 105 134 127 1
0 105 127 95 105 127 95 1
0 96 131 130 96 131 130 1
0 132 97 94 132 97 94 1
0 98 131 96 98 131 96 1
0 99 124 135 99 124 135 1
0 100 124 99 100 124 99 1
0 126 101 93 126 101 93 1
0 108 110 109 108 110 109 1
0 110 108 106 110 108 106 1
0 106 108 107 106 108 107 1
0 136 149 137 136 149 137 1
0 136 151 149 136 151 149 1
0 137 150 138 137 150 138 1
0 137 149 150 137 149 150 1
0 139 141 140 139 141 140 1
0 138 145 111 138 145 111 1
0 139 112 136 139 112 136 1
0 139 113 112 139 113 112 1
0 111 144 114 111 144 114 1
0 115 117 116 115 117 116 1
0 118 143 142 118 143 142 1
0 112 151 136 112 151 136 1
0 114 119 111 114 119 111 1
0 120 111 119 120 111 119 1
0 120 138 111 120 138 111 1
0 145 138 150 145 138 150 1
0 141 120 140 141 120 140 1
0 151 112 148 151 112 148 1
0 144 111 145 144 111 145 1
0 143 118 121 143 118 121 1
0 141 136 137 141 136 137 1
0 120 137 138 120 137 138 1
0 118 115 121 118 115 121 1
0 119 123 122 119 123 122 1
0 136 141 139 136 141 139 1
0 115 118 117 115 118 117 1
0 119 114 123 119 114 123 1
0 137 120 141 137 120 141 1
0 152 179 178 152 179 178 1
0 180 178 179 180 178 179 1
0 180 181 178 180 181 178 1
0 146 2 147 146 2 147 1
0 2 146 3 2 146 3 1
0 153 155 154 153 155 154 1
0 153 156 155 153 156 155 1
0 157 159 158 157 159 158 1
0 157 160 159 157 160 159 1
0 161 163 162 161 163 162 1
0 164 166 165 164 166 165 1
0 164 167 166 164 167 166 1
0 168 147 169 168 147 169 1
0 168 170 147 168 170 147 1
0 170 146 147 170 146 147 1
0 170 171 146 170 171 146 1
0 172 174 173 172 174 173 1
0 172 175 174 172 175 174 1
0 181 176 178 181 176 178 1
0 181 177 176 181 177 176 1
"Mesh12" 0 12
25
0 0.170913 -0.186436 -0.675284 0.583406 0.956837 1
0 0.489673 0.170808 -0.697494 0.738962 0.767527 1
0 0.537164 0.020417 -0.138968 0.762138 0.847222 1
0 0.684687 0.609318 -0.564840 0.677879 0.578711 1
0 0.840935 0.897087 -0.196024 0.910379 0.397890 1
0 0.755381 0.339071 -0.011105 0.868628 0.693595 1
0 0.180784 0.407084 -0.877660 0.588223 0.657700 1
0 0.000000 0.491411 -1.106193 0.500000 0.613015 1
0 0.000000 0.806045 -0.874837 0.500000 0.444092 1
0 0.000000 -0.127450 0.274819 0.500000 0.925432 1
0 1.014440 0.856207 0.102953 0.971844 0.393206 1
0 0.864338 0.848110 0.145678 0.935743 0.397497 1
0 0.000000 0.319451 -0.955432 0.500000 0.704139 1
0 0.000000 0.127858 -0.924025 0.500000 0.790287 1
0 0.000000 -0.235222 -0.711753 0.500000 0.982690 1
0 -0.170913 -0.186436 -0.675285 0.416594 0.956837 1
0 -0.684687 0.759319 -0.564840 0.165871 0.471045 1
0 -0.636076 1.040179 -0.648519 0.189593 0.242724 1
0 -0.755381 0.339071 -0.011105 0.131372 0.693595 1
0 -0.840935 0.897087 -0.196025 0.089621 0.397890 1
0 -0.180784 0.407084 -0.877660 0.411777 0.657700 1
0 -0.537164 0.020417 -0.138968 0.237862 0.847222 1
0 -1.014440 0.856207 0.102953 0.028156 0.393206 1
0 -0.864338 0.848110 0.145678 0.064257 0.397497 1
0 -0.489673 0.170808 -0.697494 0.261038 0.767527 1
25
0.471833 -0.795811 -0.379550
0.706472 -0.367256 -0.604996
0.677941 -0.732821 0.058047
0.733913 -0.042762 -0.677896
0.874291 -0.464760 -0.140051
0.865137 -0.490891 0.102782
0.566213 -0.040044 -0.823286
0.000000 -0.168571 -0.985690
-0.070534 0.099927 -0.992492
0.000000 -0.937133 0.348973
0.856842 0.288490 0.427311
0.895947 -0.193578 0.399757
0.000000 -0.419161 -0.907912
0.000000 -0.324289 -0.945958
0.000000 -0.895817 -0.444422
-0.471833 -0.795811 -0.379550
-0.744057 -0.077252 -0.663635
-0.647477 -0.125141 -0.751741
-0.869940 -0.485081 0.088889
-0.973806 -0.136963 -0.181504
-0.559187 -0.044027 -0.827871
-0.677942 -0.732820 0.058047
-0.856843 0.288489 0.427311
-0.934000 -0.052221 0.353435
-0.709074 -0.353116 -0.610347
38
0 0 2 1 0 2 1 1
0 3 5 4 3 5 4 1
0 6 8 7 6 8 7 1
0 9 5 2 9 5 2 1
0 5 11 10 5 11 10 1
0 6 7 12 6 7 12 1
0 13 6 12 13 6 12 1
0 9 0 14 9 0 14 1
0 4 10 11 4 10 11 1
0 6 3 8 6 3 8 1
0 0 13 14 0 13 14 1
0 13 0 1 13 0 1 1
0 1 6 13 1 6 13 1
0 15 9 14 15 9 14 1
0 16 8 17 16 8 17 1
0 18 16 19 18 16 19 1
0 7 8 20 7 8 20 1
0 21 18 9 21 18 9 1
0 22 23 18 22 23 18 1
0 7 20 12 7 20 12 1
0 20 13 12 20 13 12 1
0 22 19 23 22 19 23 1
0 17 19 16 17 19 16 1
0 13 15 14 13 15 14 1
0 15 13 24 15 13 24 1
0 20 24 13 20 24 13 1
0 22 18 19 22 18 19 1
0 10 4 5 10 4 5 1
0 21 15 24 21 15 24 1
0 0 9 2 0 9 2 1
0 9 15 21 9 15 21 1
0 16 20 8 16 20 8 1
0 6 1 3 6 1 3 1
0 24 20 16 24 20 16 1
0 24 18 21 24 18 21 1
0 5 1 2 5 1 2 1
0 5 3 1 5 3 1 1
0 16 18 24 16 18 24 1
"Mesh13" 0 13
0
0
0

Materials: 14
"Material0"
1.000000 0.600000 0.000000 1.000000
1.000000 0.600000 0.000000 1.000000
0.000000 0.000000 0.000000 1.000000
0.000000 0.000000 0.000000 1.000000
0.000000
1.000000
""
""
"Material1"
0.600000 0.300000 0.100000 1.000000
0.600000 0.300000 0.100000 1.000000
0.000000 0.000000 0.000000 1.000000
0.000000 0.000000 0.000000 1.000000
0.000000
1.000000
""
""
"Material2"
0.100000 0.100000 0.100000 1.000000
0.100000 0.100000 0.100000 1.000000
0.000000 0.000000 0.000000 1.000000
0.000000 0.000000 0.000000 1.000000
0.000000
1.000000
""
""
"Material3"
0.500000 0.500000 0.500000 1.000000
0.700000 0.700000 0.700000 1.000000
1.000000 1.000000 1.000000 1.000000
1.000000 1.000000 1.000000 1.000000
0.000000
1.000000
""
""
"Material4"
1.000000 1.000000 1.000000 1.000000
1.000000 1.000000 1.000000 1.000000
0.000000 0.000000 0.000000 1.000000
0.000000 0.000000 0.000000 1.000000
0.000000
1.000000
""
""
"Material5"
0.962088 0.524176 0.000000 1.000000
1.000000 0.600000 0.000000 1.000000
0.000000 0.000000 0.000000 1.000000
0.000000 0.000000 0.000000 1.000000
0.000000
1.000000
""
""
"Material6"
1.000000 1.000000 1.000000 1.000000
1.000000 1.000000 1.000000 1.000000
0.000000 0.000000 0.000000 1.000000
0.000000 0.000000 0.000000 1.000000
0.000000
1.000000
"t8_sylvia_00.bmp"
""
"Material7"
1.000000 1.000000 1.000000 1.000000
1.000000 1.000000 1.000000 1.000000
0.000000 0.000000 0.000000 1.000000
0.000000 0.000000 0.000000 1.000000
0.000000
1.000000
"t9_sylvia_00.bmp"
""
"Material8"
1.000000 1.000000 1.000000 1.000000
1.000000 1.000000 1.000000 1.000000
0.000000 0.000000 0.000000 1.000000
0.000000 0.000000 0.000000 1.000000
0.000000
1.000000
"t4_sylvia_00.bmp"
""
"Material9"
1.000000 1.000000 1.000000 1.000000
1.000000 1.000000 1.000000 1.000000
0.000000 0.000000 0.000000 1.000000
0.000000 0.000000 0.000000 1.000000
0.000000
1.000000
"t5_sylvia_00.bmp"
""
"Material10"
1.000000 1.000000 1.000000 1.000000
1.000000 1.000000 1.000000 1.000000
0.000000 0.000000 0.000000 1.000000
0.000000 0.000000 0.000000 1.000000
0.000000
1.000000
"t7_sylvia_00.bmp"
""
"Material11"
1.000000 1.000000 1.000000 1.000000
1.000000 1.000000 1.000000 1.000000
0.000000 0.000000 0.000000 1.000000
0.000000 0.000000 0.000000 1.000000
0.000000
1.000000
"t6_sylvia_00.bmp"
""
"Material12"
1.000000 1.000000 1.000000 1.000000
1.000000 1.000000 1.000000 1.000000
0.000000 0.000000 0.000000 1.000000
0.000000 0.000000 0.000000 1.000000
0.000000
1.000000
"face.ini"
""
"Material13"
1.000000 1.000000 1.000000 1.000000
1.000000 1.000000 1.000000 1.000000
1.000000 1.000000 1.000000 1.000000
1.000000 1.000000 1.000000 1.000000
0.000000
1.000000
"t6_sylvia_00.bmp"
""

Bones: 16
"torso"
""
8 0 0 0 0 0 0
0
0
"head"
""
8 0 0 0 0 0 0
0
0
"pelvis"
""
8 0 0 0 0 0 0
0
0
"r lower arm"
""
8 0 0 0 0 0 0
0
0
"r foot"
""
8 0 0 0 0 0 0
0
0
"r hand"
""
8 0 0 0 0 0 0
0
0
"r leg"
""
8 0 0 0 0 0 0
0
0
"r thigh"
""
8 0 0 0 0 0 0
0
0
"r upper arm"
""
8 0 0 0 0 0 0
0
0
"neck"
""
8 0 0 0 0 0 0
0
0
"l lower arm"
""
8 0 0 0 0 0 0
0
0
"l foot"
""
8 0 0 0 0 0 0
0
0
"l hand"
""
8 0 0 0 0 0 0
0
0
"l leg"
""
8 0 0 0 0 0 0
0
0
"l thigh"
""
8 0 0 0 0 0 0
0
0
"l upper arm"
""
8 0 0 0 0 0 0
0
0
